198.80933475,0.00651747
199.01143578,0.00670408
199.21355429,0.00301338
199.41569028,0.00085702
199.61784374,0.00033866
199.82001468,0.00081555
200.02220309,0.00288897
200.22440896,-0.00057365
200.42663230,0.00064967
200.62887310,0.00251576
200.83113136,0.00502460
201.03340708,0.00125097
201.23570025,0.00301338
201.43801087,0.00293044
201.64033894,0.00529415
201.84268445,0.00349027
202.04504741,0.00251576
202.24742780,0.00228768
202.44982564,0.00297191
202.65224090,-0.00273001
202.85467360,0.00415377
203.05712372,0.00187300
203.25959128,-0.00243973
203.46207625,0.00212181
203.66457864,0.00232915
203.86709846,0.00436111
204.06963568,0.00548076
204.27219032,0.00214254
204.47476237,0.00143758
204.67735182,0.00280604
204.87995868,0.00886044
205.08258293,0.00670408
205.28522459,0.00373908
205.48788364,0.00054600
205.69056008,0.00293044
205.89325391,0.00525268
206.09596513,0.00340733
206.29869374,0.00606132
206.50143972,0.00452698
206.70420308,0.00201814
206.90698382,0.00174859
207.10978194,0.00185226
207.31259742,0.00519048
207.51543027,-0.00107127
207.71828048,0.00286824
207.92114806,0.00058747
208.12403299,0.00763712
208.32693528,0.00168639
208.52985493,0.00164492
208.73279193,-0.00200431
208.93574627,0.00817621
209.13871796,0.00467212
209.34170699,0.00330366
209.54471336,0.00127170
209.74773707,0.00315852
209.95077811,0.00023499
210.15383649,0.00052527
210.35691219,0.00319999
210.56000522,0.00245356
210.76311557,-0.00161036
210.96624324,0.00452698
211.16938823,0.00120950
211.37255053,0.00106436
211.57573015,0.00002765
211.77892707,0.00259870
211.98214130,0.00100216
212.18537284,0.00110583
212.38862167,-0.00005529
212.59188781,0.00062894
212.79517124,-0.00022117
212.99847196,0.00106436
213.20178997,0.00216328
213.40512527,0.00373908
213.60847785,0.00149978
213.81184772,0.00147904
214.01523486,-0.00254340
214.21863928,0.00363541
214.42206097,0.00402936
214.62549993,0.00276457
214.82895616,-0.00148596
215.03242966,0.00301338
215.23592042,-0.00146522
215.43942843,0.00195593
215.64295370,0.00050453
215.84649623,0.00160345
216.05005601,0.00734684
216.25363303,0.00164492
216.45722731,0.00205960
216.66083882,-0.00127861
216.86446757,-0.00015896
217.06811356,0.00062894
217.27177679,0.00575030
217.47545724,0.00257796
217.67915493,0.00031793
217.88286984,0.00264016
218.08660198,0.00365614
218.29035133,0.00697363
218.49411790,0.00660041
218.69790169,0.00164492
218.90170269,0.00104362
219.10552090,0.00378055
219.30935632,0.00319999
219.51320894,0.00013132
219.71707876,0.00017279
219.92096578,0.00585398
220.12486999,0.00044233
220.32879140,0.00363541
220.53272999,-0.00142375
220.73668578,0.00384275
220.94065875,0.00519048
221.14464890,0.00031793
221.34865623,0.00168639
221.55268073,0.00004838
221.75672241,-0.00171403
221.96078126,-0.00028337
222.16485728,-0.00235680
222.36895046,-0.00212872
222.57306080,0.00293044
222.77718831,0.00216328
222.98133297,-0.00299956
223.18549478,0.00390495
223.38967375,-0.00304103
223.59386986,0.00000691
223.79808312,0.00104362
224.00231352,0.00176932
224.20656106,0.00473432
224.41082574,0.00415377
224.61510756,0.00720170
224.81940650,0.00002765
225.02372258,-0.00078099
225.22805578,0.00046307
225.43240610,-0.00279221
225.63677355,0.00243282
225.84115811,-0.00397407
226.04555979,0.00106436
226.24997858,0.00110583
226.45441448,0.00270237
226.65886748,0.00359394
226.86333759,0.00083628
227.06782480,0.00195593
227.27232911,0.00027646
227.47685052,0.00125097
227.68138902,0.00429891
227.88594461,-0.00109200
228.09051728,0.00210107
228.29510704,0.00239135
228.49971389,0.00508681
228.70433781,0.00332439
228.90897881,0.00257796
229.11363688,0.00081555
229.31831202,0.00386349
229.52300423,0.00264016
229.72771350,0.00118876
229.93243984,0.00156198
230.13718324,0.00185226
230.34194369,0.00098142
230.54672120,0.00695289
230.75151576,0.00133390
230.95632737,0.00670408
231.16115602,0.00172786
231.36600172,-0.00049071
231.57086446,-0.00148596
231.77574423,0.00187300
231.98064104,-0.00165183
232.18555488,0.00237062
232.39048575,0.00278530
232.59543365,-0.00005529
232.80039857,-0.00134082
233.00538051,0.00421597
233.21037947,0.00226695
233.41539544,0.01559908
233.62042843,0.00268163
233.82547842,0.00123023
234.03054543,0.00591618
234.23562943,-0.00030410
234.44073044,0.00033866
234.64584845,0.00450625
234.85098345,0.00067041
235.05613545,0.00340733
235.26130444,0.00467212
235.46649041,0.00085702
235.67169337,0.00479653
235.87691331,0.00647600
236.08215023,-0.00040777
236.28740413,0.00241209
236.49267500,0.00170712
236.69796284,0.00027646
236.90326765,0.00266090
237.10858942,0.00407083
237.31392816,0.00342807
237.51928386,0.00637233
237.72465651,0.00154125
237.93004612,0.00137537
238.13545268,0.00054600
238.34087619,0.00378055
238.54631664,0.00042160
238.75177404,0.00073261
238.95724838,-0.00011749
239.16273965,0.00326219
239.36824786,0.00564663
239.57377300,0.00237062
239.77931508,0.00440258
239.98487407,0.00137537
240.19045000,0.00361467
240.39604284,0.00359394
240.60165260,-0.00225312
240.80727928,0.00081555
241.01292287,0.00280604
241.21858337,0.00351100
241.42426077,0.00191446
241.62995508,0.00423670
241.83566630,-0.00219092
242.04139441,0.00353174
242.24713941,0.00230842
242.45290131,0.00027646
242.65868010,0.00137537
242.86447578,0.00011058
243.07028835,0.00604058
243.27611779,0.00583324
243.48196412,0.00442331
243.68782732,0.00081555
243.89370739,0.00033866
244.09960434,-0.00158963
244.30551816,0.00309632
244.51144884,0.00332439
244.71739638,0.00259870
244.92336078,0.00201814
245.12934204,0.00149978
245.33534016,0.00004838
245.54135512,-0.00038704
245.74738694,0.00054600
245.95343560,0.00083628
246.15950110,0.00506607
246.36558345,-0.00073952
246.57168263,0.00166565
246.77779865,0.00089849
246.98393150,0.00398789
247.19008118,0.00199740
247.39624769,0.00413303
247.60243102,0.00234988
247.80863117,0.00506607
248.01484814,0.00197667
248.22108192,0.00158272
248.42733252,-0.00204578
248.63359993,0.00085702
248.83988415,-0.00239826
249.04618517,0.00448551
249.25250299,-0.00007603
249.45883761,0.00104362
249.66518903,0.00247429
249.87155724,-0.00080173
250.07794224,0.00425744
250.28434403,0.00135464
250.49076260,0.00672481
250.69719796,-0.00212872
250.90365009,-0.00111274
251.11011901,-0.00115421
251.31660469,0.00407083
251.52310715,0.00205960
251.72962638,0.00386349
251.93616237,0.00195593
252.14271513,0.00143758
252.34928464,-0.00038704
252.55587091,0.00216328
252.76247394,0.00044233
252.96909372,0.00276457
253.17573025,0.00237062
253.38238352,0.00062894
253.58905354,0.00168639
253.79574030,0.00025572
254.00244380,0.00071188
254.20916403,0.00711877
254.41590099,0.00510754
254.62265469,-0.00020043
254.82942511,0.00050453
255.03621225,-0.00113347
255.24301612,0.00096069
255.44983670,0.00021425
255.65667400,0.00147904
255.86352802,0.00008985
256.07039874,-0.00134082
256.27728617,-0.00076026
256.48419031,0.00481726
256.69111115,0.00396716
256.89804868,0.00093995
257.10500292,-0.00011749
257.31197384,0.00317925
257.51896146,0.00755419
257.72596577,-0.00302029
257.93298676,0.00270237
258.14002443,0.00226695
258.34707878,0.00062894
258.55414981,-0.00096760
258.76123752,-0.00065659
258.96834190,0.00780300
259.17546294,-0.00125788
259.38260065,-0.00057365
259.58975502,0.00040086
259.79692606,0.00143758
260.00411375,0.00172786
260.21131810,-0.00528033
260.41853909,0.00313779
260.62577674,0.00033866
260.83303103,0.00392569
261.04030197,-0.00304103
261.24758955,0.00035939
261.45489377,0.00164492
261.66221462,0.00145831
261.86955210,0.00417450
262.07690622,0.00152051
262.28427696,-0.00161036
262.49166433,-0.00368379
262.69906831,0.00523195
262.90648892,-0.00061512
263.11392614,0.00112656
263.32137998,0.00485873
263.52885042,0.00210107
263.73633747,0.00506607
263.94384113,-0.00210798
264.15136139,0.00382202
264.35889825,0.00616499
264.56645171,0.00419523
264.77402176,0.00149978
264.98160840,0.00131317
265.18921163,-0.00034557
265.39683144,-0.00024190
265.60446784,0.00599912
265.81212081,0.00015205
266.01979037,0.00162418
266.22747650,-0.00034557
266.43517920,0.00216328
266.64289847,-0.00219092
266.85063430,0.00083628
267.05838670,-0.00046998
267.26615566,0.00203887
267.47394117,-0.00304103
267.68174324,-0.00179697
267.88956187,0.00398789
268.09739704,0.00218401
268.30524876,0.00411230
268.51311702,0.00674555
268.72100183,-0.00343498
268.92890317,-0.00229459
269.13682105,-0.00005529
269.34475546,-0.00266781
269.55270640,0.00089849
269.76067387,0.00174859
269.96865786,-0.00080173
270.17665838,-0.00076026
270.38467541,0.00089849
270.59270896,0.00176932
270.80075902,0.00052527
271.00882560,0.00181079
271.21690868,0.00019352
271.42500826,0.00274384
271.63312435,0.00378055
271.84125694,-0.00009676
272.04940602,0.00680775
272.25757160,0.00168639
272.46575367,0.00548076
272.67395223,0.00060821
272.88216727,0.00006911
273.09039880,0.00695289
273.29864681,-0.00163110
273.50691129,0.00168639
273.71519225,0.00232915
273.92348968,-0.00078099
274.13180358,0.00042160
274.34013395,0.00035939
274.54848077,0.00208034
274.75684406,0.00013132
274.96522381,0.00212181
275.17362001,-0.00291662
275.38203267,0.00465139
275.59046177,0.00181079
275.79890732,0.00174859
276.00736932,0.00299265
276.21584776,-0.00154816
276.42434263,-0.00115421
276.63285394,-0.00384966
276.84138169,-0.00084319
277.04992586,0.00110583
277.25848646,0.00208034
277.46706349,-0.00030410
277.67565694,-0.00262634
277.88426680,-0.00202505
278.09289309,-0.00055291
278.30153578,-0.00291662
278.51019489,0.00434037
278.71887041,0.00158272
278.92756233,0.00270237
279.13627065,0.00373908
279.34499537,0.00311705
279.55373649,0.00264016
279.76249401,0.00753345
279.97126791,0.00276457
280.18005820,0.00158272
280.38886488,0.00183153
280.59768795,-0.00148596
280.80652739,0.00189373
281.01538321,-0.00028337
281.22425540,0.00243282
281.43314397,0.00112656
281.64204891,0.00127170
281.85097021,0.00259870
282.05990788,0.00315852
282.26886190,0.00158272
282.47783229,-0.00154816
282.68681903,0.00317925
282.89582212,-0.00088466
283.10484156,0.00114730
283.31387735,0.00046307
283.52292949,-0.00096760
283.73199796,-0.00013823
283.94108277,0.00295118
284.15018392,-0.00171403
284.35930141,0.00118876
284.56843522,0.00131317
284.77758536,0.00307558
284.98675183,0.00002765
285.19593461,0.00554296
285.40513372,0.00288897
285.61434914,0.00243282
285.82358088,-0.00391187
286.03282893,0.00054600
286.24209328,0.00369761
286.45137395,0.00096069
286.66067091,0.00319999
286.86998417,0.00038013
287.07931373,0.00326219
287.28865959,0.00288897
287.49802174,0.00023499
287.70740017,0.00158272
287.91679489,-0.00038704
288.12620590,0.00060821
288.33563318,-0.00067732
288.54507675,0.00307558
288.75453658,-0.00055291
288.96401269,-0.00040777
289.17350507,0.00085702
289.38301372,0.00402936
289.59253863,0.00183153
289.80207980,0.00519048
290.01163723,0.00075335
290.22121091,0.00280604
290.43080085,0.00431964
290.64040703,0.00143758
290.85002947,0.00243282
291.05966815,0.00237062
291.26932307,0.00330366
291.47899422,0.00143758
291.68868162,0.00392569
291.89838525,0.00033866
292.10810511,0.00575030
292.31784119,0.00212181
292.52759350,-0.00069805
292.73736204,0.00541856
292.94714679,0.00112656
293.15694776,0.00025572
293.36676494,-0.00020043
293.57659834,0.00210107
293.78644794,0.00029719
293.99631375,-0.00165183
294.20619576,0.00230842
294.41609397,0.00689069
294.62600838,0.00203887
294.83593898,0.00336586
295.04588578,0.00091922
295.25584876,-0.00125788
295.46582793,-0.00044924
295.67582328,0.00170712
295.88583481,-0.00179697
296.09586253,0.00127170
296.30590641,0.00191446
296.51596647,-0.00007603
296.72604270,-0.00167256
296.93613509,0.00421597
297.14624365,-0.00374599
297.35636837,-0.00026263
297.56650925,-0.00007603
297.77666629,0.00152051
297.98683947,-0.00335204
298.19702881,0.00110583
298.40723429,0.00170712
298.61745592,0.00297191
298.82769369,0.00322072
299.03794760,0.00709803
299.24821765,-0.00192138
299.45850383,0.00373908
299.66880614,0.00075335
299.87912458,-0.00337277
300.08945914,-0.00237753
300.29980983,0.00241209
300.51017663,0.00110583
300.72055955,0.00666261
300.93095859,0.00187300
301.14137374,-0.00042851
301.35180499,-0.00258487
301.56225235,-0.00022117
301.77271582,-0.00384966
301.98319538,0.00985569
302.19369105,-0.00308249
302.40420280,-0.00144449
302.61473065,0.00293044
302.82527459,0.00199740
303.03583461,-0.00090540
303.24641072,-0.00082246
303.45700291,0.00064967
303.66761117,0.00000691
303.87823552,0.00604058
304.08887593,0.00141684
304.29953241,-0.00142375
304.51020496,-0.00362159
304.72089358,0.00417450
304.93159825,0.00264016
305.14231899,-0.00078099
305.35305578,0.00266090
305.56380862,0.00214254
305.77457752,0.00137537
305.98536246,0.00185226
306.19616344,0.00083628
306.40698047,0.00183153
306.61781354,0.00064967
306.82866264,0.00278530
307.03952778,0.00160345
307.25040895,0.00174859
307.46130614,0.00317925
307.67221937,-0.00086393
307.88314861,-0.00105054
308.09409387,0.00415377
308.30505515,0.00052527
308.51603245,0.00280604
308.72702576,-0.00069805
308.93803507,0.00069114
309.14906039,0.00073261
309.36010172,-0.00007603
309.57115904,0.00398789
309.78223236,0.00042160
309.99332168,0.00191446
310.20442699,0.00492093
310.41554829,0.00046307
310.62668557,-0.00243973
310.83783884,0.00303411
311.04900809,-0.00459610
311.26019332,0.00017279
311.47139452,0.00075335
311.68261169,0.00218401
311.89384484,0.00098142
312.10509395,0.00139611
312.31635903,0.00380128
312.52764007,-0.00007603
312.73893706,-0.00158963
312.95025002,-0.00044924
313.16157892,-0.00173477
313.37292378,0.00444405
313.58428458,0.00170712
313.79566133,-0.00057365
314.00705402,0.00224621
314.21846266,0.00110583
314.42988722,-0.00057365
314.64132772,0.00208034
314.85278416,-0.00107127
315.06425652,0.00832135
315.27574480,-0.00239826
315.48724901,0.00154125
315.69876914,-0.00129935
315.91030518,0.00110583
316.12185715,-0.00005529
316.33342502,0.00069114
316.54500880,0.00278530
316.75660848,0.00388422
316.96822407,-0.00009676
317.17985556,0.00011058
317.39150295,0.00035939
317.60316624,0.00228768
317.81484541,0.00106436
318.02654048,0.00303411
318.23825143,0.00369761
318.44997826,0.00013132
318.66172098,0.00096069
318.87347957,0.00539782
319.08525404,0.00056674
319.29704439,0.00208034
319.50885060,-0.00055291
319.72067268,0.00322072
319.93251063,0.00025572
320.14436443,0.00019352
320.35623410,0.00622719
320.56811962,0.00386349
320.78002100,0.00017279
320.99193822,-0.00051145
321.20387130,-0.00053218
321.41582021,0.00104362
321.62778498,0.00363541
321.83976558,0.00284751
322.05176201,0.00375981
322.26377428,-0.00049071
322.47580239,0.00359394
322.68784632,0.00394642
322.89990607,0.00172786
323.11198165,0.00025572
323.32407305,0.00326219
323.53618027,0.00056674
323.74830330,0.00006911
323.96044215,0.00081555
324.17259680,0.00375981
324.38476726,0.00506607
324.59695352,0.00091922
324.80915558,0.00091922
325.02137344,-0.00001382
325.23360710,0.00035939
325.44585655,0.00166565
325.65812178,0.00477579
325.87040281,-0.00190064
326.08269962,0.00315852
326.29501221,-0.00252267
326.50734058,0.00201814
326.71968472,0.00019352
326.93204464,0.00533562
327.14442032,0.00444405
327.35681178,0.00471359
327.56921900,-0.00281295
327.78164198,0.00208034
327.99408072,-0.00011749
328.20653522,0.00044233
328.41900547,-0.00140302
328.63149147,0.00145831
328.84399322,0.00089849
329.05651071,0.00282677
329.26904395,-0.00055291
329.48159293,0.00274384
329.69415764,-0.00100907
329.90673809,0.00106436
330.11933427,0.00116803
330.33194617,0.00222548
330.54457381,0.00077408
330.75721716,-0.00281295
330.96987624,-0.00007603
331.18255104,0.00286824
331.39524154,0.00575030
331.60794777,0.00091922
331.82066970,-0.00055291
332.03340733,0.00042160
332.24616067,0.00473432
332.45892971,0.00398789
332.67171445,0.00278530
332.88451489,0.00160345
333.09733102,0.00274384
333.31016283,0.00027646
333.52301034,-0.00123714
333.73587352,-0.00080173
333.94875239,-0.00233606
334.16164694,-0.00136155
334.37455717,-0.00304103
334.58748306,0.00268163
334.80042463,0.00309632
335.01338187,-0.00225312
335.22635477,0.00141684
335.43934333,0.00044233
335.65234755,0.00473432
335.86536743,0.00336586
336.07840296,0.00035939
336.29145415,-0.00246047
336.50452098,0.00193520
336.71760345,0.00222548
336.93070157,0.00268163
337.14381533,0.00023499
337.35694473,-0.00063585
337.57008976,0.00512828
337.78325042,-0.00020043
337.99642671,-0.00136155
338.20961863,0.00232915
338.42282617,0.00317925
338.63604933,-0.00320690
338.84928810,-0.00134082
339.06254250,0.00326219
339.27581250,0.00147904
339.48909812,0.00077408
339.70239934,0.00572957
339.91571616,0.00133390
340.12904859,0.00170712
340.34239661,-0.00266781
340.55576023,0.00409156
340.76913945,0.00299265
340.98253425,0.00141684
341.19594464,0.00023499
341.40937061,-0.00088466
341.62281217,0.00210107
341.83626930,0.00678702
342.04974201,0.00054600
342.26323030,-0.00183844
342.47673415,0.00212181
342.69025357,0.00626866
342.90378856,-0.00100907
343.11733911,0.00427817
343.33090522,0.00131317
343.54448688,0.00118876
343.75808410,-0.00069805
343.97169687,0.00067041
344.18532519,-0.00055291
344.39896906,0.00199740
344.61262847,-0.00196284
344.82630341,0.00276457
345.03999390,0.00230842
345.25369992,0.00299265
345.46742147,0.00643453
345.68115855,0.00259870
345.89491115,0.00193520
346.10867928,-0.00009676
346.32246293,0.00062894
346.53626210,-0.00046998
346.75007679,-0.00175550
346.96390698,0.00220474
347.17775269,0.00133390
347.39161390,-0.00243973
347.60549061,0.00234988
347.81938283,0.00069114
348.03329055,0.00154125
348.24721376,0.00064967
348.46115246,0.00494167
348.67510665,-0.00071879
348.88907634,0.00264016
349.10306150,-0.00042851
349.31706215,-0.00217019
349.53107828,-0.00055291
349.74510988,0.00019352
349.95915696,0.00189373
350.17321950,0.00353174
350.38729752,0.00421597
350.60139100,0.00035939
350.81549994,0.00013132
351.02962435,-0.00202505
351.24376421,0.00170712
351.45791952,-0.00063585
351.67209028,-0.00046998
351.88627650,-0.00239826
352.10047816,0.00123023
352.31469526,0.00123023
352.52892780,0.00259870
352.74317578,0.00419523
352.95743919,0.00081555
353.17171804,-0.00040777
353.38601232,0.00259870
353.60032202,-0.00049071
353.81464714,0.00606132
354.02898769,-0.00254340
354.24334365,-0.00150669
354.45771503,-0.00345571
354.67210182,0.00286824
354.88650403,0.00319999
355.10092164,0.00392569
355.31535465,0.00035939
355.52980306,0.00815548
355.74426687,0.00307558
355.95874608,0.00230842
356.17324069,0.00185226
356.38775068,-0.00113347
356.60227606,0.00195593
356.81681682,-0.00391187
357.03137297,-0.00036631
357.24594449,0.00154125
357.46053139,0.00280604
357.67513367,0.00471359
357.88975132,0.00405009
358.10438433,-0.00003456
358.31903271,0.00098142
358.53369645,0.00222548
358.74837556,-0.00552914
358.96307002,0.00249502
359.17777983,-0.00256414
359.39250499,-0.00020043
359.60724551,0.00278530
359.82200137,0.00081555
360.03677257,-0.00258487
360.25155911,-0.00214945
360.46636100,0.00000691
360.68117821,-0.00333131
360.89601076,-0.00221166
361.11085864,0.00189373
361.32572184,-0.00465830
361.54060037,0.00332439
361.75549422,0.00218401
361.97040338,0.00458919
362.18532786,0.00421597
362.40026766,0.00002765
362.61522276,-0.00011749
362.83019318,0.00523195
363.04517889,-0.00127861
363.26017991,0.00093995
363.47519623,-0.00100907
363.69022784,0.00216328
363.90527474,-0.00017970
364.12033694,0.00392569
364.33541442,-0.00136155
364.55050719,-0.00076026
364.76561524,-0.00175550
364.98073857,0.00013132
365.19587718,0.00004838
365.41103106,0.00131317
365.62620021,-0.00063585
365.84138463,0.00058747
366.05658432,0.00160345
366.27179927,0.00326219
366.48702948,-0.00117494
366.70227494,-0.00132008
366.91753566,0.00158272
367.13281163,0.00048380
367.34810285,-0.00347645
367.56340932,-0.00017970
367.77873103,0.00141684
367.99406798,0.00108509
368.20942017,-0.00258487
368.42478759,0.00060821
368.64017025,-0.00146522
368.85556813,0.00230842
369.07098125,-0.00030410
369.28640958,0.00050453
369.50185314,0.00195593
369.71731191,0.00334513
369.93278590,-0.00360085
370.14827511,0.00253649
370.36377952,-0.00289589
370.57929914,0.00093995
370.79483397,0.00301338
371.01038400,-0.00026263
371.22594922,0.00087775
371.44152965,0.00106436
371.65712526,0.00008985
371.87273607,-0.00241900
372.08836206,0.00170712
372.30400324,0.00203887
372.51965960,-0.00105054
372.73533114,0.00492093
372.95101786,-0.00262634
373.16671976,0.00477579
373.38243682,0.00264016
373.59816905,0.00195593
373.81391645,-0.00217019
374.02967901,0.00398789
374.24545673,-0.00080173
374.46124961,-0.00146522
374.67705764,-0.00030410
374.89288082,-0.00146522
375.10871916,-0.00144449
375.32457264,0.00185226
375.54044126,-0.00071879
375.75632503,0.00680775
375.97222393,-0.00007603
376.18813797,-0.00368379
376.40406713,0.00067041
376.62001143,0.00019352
376.83597086,-0.00347645
377.05194541,-0.00026263
377.26793508,0.00164492
377.48393987,0.00193520
377.69995978,0.00224621
377.91599480,0.00015205
378.13204493,0.00060821
378.34811016,0.00317925
378.56419050,0.00440258
378.78028595,0.00266090
378.99639649,-0.00173477
379.21252213,-0.00109200
379.42866286,0.00220474
379.64481868,-0.00221166
379.86098960,0.00597838
380.07717559,0.00091922
380.29337667,0.00054600
380.50959283,-0.00279221
380.72582407,0.00324146
380.94207038,0.00212181
381.15833176,-0.00076026
381.37460821,0.00042160
381.59089972,-0.00032484
381.80720630,0.00264016
382.02352794,-0.00020043
382.23986464,0.00164492
382.45621639,0.00120950
382.67258319,0.00116803
382.88896505,0.00135464
383.10536195,0.00241209
383.32177389,0.00183153
383.53820087,0.00044233
383.75464289,0.00085702
383.97109995,0.00031793
384.18757204,-0.00219092
384.40405916,-0.00053218
384.62056131,-0.00393260
384.83707848,-0.00063585
385.05361067,-0.00028337
385.27015788,0.00193520
385.48672011,0.00390495
385.70329735,0.00328293
385.91988960,0.00384275
386.13649686,0.00035939
386.35311912,0.00268163
386.56975639,0.00131317
386.78640865,0.00025572
387.00307592,0.00058747
387.21975817,-0.00146522
387.43645542,0.00013132
387.65316765,0.00025572
387.86989487,0.00172786
388.08663707,0.00118876
388.30339426,-0.00109200
388.52016641,0.00125097
388.73695355,0.00259870
388.95375565,0.00361467
389.17057273,-0.00111274
389.38740477,0.00365614
389.60425177,0.00307558
389.82111374,-0.00198358
390.03799066,0.00494167
390.25488253,-0.00053218
390.47178936,0.00038013
390.68871114,0.00201814
390.90564787,-0.00036631
391.12259954,-0.00098833
391.33956614,0.00195593
391.55654769,0.00029719
391.77354418,0.00127170
391.99055559,0.00077408
392.20758194,0.00008985
392.42462321,0.00123023
392.64167941,0.00276457
392.85875053,0.00226695
393.07583657,-0.00121641
393.29293752,0.00301338
393.51005339,0.00425744
393.72718417,0.00237062
393.94432986,0.00386349
394.16149045,0.00091922
394.37866594,0.00083628
394.59585634,0.00185226
394.81306163,0.00317925
395.03028181,0.00230842
395.24751689,0.00633086
395.46476685,0.00205960
395.68203170,0.00276457
395.89931143,0.00498314
396.11660604,0.00261943
396.33391553,0.00332439
396.55123990,0.00040086
396.76857913,0.00143758
396.98593324,0.00521121
397.20330221,-0.00214945
397.42068604,0.00205960
397.63808474,-0.00059438
397.85549829,0.00494167
398.07292670,0.00471359
398.29036996,0.00315852
398.50782807,0.00330366
398.72530103,0.00405009
398.94278883,0.00187300
399.16029147,0.00307558
399.37780895,-0.00024190
399.59534127,0.00575030
399.81288841,0.00450625
400.03045039,0.00475506
400.24802720,0.00867384
400.46561883,0.00205960
400.68322529,0.00135464
400.90084656,0.00259870
401.11848265,0.00579177
401.33613355,0.00299265
401.55379926,0.00093995
401.77147978,0.00606132
401.98917511,0.00736758
402.20688524,0.00141684
402.42461017,0.00218401
402.64234989,0.00531488
402.86010441,-0.00011749
403.07787372,0.00631013
403.29565782,0.00458919
403.51345670,0.00201814
403.73127037,0.00471359
403.94909882,0.00104362
404.16694205,0.00465139
404.38480005,0.00234988
404.60267282,0.00330366
404.82056036,0.00044233
405.03846267,0.00492093
405.25637974,0.00759565
405.47431157,0.00452698
405.69225816,0.00293044
405.91021951,0.00467212
406.12819561,0.00062894
406.34618645,0.00079481
406.56419205,0.00222548
406.78221239,0.00195593
407.00024747,0.00697363
407.21829729,-0.00100907
407.43636184,0.00676628
407.65444113,0.00606132
407.87253515,0.00759565
408.09064390,0.00282677
408.30876737,0.00448551
408.52690556,0.00784447
408.74505847,0.00268163
408.96322610,0.00747125
409.18140844,0.00237062
409.39960550,0.00311705
409.61781726,0.00593691
409.83604372,0.00504534
410.05428489,0.00579177
410.27254076,0.00137537
410.49081133,0.00786520
410.70909659,0.00498314
410.92739654,0.00438184
411.14571118,0.00703583
411.36404051,0.00541856
411.58238452,0.00817621
411.80074321,0.00317925
412.01911658,0.00697363
412.23750462,0.00821768
412.45590734,0.00570884
412.67432472,0.00425744
412.89275677,0.00606132
413.11120349,0.00442331
413.32966486,0.00309632
413.54814090,0.00367688
413.76663159,0.00521121
413.98513693,0.00152051
414.20365692,0.00118876
414.42219156,0.00479653
414.64074084,0.00205960
414.85930477,0.00351100
415.07788333,0.00147904
415.29647653,0.00485873
415.51508437,0.00187300
415.73370683,0.00145831
415.95234392,0.00382202
416.17099564,0.00622719
416.38966198,0.00614426
416.60834294,0.00458919
416.82703851,0.00570884
417.04574870,-0.00015896
417.26447350,0.00378055
417.48321291,0.00531488
417.70196692,0.00064967
417.92073554,0.00639307
418.13951875,0.00657967
418.35831657,0.00147904
418.57712898,0.00222548
418.79595598,0.00678702
419.01479757,0.00890191
419.23365374,0.00375981
419.45252450,0.00135464
419.67140984,0.00769933
419.89030975,0.00788593
420.10922425,0.01049845
420.32815331,0.00243282
420.54709694,0.00637233
420.76605514,0.00301338
420.98502791,0.00490020
421.20401523,-0.00073952
421.42301712,0.00326219
421.64203356,0.00577104
421.86106455,0.00454772
422.08011009,0.00471359
422.29917018,0.00686995
422.51824482,0.00378055
422.73733399,0.00234988
422.95643771,0.00657967
423.17555596,0.00521121
423.39468875,0.00508681
423.61383606,0.00415377
423.83299790,0.00255723
424.05217427,0.00523195
424.27136516,0.00686995
424.49057057,0.00467212
424.70979050,0.00516974
424.92902494,0.00483800
425.14827390,0.00365614
425.36753736,0.00483800
425.58681532,0.01039478
425.80610779,0.00749198
426.02541476,0.00979349
426.24473623,0.00264016
426.46407219,0.00803107
426.68342265,0.00382202
426.90278759,0.00742978
427.12216702,0.00678702
427.34156093,0.00458919
427.56096933,0.01062286
427.78039220,0.01089240
427.99982955,0.00496240
428.21928137,0.00508681
428.43874766,0.00282677
428.65822841,0.00610279
428.87772363,0.00904705
429.09723331,0.00519048
429.31675745,0.00050453
429.53629605,0.00191446
429.75584910,0.00647600
429.97541660,0.00815548
430.19499854,0.00315852
430.41459494,0.01020817
430.63420577,0.00782373
430.85383104,0.00558443
431.07347075,0.00655894
431.29312489,0.01074726
431.51279347,0.00662114
431.73247647,0.00666261
431.95217390,0.00604058
432.17188574,0.00883971
432.39161201,0.00490020
432.61135270,0.00467212
432.83110780,0.00801034
433.05087731,0.01248894
433.27066123,0.00492093
433.49045956,0.00852870
433.71027229,0.00703583
433.93009942,0.00921293
434.14994095,0.00639307
434.36979687,0.00749198
434.58966718,0.00792740
434.80955189,0.00784447
435.02945098,0.00842502
435.24936445,0.01429282
435.46929230,0.01047772
435.68923454,0.00971055
435.90919115,0.01024964
436.12916213,0.00973128
436.34914748,0.01182545
436.56914720,0.00848723
436.78916128,0.00718097
437.00918972,0.00823842
437.22923252,0.00734684
437.44928968,0.01002156
437.66936119,0.00846649
437.88944706,0.01091314
438.10954727,0.01024964
438.32966182,0.01014597
438.54979072,0.01012523
438.76993395,0.01682240
438.99009153,0.01439649
439.21026343,0.01383667
439.43044967,0.01537101
439.65065024,0.01700901
439.87086513,0.01279996
440.09109434,0.01170104
440.31133788,0.01083020
440.53159573,0.01568202
440.75186789,0.00931660
440.97215437,0.01224013
441.19245516,0.01420989
441.41277025,0.01470751
441.63309964,0.01292436
441.85344334,0.01468677
442.07380133,0.01203279
442.29417362,0.01412695
442.51456020,0.01360859
442.73496107,0.01404401
442.95537623,0.01454163
443.17580567,0.01746517
443.39624939,0.01796279
443.61670739,0.01452090
443.83717967,0.01530880
444.05766622,0.01400254
444.27816704,0.01671873
444.49868212,0.01053992
444.71921147,0.01186691
444.93975509,0.01584789
445.16031296,0.01707122
445.38088508,0.01543321
445.60147147,0.01362933
445.82207210,0.01255114
446.04268698,0.01435503
446.26331610,0.02032650
446.48395947,0.00954468
446.70461707,0.01340125
446.92528892,0.01161810
447.14597499,0.01481118
447.36667530,0.00952394
447.58738984,0.01887510
447.80811860,0.01352566
448.02886158,0.01209499
448.24961879,0.01425135
448.47039021,0.01416842
448.69117585,0.01928978
448.91197570,0.01452090
449.13278975,0.00886044
449.35361802,0.01232307
449.57446049,0.01505999
449.79531715,0.00801034
450.01618802,0.00995936
450.23707308,0.01002156
450.45797234,0.01601377
450.67888578,0.01429282
450.89981341,0.01273775
451.12075522,0.01603450
451.34171122,0.01676020
451.56268139,0.01976667
451.78366574,0.01702975
452.00466426,0.01852261
452.22567696,0.01120342
452.44670382,0.01354639
452.66774484,0.01018744
452.88880003,0.01812866
453.10986938,0.01313170
453.33095288,0.01657359
453.55205053,0.01271702
453.77316234,0.00900558
453.99428830,0.01398181
454.21542840,0.01304877
454.43658264,0.01588936
454.65775102,0.01242674
454.87893354,0.01667726
455.10013019,0.01472824
455.32134098,0.01912391
455.54256589,0.01817013
455.76380493,0.01170104
455.98505809,0.01649066
456.20632537,0.01897877
456.42760677,0.01547468
456.64890229,0.01609670
456.87021191,0.01902024
457.09153565,0.01468677
457.31287349,0.01688461
457.53422544,0.02125954
457.75559149,0.02013989
457.97697163,0.01617964
458.19836587,0.01719562
458.41977420,0.01785912
458.64119663,0.02136321
458.86263313,0.01819087
459.08408373,0.02165349
459.30554840,0.01993254
459.52702716,0.02613209
459.74851999,0.01495632
459.97002689,0.02609062
460.19154786,0.02036796
460.41308290,0.02169496
460.63463201,0.01924831
460.85619518,0.01690534
461.07777241,0.01860555
461.29936369,0.02132174
461.52096903,0.02414160
461.74258841,0.02088632
461.96422185,0.02040943
462.18586933,0.02136321
462.40753086,0.02237919
462.62920642,0.02138394
462.85089602,0.01984961
463.07259966,0.02231699
463.29431733,0.01966300
463.51604902,0.01958006
463.73779475,0.01875069
463.95955449,0.02206817
464.18132826,0.02764569
464.40311604,0.01854335
464.62491784,0.02128027
464.84673365,0.02198524
465.06856347,0.02515758
465.29040730,0.02204744
465.51226513,0.02347810
465.73413696,0.02146688
465.95602279,0.02571741
466.17792261,0.02445262
466.39983643,0.02822625
466.62176424,0.02453555
466.84370603,0.03081804
467.06566181,0.02762496
467.28763157,0.02803964
467.50961531,0.02596622
467.73161303,0.02636017
467.95362472,0.02322929
468.17565038,0.03173034
468.39769001,0.02497097
468.61974360,0.02492950
468.84181116,0.02488803
469.06389267,0.03301587
469.28598814,0.02733468
469.50809757,0.03425992
469.73022094,0.03307807
469.95235827,0.03048629
470.17450954,0.02797744
470.39667475,0.02704440
470.61885390,0.02808111
470.84104699,0.03036188
471.06325402,0.03334762
471.28547498,0.02770790
471.50770986,0.03023748
471.72995867,0.02424527
471.95222141,0.02256580
472.17449806,0.02557227
472.39678864,0.02426601
472.61909313,0.02548933
472.84141153,0.02306342
473.06374384,0.03241457
473.28609005,0.02963618
473.50845017,0.02503317
473.73082420,0.02712734
473.95321212,0.02553080
474.17561393,0.03029968
474.39802964,0.02621503
474.62045924,0.02866167
474.84290273,0.02366471
475.06536010,0.02998867
475.28783136,0.02696146
475.51031649,0.02762496
475.73281550,0.02436968
475.95532838,0.02273167
476.17785513,0.02521978
476.40039575,0.02835066
476.62295024,0.02658825
476.84551859,0.02768716
477.06810080,0.02801891
477.29069686,0.02847506
477.51330678,0.02544786
477.73593055,0.03040335
477.95856817,0.02731394
478.18121963,0.02947031
478.40388494,0.03063143
478.62656409,0.03224870
478.84925707,0.02799818
479.07196389,0.02814332
479.29468455,0.02884828
479.51741903,0.03258045
479.74016733,0.02542713
479.96292946,0.02899342
480.18570542,0.02963618
480.40849519,0.02551006
480.63129877,0.02891048
480.85411617,0.02907636
481.07694738,0.02542713
481.29979239,0.02791524
481.52265121,0.02642237
481.74552383,0.02677485
481.96841025,0.02434894
482.19131046,0.02768716
482.41422447,0.02345737
482.63715227,0.02658825
482.86009385,0.02374765
483.08304922,0.02351957
483.30601837,0.02283534
483.52900130,0.02700293
483.75199801,0.02206817
483.97500849,0.02526125
484.19803274,0.02787377
484.42107076,0.02281461
484.64412255,0.02932517
484.86718810,0.02548933
485.09026741,0.02032650
485.31336047,0.02329150
485.53646729,0.02490877
485.75958786,0.02441115
485.98272218,0.02225478
486.20587024,0.01825307
486.42903205,0.02217185
486.65220760,0.02215111
486.87539689,0.02797744
487.09859991,0.02700293
487.32181666,0.02354031
487.54504715,0.02851653
487.76829136,0.02648457
487.99154929,0.02837139
488.21482094,0.02886901
488.43810631,0.02629797
488.66140540,0.03361716
488.88471820,0.02909709
489.10804471,0.03117052
489.33138493,0.03318174
489.55473885,0.03585646
489.77810647,0.03670657
490.00148780,0.03768108
490.22488281,0.03807503
490.44829153,0.04054241
490.67171393,0.03486122
490.89515002,0.03894587
491.11859979,0.04104003
491.34206325,0.04139251
491.56554038,0.03705905
491.78903120,0.04120591
492.01253568,0.03805430
492.23605384,0.04112297
492.45958567,0.04037653
492.68313116,0.04230482
492.90669031,0.03639555
493.13026312,0.03560765
493.35384960,0.03158520
493.57744972,0.03067290
493.80106350,0.03326468
494.02469092,0.03442580
494.24833200,0.03326468
494.47198671,0.03618821
494.69565507,0.03102538
494.91933706,0.03763961
495.14303269,0.03146080
495.36674195,0.02938737
495.59046484,0.03334762
495.81420136,0.03345129
496.03795150,0.02928370
496.26171526,0.03181328
496.48549264,0.03168888
496.70928364,0.03423919
496.93308825,0.03502709
497.15690647,0.03942276
497.38073830,0.03448800
497.60458373,0.04002405
497.82844276,0.04520762
498.05231539,0.03819944
498.27620162,0.03635409
498.50010144,0.03830311
498.72401485,0.03614674
498.94794185,0.04101930
499.17188244,0.03577353
499.39583661,0.03803356
499.61980435,0.03237311
499.84378568,0.04060461
500.06778058,0.03724566
500.29178904,0.03994111
500.51581108,0.03600160
500.73984668,0.04145472
500.96389585,0.03824090
501.18795858,0.03566986
501.41203486,0.04120591
501.63612470,0.03550398
501.86022809,0.04139251
502.08434503,0.04392209
502.30847551,0.04176573
502.53261954,0.04284391
502.75677711,0.03488195
502.98094822,0.03960937
503.20513286,0.03863486
503.42933104,0.03701758
503.65354274,0.03494416
503.87776797,0.03311954
504.10200673,0.03038262
504.32625901,0.03745300
504.55052480,0.03465388
504.77480411,0.03085950
504.99909694,0.02810185
505.22340327,0.03392818
505.44772312,0.02810185
505.67205646,0.02768716
505.89640331,0.02725174
506.12076366,0.02314636
506.34513750,0.02370618
506.56952484,0.02586255
506.79392567,0.02499171
507.01833999,0.02810185
507.24276779,0.02895195
507.46720907,0.02938737
507.69166384,0.02754202
507.91613208,0.02623576
508.14061380,0.02793597
508.36510898,0.02868241
508.58961764,0.03338909
508.81413976,0.03158520
509.03867534,0.03533811
509.26322439,0.03073510
509.48778689,0.03224870
509.71236285,0.03807503
509.93695226,0.03428066
510.16155512,0.03295367
510.38617142,0.03311954
510.61080117,0.03237311
510.83544436,0.03243531
511.06010099,0.03444653
511.28477105,0.03894587
511.50945454,0.03913248
511.73415147,0.03651996
511.95886182,0.03546251
512.18358560,0.03361716
512.40832280,0.02723101
512.63307341,0.03361716
512.85783745,0.03233164
513.08261489,0.02918003
513.30740575,0.03042408
513.53221001,0.03015454
513.75702768,0.03054849
513.98185875,0.02621503
514.20670322,0.02787377
514.43156109,0.02893122
514.65643235,0.02702366
514.88131700,0.03007160
515.10621504,0.03527590
515.33112647,0.02934590
515.55605128,0.03075583
515.78098946,0.03063143
516.00594103,0.02832992
516.23090597,0.02704440
516.45588428,0.03233164
516.68087596,0.02582108
516.90588100,0.02963618
517.13089941,0.02617356
517.35593118,0.02793597
517.58097631,0.02422454
517.80603479,0.02754202
518.03110663,0.02146688
518.25619181,0.02563447
518.48129034,0.02181936
518.70640222,0.02515758
518.93152743,0.02584181
519.15666598,0.02851653
519.38181787,0.02318782
519.60698310,0.02839213
519.83216165,0.02397573
520.05735353,0.02175716
520.28255873,0.02051310
520.50777726,0.02103146
520.73300910,0.02380985
520.95825426,0.02312562
521.18351273,0.02886901
521.40878452,0.02698220
521.63406961,0.02331223
521.85936801,0.02327076
522.08467971,0.02289755
522.31000471,0.02138394
522.53534300,0.02563447
522.76069459,0.02845433
522.98605947,0.02874461
523.21143764,0.02878608
523.43682910,0.03218650
523.66223383,0.03170961
523.88765185,0.03392818
524.11308315,0.03332688
524.33852772,0.03627115
524.56398556,0.02967765
524.78945667,0.03500636
525.01494104,0.03370010
525.24043868,0.03469534
525.46594959,0.04000332
525.69147374,0.04300979
525.91701116,0.03859339
526.14256182,0.03627115
526.36812574,0.03506856
526.59370290,0.03579426
526.81929331,0.03434286
527.04489696,0.03699685
527.27051384,0.03479902
527.49614396,0.03351349
527.72178732,0.03166814
527.94744390,0.03328541
528.17311372,0.03359643
528.39879675,0.03639555
528.62449301,0.03282926
528.85020249,0.03776402
529.07592518,0.03826164
529.30166109,0.03710052
529.52741021,0.04060461
529.75317254,0.04439898
529.97894807,0.03676877
530.20473680,0.04589185
530.43053874,0.04614066
530.65635387,0.05822874
530.88218219,0.04941668
531.10802371,0.05478685
531.33387841,0.05300370
531.55974630,0.05211213
531.78562738,0.05528447
532.01152163,0.05771038
532.23742906,0.05368794
532.46334967,0.05219507
532.68928344,0.05192552
532.91523039,0.05086807
533.14119051,0.05700542
533.36716378,0.05499419
533.59315022,0.04943741
533.81914982,0.05059853
534.04516257,0.06050951
534.27118847,0.05018384
534.49722752,0.05414409
534.72327973,0.05391601
534.94934507,0.05337692
535.17542356,0.05909958
535.40151518,0.05984601
535.62761994,0.05169745
535.85373784,0.05192552
536.07986886,0.05955573
536.30601301,0.05449657
536.53217029,0.05389528
536.75834069,0.04775793
536.98452420,0.05271342
537.21072084,0.05316958
537.43693059,0.05559549
537.66315345,0.05269269
537.88938941,0.05337692
538.11563848,0.05542961
538.34190066,0.05804213
538.56817593,0.05785552
538.79446431,0.05238168
539.02076577,0.05688101
539.24708033,0.06266587
539.47340798,0.06111080
539.69974871,0.06003262
539.92610252,0.05878857
540.15246942,0.05922399
540.37884939,0.05812507
540.60524244,0.06339157
540.83164856,0.05791773
541.05806775,0.06252073
541.28450001,0.06446976
541.51094533,0.07048269
541.73740371,0.07071077
541.96387515,0.06818119
542.19035965,0.06368185
542.41685719,0.07098032
542.64336779,0.07151941
542.86989144,0.07527231
543.09642813,0.05827021
543.32297786,0.06726888
543.54954063,0.06233413
543.77611643,0.07118766
544.00270527,0.06430388
544.22930714,0.07098032
544.45592204,0.06556867
544.68254996,0.06925937
544.90919091,0.06216825
545.13584487,0.06896909
545.36251185,0.06585895
545.58919184,0.06405507
545.81588485,0.06337084
546.04259086,0.06231339
546.26930988,0.06250000
546.49604191,0.06563087
546.72278693,0.06021923
546.94954495,0.06314276
547.17631596,0.06220972
547.40309997,0.06646025
547.62989696,0.06332937
547.85670694,0.06859588
548.08352991,0.08097423
548.31036585,0.06648098
548.53721477,0.07521011
548.76407667,0.07896301
548.99095154,0.07346843
549.21783938,0.07386238
549.44474018,0.07798850
549.67165395,0.07491983
549.89858069,0.07871420
550.12552038,0.07477469
550.35247302,0.07496130
550.57943862,0.07676518
550.80641717,0.07270126
551.03340866,0.07680665
551.26041310,0.08010339
551.48743048,0.08055955
551.71446081,0.08275738
551.94150406,0.08860445
552.16856025,0.09036686
552.39562937,0.09026319
552.62271142,0.08785801
552.84980640,0.08648955
553.07691429,0.08607486
553.30403511,0.08572238
553.53116884,0.08920574
553.75831549,0.08916427
553.98547505,0.08914354
554.21264752,0.09515647
554.43983289,0.09631759
554.66703116,0.09928259
554.89424234,0.10394780
555.12146641,0.11039616
555.34870338,0.10894476
555.57595324,0.11524798
555.80321599,0.11638837
556.03049162,0.11363071
556.25778014,0.11002295
556.48508154,0.11763242
556.71239582,0.12057669
556.93972297,0.11419053
557.16706300,0.11213784
557.39441589,0.11435641
557.62178165,0.11655424
557.84916028,0.10994001
558.07655177,0.11636763
558.30395611,0.11323676
558.53137331,0.11020955
558.75880337,0.11419053
558.98624627,0.11385879
559.21370202,0.11141214
559.44117062,0.10801172
559.66865206,0.11292574
559.89614634,0.11118407
560.12365345,0.10898623
560.35117340,0.11186830
560.57870618,0.11265620
560.80625179,0.10448690
561.03381022,0.10799099
561.26138148,0.11404539
561.48896555,0.11375511
561.71656244,0.10826053
561.94417215,0.10850934
562.17179467,0.11105966
562.39942999,0.10757630
562.62707812,0.11126700
562.85473906,0.11516504
563.08241279,0.11572487
563.31009933,0.11199270
563.53779866,0.11808858
563.76551078,0.11352704
563.99323568,0.11170242
564.22097338,0.11331969
564.44872386,0.10819833
564.67648712,0.10896550
564.90426316,0.10969120
565.13205197,0.10649812
565.35985356,0.10645665
565.58766792,0.11159875
565.81549504,0.10498452
566.04333493,0.11139141
566.27118758,0.09903378
566.49905298,0.10164630
566.72693115,0.10148043
566.95482207,0.10247567
567.18272573,0.09930333
567.41064215,0.10156336
567.63857131,0.09810074
567.86651321,0.10004976
568.09446785,0.09988389
568.32243523,0.10007050
568.55041534,0.10137676
568.77840819,0.10767997
569.00641376,0.10025710
569.23443206,0.10448690
569.46246308,0.10367826
569.69050682,0.10888256
569.91856327,0.11128774
570.14663244,0.10486011
570.37471433,0.10177071
570.60280892,0.10378193
570.83091622,0.10185364
571.05903622,0.10007050
571.28716892,0.10201952
571.51531432,0.10790805
571.74347241,0.11093525
571.97164320,0.10158410
572.19982667,0.10581389
572.42802284,0.10204025
572.65623168,0.10038151
572.88445321,0.10701648
573.11268742,0.09978022
573.34093430,0.09613099
573.56919385,0.10077546
573.79746608,0.10430029
574.02575097,0.10365753
574.25404853,0.10660179
574.48235874,0.10884109
574.71068162,0.11108039
574.93901715,0.10896550
575.16736534,0.11510284
575.39572618,0.11885574
575.62409966,0.12134386
575.85248579,0.12209029
576.08088456,0.12159267
576.30929597,0.12673477
576.53772002,0.12638228
576.76615671,0.12685917
576.99460602,0.13005225
577.22306796,0.12750194
577.45154253,0.12992784
577.68002972,0.12922288
577.90852953,0.12165487
578.13704196,0.12408078
578.36556700,0.12679697
578.59410465,0.12530410
578.82265492,0.12735680
579.05121779,0.12665183
579.27979326,0.12074256
579.50838133,0.11682379
579.73698201,0.11701039
579.96559527,0.11653351
580.19422113,0.11562120
580.42285958,0.11184756
580.65151062,0.10879962
580.88017424,0.10850934
581.10885044,0.10541994
581.33753922,0.11454302
581.56624057,0.10672620
581.79495450,0.10676767
582.02368100,0.10411368
582.25242007,0.10819833
582.48117170,0.10761777
582.70993589,0.10913137
582.93871264,0.11240739
583.16750195,0.11002295
583.39630381,0.10923504
583.62511822,0.11012662
583.85394518,0.11076938
584.08278469,0.10996074
584.31163674,0.11054130
584.54050133,0.10809466
584.76937845,0.11624323
584.99826811,0.11707260
585.22717030,0.11680305
585.45608502,0.11570414
585.68501226,0.12540777
585.91395203,0.12569805
586.14290432,0.13376368
586.37186912,0.13453085
586.60084644,0.13948634
586.82983628,0.14247208
587.05883862,0.14881676
587.28785347,0.14941806
587.51688082,0.15149149
587.74592067,0.14145610
587.97497302,0.13944487
588.20403787,0.13778613
588.43311520,0.13919606
588.66220503,0.14124876
588.89130735,0.14516753
589.12042215,0.14552002
589.34954943,0.15142928
589.57868919,0.15035110
589.80784142,0.15947418
590.03700613,0.15607376
590.26618331,0.15337830
590.49537296,0.15541026
590.72457507,0.14740683
590.95378964,0.15115974
591.18301667,0.15570054
591.41225616,0.15171956
591.64150811,0.15126341
591.87077250,0.15570054
592.10004934,0.15290142
592.32933863,0.14869236
592.55864036,0.14247208
592.78795453,0.13971442
593.01728114,0.14305264
593.24662018,0.14170491
593.47597165,0.13934120
593.70533555,0.14238914
593.93471188,0.14734463
594.16410063,0.14983274
594.39350180,0.15499558
594.62291539,0.15335757
594.85234140,0.15074505
595.08177981,0.15406253
595.31123064,0.14939732
595.54069387,0.14918998
595.77016951,0.15323316
595.99965755,0.15402107
596.22915798,0.15547246
596.45867081,0.15603229
596.68819604,0.15711047
596.91773365,0.15256967
597.14728365,0.15072432
597.37684603,0.15335757
597.60642080,0.15482970
597.83600795,0.16507243
598.06560747,0.17237089
598.29521936,0.16685558
598.52484363,0.16768495
598.75448026,0.17019380
598.98412926,0.17355275
599.21379062,0.17776180
599.44346434,0.18219894
599.67315042,0.18564083
599.90284885,0.19426628
600.13255963,0.20428094
600.36228276,0.20255999
600.59201824,0.20824118
600.82176606,0.20455048
601.05152622,0.20602261
601.28129871,0.20488223
601.51108354,0.21636901
601.74088070,0.21821436
601.97069019,0.22173919
602.20051201,0.22034999
602.43034615,0.22439318
602.66019261,0.22453832
602.89005139,0.22534695
603.11992249,0.21894006
603.34980589,0.22516035
603.57970161,0.22441391
603.80960963,0.22395776
604.03952996,0.23465664
604.26946259,0.24697280
604.49940751,0.25358703
604.72936474,0.25304794
604.95933425,0.25821077
605.18931606,0.26244056
605.41931015,0.25304794
605.64931653,0.25611661
605.87933519,0.25035248
606.10936612,0.25340042
606.33940934,0.25122332
606.56946483,0.27092088
606.79953259,0.26982196
607.02961261,0.27794980
607.25970490,0.28230399
607.48980946,0.29298214
607.71992627,0.28203445
607.95005534,0.29499337
608.18019667,0.29733634
608.41035024,0.30090263
608.64051607,0.30067455
608.87069414,0.30985984
609.10088445,0.31535442
609.33108700,0.31794620
609.56130179,0.32901830
609.79152882,0.34129299
610.02176808,0.33865974
610.25201956,0.34711932
610.48228328,0.34388477
610.71255921,0.34454827
610.94284737,0.35058194
611.17314775,0.34749254
611.40346034,0.35010505
611.63378514,0.34944156
611.86412215,0.33940617
612.09447137,0.33351764
612.32483280,0.32402134
612.55520642,0.30985984
612.78559225,0.27919385
613.01599027,0.25835591
613.24640048,0.24581168
613.47682288,0.23753870
613.70725747,0.22901692
613.93770425,0.21790335
614.16816321,0.21334181
614.39863434,0.21079150
614.62911766,0.21054268
614.85961314,0.20832412
615.09012080,0.21597506
615.32064063,0.21634828
615.55117262,0.21064636
615.78171677,0.21694957
616.01227308,0.21771674
616.24284156,0.21815216
616.47342218,0.21680443
616.70401496,0.22321132
616.93461988,0.21964503
617.16523695,0.22375041
617.39586617,0.21218069
617.62650752,0.21166234
617.85716101,0.20274660
618.08782664,0.19685807
618.31850440,0.18669827
618.54919429,0.17427845
618.77989630,0.16979985
619.01061044,0.16536271
619.24133670,0.16067677
619.47207508,0.15802278
619.70282557,0.15219645
619.93358818,0.15881068
620.16436289,0.14798739
620.39514972,0.14560295
620.62594864,0.13944487
620.85675967,0.13886431
621.08758280,0.13299652
621.31841802,0.12712872
621.54926534,0.12555291
621.78012475,0.12101211
622.01099624,0.11761169
622.24187982,0.11765316
622.47277549,0.11746655
622.70368323,0.11908382
622.93460305,0.11153655
623.16553494,0.10691281
623.39647890,0.10670546
623.62743493,0.10738969
623.85840303,0.10790805
624.08938319,0.10927651
624.32037541,0.11402466
624.55137968,0.11315382
624.78239602,0.10531627
625.01342440,0.10201952
625.24446483,0.10143896
625.47551731,0.09552969
625.70658183,0.09441004
625.93765839,0.09281350
626.16874699,0.09646273
626.39984763,0.09005584
626.63096029,0.09217074
626.86208499,0.09648347
627.09322171,0.09911672
627.32437046,0.10716162
627.55553123,0.11302942
627.78670401,0.11528945
628.01788882,0.12553218
628.24908563,0.13558830
628.48029446,0.13098529
628.71151529,0.13351487
628.94274813,0.14000470
629.17399296,0.14713729
629.40524980,0.14402715
629.63651863,0.14769711
629.86779946,0.15111827
630.09909228,0.15781544
630.33039709,0.16646163
630.56171388,0.17689097
630.79304265,0.17444432
631.02438340,0.18624212
631.25573613,0.19123908
631.48710084,0.18918639
631.71847751,0.19285635
631.94986615,0.20096345
632.18126676,0.20614702
632.41267933,0.21215996
632.64410387,0.21479321
632.87554035,0.22503594
633.10698880,0.24185143
633.33844919,0.24317843
633.56992154,0.24359311
633.80140583,0.24622636
634.03290207,0.23610804
634.26441024,0.22474566
634.49593035,0.22652881
634.72746240,0.23123549
634.95900638,0.24040003
635.19056229,0.25043542
635.42213013,0.25777535
635.65370989,0.26103063
635.88530158,0.25906088
636.11690518,0.26057448
636.34852069,0.26405783
636.58014812,0.28079039
636.81178746,0.31203693
637.04343871,0.32342005
637.27510187,0.32941225
637.50677692,0.34011114
637.73846387,0.33658631
637.97016272,0.33459582
638.20187347,0.34749254
638.43359610,0.34297246
638.66533062,0.34268219
638.89707703,0.34514956
639.12883532,0.34774135
639.36060549,0.35209554
639.59238754,0.34461900
639.82418146,0.35051827
640.05598725,0.35389628
640.28780491,0.35864012
640.51963444,0.35415009
640.75147583,0.31874223
640.98332908,0.32062108
641.21519419,0.32176488
641.44707115,0.32081289
641.67895997,0.31009728
641.91086063,0.30303277
642.14277314,0.29387844
642.37469750,0.28691510
642.60663369,0.28772185
642.83858172,0.29530053
643.07054159,0.31003695
643.30251329,0.31173495
643.53449683,0.30664392
643.76649218,0.30079052
643.99849937,0.29254627
644.23051837,0.29975620
644.46254919,0.28541906
644.69459183,0.28949340
644.92664628,0.27306267
645.15871254,0.26688824
645.39079061,0.26398897
645.62288049,0.27320621
645.85498217,0.26557896
646.08709564,0.25386184
646.31922091,0.25401200
646.55135798,0.26062449
646.78350684,0.27056837
647.01566748,0.25896047
647.24783991,0.25489975
647.48002413,0.25211350
647.71222012,0.25420170
647.94442789,0.25561968
648.17664744,0.25832202
648.40887875,0.25974838
648.64112184,0.24863904
648.87337669,0.25385225
649.10564331,0.24492630
649.33792168,0.25287877
649.57021181,0.24720048
649.80251370,0.24210364
650.03482734,0.24699999
650.26715273,0.24969302
650.49948987,0.24497323
650.73183875,0.24444750
650.96419937,0.24064624
651.19657173,0.23988456
651.42895582,0.24171768
651.66135165,0.23717744
651.89375921,0.23988778
652.12617849,0.23338337
652.35860950,0.23131880
652.59105224,0.23068563
652.82350669,0.23034536
653.05597285,0.23092682
653.28845073,0.23053168
653.52094032,0.23126082
653.75344162,0.23964478
653.98595462,0.24644084
654.21847933,0.24135467
654.45101573,0.24175020
654.68356383,0.24886045
654.91612363,0.25182408
655.14869511,0.25352782
655.38127829,0.26616229
655.61387315,0.25534635
655.84647969,0.26056337
656.07909792,0.26552520
656.31172782,0.25972145
656.54436939,0.24779213
656.77702264,0.25526157
657.00968756,0.25818343
657.24236414,0.25898566
657.47505238,0.26930800
657.70775229,0.27104751
657.94046385,0.26840302
658.17318707,0.27089160
658.40592195,0.26796869
658.63866847,0.26457402
658.87142663,0.26234946
659.10419645,0.26577006
659.33697790,0.26065537
659.56977099,0.26278068
659.80257572,0.26106436
660.03539208,0.26115784
660.26822007,0.25621097
660.50105969,0.25962623
660.73391093,0.25787231
660.96677380,0.25861573
661.19964828,0.27254015
661.43253438,0.26649728
661.66543209,0.26342344
661.89834142,0.27375276
662.13126235,0.27624108
662.36419489,0.28074090
662.59713903,0.30236576
662.83009477,0.29171848
663.06306210,0.28470546
663.29604103,0.29077734
663.52903155,0.28275358
663.76203367,0.25996786
663.99504736,0.25783071
664.22807264,0.24909857
664.46110950,0.24247062
664.69415794,0.24320081
664.92721795,0.24108662
665.16028953,0.23536347
665.39337269,0.23642635
665.62646740,0.23403403
665.85957369,0.22620679
666.09269153,0.22363822
666.32582093,0.22825105
666.55896189,0.22412744
666.79211440,0.22410290
667.02527846,0.22468346
667.25845406,0.22122083
667.49164121,0.21522863
667.72483991,0.21338328
667.95805014,0.21166234
668.19127190,0.20587747
668.42450520,0.20494443
668.65775003,0.20108786
668.89100639,0.19928398
669.12427427,0.20073538
669.35755368,0.20535912
669.59084460,0.20496517
669.82414704,0.21404678
670.05746099,0.21713618
670.29078646,0.22014265
670.52412343,0.21437852
670.75747191,0.22370895
670.99083189,0.22804241
671.22420337,0.22941087
671.45758635,0.22982556
671.69098082,0.23183678
671.92438678,0.23818147
672.15780424,0.24388339
672.39123317,0.24813392
672.62467360,0.26279304
672.85812550,0.27512993
673.09158888,0.28342364
673.32506373,0.27349193
673.55855006,0.28265647
673.79204785,0.27658133
674.02555712,0.27902798
674.25907784,0.28037570
674.49261003,0.28705214
674.72615367,0.28317483
674.95970878,0.28746683
675.19327533,0.28835840
675.42685333,0.28914630
675.66044278,0.29557392
675.89404368,0.29976225
676.12765601,0.29967931
676.36127979,0.30627281
676.59491500,0.29661064
676.82856165,0.30071602
677.06221972,0.28779857
677.29588922,0.29095018
677.52957015,0.29406032
677.76326250,0.28408714
677.99696627,0.27065133
678.23068146,0.26969756
678.46440806,0.26853644
678.69814607,0.25972437
678.93189549,0.24834126
679.16565631,0.25711185
679.39942854,0.24475423
679.63321217,0.24377972
679.86700720,0.24183070
680.10081361,0.23241734
680.33463143,0.23565189
680.56846063,0.24071105
680.80230121,0.23096594
681.03615318,0.24637150
681.27001653,0.23241734
681.50389126,0.23888643
681.73777736,0.23934259
681.97167484,0.22779360
682.20558368,0.23001216
682.43950390,0.23028171
682.67343547,0.22457979
682.90737841,0.22144891
683.14133270,0.21344548
683.37529836,0.20834485
683.60927536,0.20902908
683.84326371,0.20231118
684.07726341,0.19822653
684.31127446,0.20183429
684.54529685,0.19783258
684.77933057,0.19700321
685.01337564,0.19625677
685.24743203,0.20210384
685.48149976,0.22028779
685.71557881,0.22893398
685.94966919,0.23162944
686.18377090,0.24359311
686.41788392,0.25047689
686.65200826,0.26683623
686.88614391,0.26650448
687.12029088,0.27488112
687.35444915,0.27674721
687.58861873,0.27421763
687.82279961,0.27262109
688.05699179,0.27110749
688.29119527,0.26919993
688.52541004,0.27670574
688.75963611,0.27747291
688.99387346,0.28006469
689.22812210,0.27770098
689.46238203,0.29571906
689.69665323,0.29482749
689.93093571,0.30243697
690.16522947,0.31170519
690.39953450,0.31587277
690.63385080,0.31734491
690.86817837,0.32261141
691.10251720,0.32211379
691.33686730,0.33465802
691.57122865,0.34276512
691.80560125,0.34680830
692.03998511,0.34162474
692.27438023,0.34206016
692.50878658,0.33428481
692.74320419,0.33600575
692.97763303,0.32735956
693.21207312,0.34127225
693.44652444,0.33360058
693.68098699,0.34320054
693.91546077,0.34450680
694.14994579,0.35599359
694.38444203,0.35398236
694.61894949,0.35982943
694.85346817,0.37739135
695.08799806,0.38064663
695.32253918,0.37359698
695.55709150,0.38114426
695.79165503,0.38095765
696.02622977,0.39669496
696.26081571,0.40063447
696.49541285,0.41195538
696.73002119,0.41898430
696.96464072,0.42354584
697.19927145,0.42508017
697.43391336,0.42159682
697.66856647,0.41436056
697.90323075,0.41307503
698.13790622,0.40235541
698.37259286,0.41015150
698.60729068,0.41328237
698.84199967,0.42586807
699.07671984,0.43202615
699.31145117,0.43528143
699.54619366,0.44050647
699.78094731,0.43509482
700.01571213,0.45804766
700.25048810,0.46999060
700.48527522,0.47807697
700.72007349,0.49084928
700.95488292,0.49634386
701.18970348,0.50557061
701.42453519,0.50629631
701.65937804,0.50936498
701.89423202,0.50712568
702.12909714,0.51819778
702.36397339,0.52549624
702.59886077,0.53909792
702.83375927,0.52750746
703.06866889,0.52406558
703.30358964,0.51850879
703.53852150,0.51855026
703.77346448,0.52684397
704.00841857,0.52120425
704.24338376,0.52537183
704.47836007,0.50416068
704.71334748,0.49182379
704.94834598,0.47502903
705.18335559,0.47733053
705.41837629,0.45918805
705.65340808,0.46090899
705.88845096,0.46221525
706.12350493,0.47222990
706.35856998,0.47137980
706.59364612,0.49184452
706.82873333,0.49918445
707.06383161,0.51942110
707.29894097,0.53503400
707.53406141,0.54494499
707.76919290,0.57013712
708.00433546,0.59931024
708.23948909,0.62821381
708.47465377,0.64816018
708.70982951,0.63976280
708.94501630,0.64764182
709.18021414,0.63739909
709.41542303,0.64708200
709.65064297,0.61927734
709.88587395,0.60588300
710.12111597,0.59489384
710.35636902,0.56876866
710.59163311,0.55823565
710.82690823,0.54822100
711.06219437,0.53238002
711.29749155,0.52497788
711.53279974,0.51689152
711.76811896,0.51641463
712.00344920,0.50693907
712.23879044,0.51747208
712.47414270,0.51241292
712.70950597,0.51168722
712.94488025,0.50387040
713.18026553,0.50851487
713.41566181,0.49980648
713.65106908,0.50295809
713.88648736,0.49584623
714.12191662,0.49230067
714.35735688,0.48802942
714.59280812,0.47604501
714.82827034,0.47923808
715.06374355,0.47164934
715.29922774,0.46422647
715.53472290,0.46298242
715.77022903,0.46063944
716.00574614,0.47417892
716.24127421,0.45419109
716.47681324,0.44148098
716.71236324,0.42646937
716.94792420,0.41848667
717.18349611,0.40712430
717.41907898,0.41423615
717.65467280,0.39713038
717.89027757,0.41237007
718.12589328,0.40374461
718.36151993,0.40125650
718.59715752,0.39285912
718.83280605,0.39495328
719.06846552,0.37793044
719.30413591,0.38046002
719.53981724,0.37365918
719.77550949,0.37338964
720.01121266,0.37556674
720.24692676,0.38267859
720.48265177,0.39433125
720.71838769,0.40345433
720.95413453,0.39727552
721.18989228,0.39209195
721.42566093,0.39120038
721.66144049,0.39433125
721.89723095,0.38332135
722.13303231,0.38833905
722.36884456,0.38865006
722.60466770,0.39232003
722.84050173,0.39652908
723.07634666,0.39804268
723.31220246,0.39756580
723.54806915,0.39816709
723.78394671,0.38359090
724.01983515,0.37637537
724.25573447,0.35889638
724.49164465,0.35182600
724.72756571,0.33451288
724.96349762,0.32717295
725.19944040,0.32321271
725.43539404,0.30874019
725.67135854,0.31199547
725.90733388,0.30050868
726.14332008,0.30753760
726.37931713,0.29710826
726.61532503,0.28657525
726.85134376,0.28298822
727.08737334,0.28296749
727.32341375,0.28072819
727.55946500,0.27419689
727.79552708,0.28035497
728.03159998,0.27326385
728.26768372,0.27291137
728.50377827,0.28584955
728.73988365,0.28404567
728.97599985,0.28645085
729.21212686,0.28572515
729.44826468,0.29196616
729.68441331,0.28985127
729.92057275,0.27446644
730.15674299,0.27446644
730.39292403,0.28052084
730.62911587,0.26915847
730.86531851,0.26459693
731.10153194,0.25889500
731.33775616,0.24601902
731.57399117,0.24377972
731.81023696,0.23243807
732.04649353,0.22982556
732.28276088,0.21218069
732.51903901,0.21578846
732.75532791,0.20710080
732.99162758,0.20023775
733.22793802,0.19492978
733.46425923,0.18931079
733.70059119,0.18348446
733.93693392,0.17730565
734.17328740,0.17094023
734.40965164,0.17046334
734.64602662,0.16295754
734.88241236,0.16386984
735.11880884,0.16679338
735.35521607,0.15796058
735.59163403,0.15626037
735.82806273,0.16096705
736.06450217,0.16407719
736.30095234,0.16569446
736.53741323,0.17751299
736.77388486,0.18989135
737.01036720,0.19990600
737.24686027,0.21338328
737.48336406,0.22804241
737.71987856,0.24500304
737.95640377,0.25076717
738.19293969,0.26356021
738.42948632,0.26173560
738.66604365,0.27023665
738.90261169,0.26509455
739.13919042,0.26364315
739.37577985,0.27127336
739.61237997,0.27019518
739.84899078,0.27998175
740.08561228,0.27276623
740.32224446,0.26293818
740.55888732,0.24726308
740.79554087,0.23872056
741.03220509,0.23679227
741.26887998,0.22449685
741.50556555,0.22173919
741.74226178,0.22095129
741.97896868,0.21128912
742.21568624,0.19889003
742.45241446,0.19320884
742.68915333,0.18286244
742.92590286,0.18022918
743.16266304,0.17179034
743.39943387,0.16756054
743.63621535,0.16376617
743.87300747,0.15837526
744.10981023,0.16082191
744.34662363,0.15957785
744.58344766,0.16561152
744.82028232,0.16687631
745.05712761,0.16389058
745.29398353,0.16140247
745.53085007,0.15509925
745.76772724,0.16183789
746.00461502,0.16146467
746.24151341,0.15899729
746.47842242,0.15968152
746.71534204,0.15934977
746.95227227,0.16600547
747.18921310,0.17328320
747.42616453,0.17203915
747.66312656,0.17378082
747.90009918,0.17307586
748.13708240,0.18327712
748.37407621,0.18124516
748.61108061,0.17807282
748.84809559,0.17774107
749.08512115,0.17077436
749.32215730,0.16413939
749.55920401,0.17208061
749.79626131,0.16668970
750.03332917,0.16666897
750.27040760,0.16192082
750.50749660,0.17029747
750.74459616,0.16770568
750.98170628,0.16032428
751.21882695,0.16843138
751.45595818,0.16399425
751.69309997,0.17821796
751.93025230,0.17641408
752.16741517,0.17183180
752.40458859,0.16865946
752.64177256,0.16138173
752.87896705,0.16465775
753.11617209,0.16445040
753.35338765,0.16855579
753.59061374,0.16581887
753.82785037,0.17552250
754.06509751,0.17734712
754.30235518,0.18528834
754.53962336,0.19171597
754.77690206,0.20054877
755.01419127,0.20902908
755.25149099,0.21947916
755.48880122,0.22341867
755.72612195,0.22586531
755.96345319,0.23422122
756.20079492,0.22559576
756.43814715,0.22636293
756.67550987,0.23221000
756.91288309,0.23100741
757.15026679,0.23021951
757.38766097,0.22321132
757.62506564,0.21842171
757.86248079,0.21147573
758.09990641,0.20293321
758.33734251,0.19938765
758.57478908,0.20032069
758.81224612,0.19449436
759.04971362,0.18767279
759.28719159,0.18323565
759.52468001,0.17436138
759.76217889,0.18197086
759.99968823,0.17071215
760.23720802,0.17179034
760.47473826,0.15889362
760.71227894,0.15551393
760.94983007,0.15499558
761.18739164,0.14796666
761.42496364,0.14284529
761.66254608,0.15022669
761.90013895,0.14798739
762.13774226,0.14844355
762.37535598,0.14209886
762.61298014,0.14639085
762.85061471,0.14848502
763.08825970,0.15621890
763.32591511,0.15773250
763.56358093,0.16548712
763.80125716,0.16766422
764.03894380,0.18074754
764.27664084,0.18769352
764.51434829,0.18230261
764.75206613,0.19219286
764.98979437,0.19774964
765.22753300,0.20438461
765.46528203,0.21813143
765.70304144,0.21630681
765.94081124,0.20734961
766.17859142,0.20726667
766.41638197,0.21133059
766.65418291,0.21292713
766.89199422,0.21290639
767.12981590,0.20473709
767.36764795,0.19992674
767.60549036,0.19633971
767.84334314,0.20202090
768.08120628,0.20119153
768.31907977,0.19457730
768.55696362,0.19298076
768.79485782,0.18835702
769.03276238,0.18804600
769.27067727,0.19096953
769.50860251,0.18870950
769.74653809,0.19826800
769.98448401,0.20083905
770.22244027,0.19698247
770.46040685,0.20206237
770.69838377,0.19868268
770.93637101,0.20019628
771.17436858,0.20158548
771.41237647,0.21118545
771.65039468,0.21813143
771.88842320,0.21226363
772.12646204,0.21479321
772.36451118,0.21651415
772.60257064,0.21400531
772.84064039,0.20581527
773.07872045,0.20204163
773.31681081,0.20210384
773.55491147,0.19685807
773.79302242,0.19399674
774.03114366,0.18943520
774.26927519,0.18794233
774.50741700,0.17593719
774.74556910,0.17465166
774.98373147,0.17469313
775.22190413,0.17334541
775.46008705,0.16666897
775.69828025,0.17212208
775.93648372,0.16872166
776.17469745,0.16588107
776.41292145,0.16880460
776.65115570,0.16272946
776.88940022,0.16828624
777.12765499,0.15852040
777.36592001,0.16349663
777.60419528,0.15690313
777.84248079,0.15661285
778.08077655,0.15557614
778.31908256,0.15617743
778.55739879,0.14529194
778.79572527,0.14616278
779.03406198,0.14056453
779.27240891,0.13585785
779.51076608,0.13643841
779.74913346,0.13372222
779.98751107,0.13788980
780.22589890,0.15565907
780.46429695,0.13057061
780.70270520,0.13036326
780.94112367,0.13171099
781.17955235,0.13550536
781.41799123,0.12804103
781.65644031,0.13699823
781.89489959,0.12770928
782.13336907,0.12901554
782.37184874,0.12858012
782.61033861,0.13390882
782.84883866,0.14120729
783.08734890,0.13353561
783.32586931,0.13345267
783.56439991,0.13270624
783.80294069,0.12808249
784.04149164,0.13096456
784.28005276,0.13139998
784.51862406,0.13977662
784.75720551,0.13693603
784.99579713,0.13639694
785.23439891,0.13867771
785.47301085,0.14218180
785.71163295,0.14054379
785.95026519,0.14309411
786.18890759,0.14558222
786.42756013,0.14649453
786.66622282,0.14131096
786.90489564,0.15064138
787.14357861,0.14462844
787.38227171,0.14997788
787.62097494,0.13863624
787.85968831,0.14021204
788.09841180,0.13266477
788.33714541,0.13434424
788.57588915,0.12503456
788.81464301,0.12273305
789.05340698,0.12132312
789.29218106,0.12267085
789.53096526,0.12584319
789.76975956,0.12117798
790.00856397,0.12455767
790.24737848,0.12860085
790.48620309,0.12291966
790.72503780,0.12922288
790.96388260,0.13185613
791.20273749,0.13851183
791.44160247,0.13714337
791.68047754,0.13256110
791.91936269,0.12679697
792.15825792,0.11856547
792.39716323,0.12459914
792.63607861,0.12130239
792.87500406,0.11848253
793.11393958,0.12327214
793.35288517,0.11630543
793.59184082,0.11698966
793.83080653,0.11023029
794.06978230,0.11122553
794.30876813,0.12028641
794.54776401,0.11437714
794.78676993,0.11591148
795.02578591,0.12076330
795.26481193,0.11960218
795.50384798,0.11555900
795.74289408,0.11454302
795.98195022,0.11813005
796.22101638,0.11900088
796.46009258,0.11786050
796.69917880,0.12200735
796.93827505,0.12308554
797.17738132,0.12932655
797.41649761,0.13310019
797.65562392,0.14193299
797.89476024,0.14205739
798.13390657,0.13662501
798.37306290,0.14137316
798.61222925,0.13573344
798.85140559,0.13824229
799.09059194,0.13504921
799.32978828,0.14220253
799.56899462,0.12791662
799.80821094,0.13461379
800.04743726,0.13023886
800.28667356,0.12822763
800.52591985,0.12891187
800.76517611,0.12758487
801.00444236,0.13187687
801.24371857,0.13602372
801.48300476,0.13963148
801.72230092,0.14141463
801.96160705,0.14458697
802.20092314,0.15362711
802.44024919,0.14993641
802.67958519,0.15613596
802.91893116,0.15756663
803.15828707,0.16200376
803.39765294,0.16403572
803.63702875,0.18024992
803.87641450,0.17527369
804.11581020,0.17423698
804.35521584,0.17689097
804.59463141,0.17463093
804.83405692,0.17363569
805.07349235,0.17950348
805.31293772,0.17852897
805.55239300,0.17429918
805.79185821,0.17004866
806.03133334,0.16612988
806.27081839,0.16235624
806.51031335,0.15207204
806.74981822,0.14599690
806.98933300,0.14218180
807.22885768,0.13919606
807.46839227,0.13125484
807.70793675,0.13361854
807.94749114,0.13701896
808.18705542,0.13428204
808.42662959,0.13280991
808.66621364,0.13187687
808.90580759,0.13370148
809.14541141,0.13249889
809.38502512,0.12491015
809.62464871,0.12393564
809.86428217,0.12459914
810.10392550,0.12306480
810.34357870,0.11564193
810.58324177,0.12094991
810.82291470,0.11236592
811.06259749,0.10498452
811.30229015,0.10541994
811.54199265,0.09953141
811.78170501,0.08951675
812.02142722,0.07616388
812.26115928,0.07004727
812.50090118,0.06928011
812.74065292,0.06169136
812.98041450,0.06204385
813.22018592,0.06494664
813.45996717,0.05472465
813.69975825,0.05310738
813.93955916,0.05397822
814.17936989,0.04875318
814.41919045,0.04655535
814.65902083,0.05213287
814.89886102,0.04473073
815.13871102,0.04220115
815.37857084,0.04278171
815.61844047,0.04419164
815.85831990,0.04574671
816.09820913,0.04336227
816.33810817,0.04008625
816.57801700,0.04025213
816.81793562,0.04141325
817.05786404,0.03960937
817.29780225,0.03181328
817.53775024,0.03185475
817.77770801,0.03343055
818.01767557,0.02669192
818.25765290,0.02849580
818.49764001,0.03085950
818.73763689,0.02872387
818.97764354,0.02996793
819.21765996,0.02911783
819.45768614,0.02731394
819.69772209,0.02401720
819.93776779,0.02422454
820.17782324,0.02196450
820.41788845,0.02434894
820.65796341,0.01922758
820.89804812,0.01673947
821.13814257,0.02065824
821.37824677,0.02368545
821.61836070,0.02260727
821.85848437,0.02455629
822.09861777,0.03083877
822.33876090,0.03235237
822.57891376,0.03351349
822.81907635,0.03861412
823.05924866,0.04786161
823.29943069,0.05625898
823.53962243,0.06884469
823.77982389,0.08551504
824.02003506,0.09152798
824.26025594,0.10906917
824.50048652,0.13003152
824.74072681,0.13216715
824.98097680,0.15203058
825.22123648,0.15997180
825.46150586,0.18418943
825.70178493,0.18744471
825.94207369,0.18858509
826.18237214,0.19893149
826.42268027,0.20459195
826.66299808,0.20981699
826.90332557,0.22578237
827.14366273,0.22885105
827.38400957,0.23527867
827.62436608,0.24087692
827.86473225,0.24460909
828.10510809,0.25074643
828.34549359,0.24888035
828.58588874,0.25396025
828.82629356,0.24763629
829.06670802,0.23548601
829.30713214,0.24000608
829.54756590,0.23469811
829.78800931,0.23075860
830.02846236,0.23283202
830.26892505,0.23216853
830.50939738,0.23026098
830.74987934,0.22768993
830.99037093,0.22766919
831.23087215,0.22851930
831.47138299,0.22762772
831.71190346,0.22217461
831.95243355,0.21269905
832.19297325,0.21012800
832.43352257,0.20770209
832.67408150,0.20179282
832.91465003,0.20096345
833.15522818,0.18794233
833.39581592,0.18522614
833.63641327,0.18182572
833.87702022,0.17305513
834.11763676,0.15891435
834.35826289,0.15843747
834.59889861,0.15667505
834.83954392,0.14442110
835.08019881,0.13838743
835.32086328,0.13612739
835.56153733,0.14093774
835.80222095,0.13162805
836.04291415,0.11985099
836.28361692,0.11452228
836.52432926,0.11443935
836.76505116,0.10618711
837.00578262,0.10494305
837.24652364,0.09565410
837.48727421,0.09262689
837.72803434,0.08551504
837.96880402,0.08443686
838.20958325,0.08064249
838.45037202,0.07780189
838.69117033,0.07301227
838.93197819,0.07639196
839.17279558,0.07462955
839.41362250,0.08310986
839.65445896,0.07807144
839.89530494,0.08149259
840.13616045,0.08366969
840.37702548,0.08557724
840.61790003,0.08663469
840.85878410,0.09532235
841.09967768,0.08881179
841.34058078,0.09335259
841.58149338,0.08690424
841.82241549,0.08437465
842.06334710,0.08414658
842.30428821,0.08439539
842.54523883,0.07815437
842.78619893,0.07850686
843.02716853,0.07533451
843.26814762,0.08308913
843.50913619,0.07753235
843.75013425,0.07726280
843.99114179,0.08147186
844.23215881,0.08219756
844.47318530,0.07852759
844.71422127,0.08808609
844.95526670,0.08420878
845.19632161,0.08331721
845.43738597,0.07560406
845.67845980,0.08122305
845.91954309,0.07761528
846.16063584,0.07769822
846.40173803,0.07309521
846.64284968,0.07908742
846.88397078,0.07031682
847.12510132,0.07691032
847.36624130,0.07290860
847.60739073,0.07158161
847.84854959,0.07375871
848.08971788,0.07680665
848.33089561,0.07487836
848.57208276,0.07674444
848.81327934,0.08080836
849.05448534,0.08400144
849.29570076,0.08199021
849.53692560,0.09300011
849.77815986,0.09026319
850.01940353,0.09973875
850.26065660,0.10079620
850.50191908,0.10969120
850.74319097,0.10473571
850.98447225,0.11385879
851.22576294,0.11817151
851.46706301,0.12895333
851.70837248,0.12943022
851.94969135,0.14033645
852.19101959,0.14558222
852.43235722,0.16289533
852.67370424,0.17060848
852.91506063,0.17297219
853.15642640,0.17763740
853.39780154,0.18116222
853.63918605,0.18929006
853.88057992,0.19034751
854.12198317,0.19094880
854.36339577,0.19208919
854.60481773,0.19430775
854.84624905,0.19675440
855.08768973,0.19159156
855.32913975,0.18360887
855.57059912,0.17892292
855.81206784,0.18503953
856.05354590,0.18406502
856.29503330,0.18605551
856.53653004,0.17913027
856.77803611,0.17937908
857.01955151,0.17261971
857.26107624,0.19947058
857.50261030,0.16778862
857.74415367,0.16619208
857.98570637,0.15130488
858.22726839,0.15997180
858.46883972,0.15675799
858.71042037,0.15397960
858.95201032,0.14960467
859.19360958,0.14230620
859.43521814,0.13749585
859.67683601,0.13629327
859.91846317,0.14856795
860.16009963,0.12347949
860.40174538,0.12175854
860.64340042,0.11732141
860.88506474,0.11597368
861.12673835,0.11278060
861.36842125,0.10649812
861.61011342,0.11217931
861.85181487,0.11072791
862.09352559,0.11035469
862.33524558,0.11475036
862.57697484,0.11076938
862.81871336,0.11821298
863.06046114,0.12109505
863.30221819,0.11924970
863.54398449,0.12356242
863.78576004,0.11628470
864.02754485,0.10743116
864.26933890,0.10423808
864.51114220,0.10994001
864.75295474,0.10842641
864.99477653,0.11197197
865.23660755,0.09789340
865.47844780,0.09416123
865.72029728,0.09152798
865.96215600,0.09152798
866.20402394,0.08738112
866.44590110,0.08935088
866.68778748,0.07798850
866.92968308,0.08263298
867.17158790,0.08225976
867.41350193,0.08358675
867.65542516,0.08810682
867.89735761,0.08642735
868.13929926,0.08982777
868.38125011,0.08899840
868.62321015,0.09503207
868.86517940,0.09789340
869.10715783,0.09217074
869.34914546,0.09532235
869.59114227,0.10013270
869.83314827,0.09745798
870.07516344,0.10096207
870.31718780,0.09756165
870.55922133,0.10564802
870.80126404,0.10564802
871.04331592,0.10651885
871.28537696,0.10058885
871.52744717,0.09563336
871.76952655,0.09617245
872.01161508,0.09982169
872.25371277,0.09640053
872.49581961,0.08611633
872.73793560,0.08613707
872.98006075,0.08377336
873.22219503,0.08435392
873.46433846,0.08031074
873.70649103,0.07782263
873.94865274,0.07280493
874.19082358,0.07336476
874.43300356,0.07355137
874.67519266,0.07172675
874.91739089,0.05887150
875.15959824,0.06237559
875.40181471,0.05766892
875.64404031,0.05943133
875.88627501,0.05891297
876.12851883,0.05621752
876.37077176,0.05377087
876.61303379,0.04759206
876.85530493,0.04779940
877.09758517,0.04361108
877.33987451,0.04435751
877.58217294,0.04665902
877.82448047,0.04873244
878.06679709,0.05165598
878.30912279,0.05248535
878.55145758,0.05837388
878.79380145,0.06256220
879.03615440,0.06567234
879.27851643,0.06880322
879.52088753,0.07257686
879.76326770,0.07523084
880.00565694,0.08165847
880.24805524,0.07948137
880.49046260,0.08093277
880.73287903,0.08192801
880.97530451,0.08549430
881.21773905,0.08099497
881.46018264,0.07842392
881.70263527,0.08669689
881.94509695,0.08597119
882.18756768,0.08889473
882.43004744,0.08371116
882.67253625,0.09069861
882.91503409,0.08259151
883.15754095,0.08483081
883.40005685,0.08412584
883.64258178,0.08447833
883.88511573,0.07587360
884.12765869,0.07906668
884.37021068,0.07688958
884.61277168,0.07568700
884.85534170,0.07037902
885.09792072,0.06625290
885.34050876,0.06480150
885.58310579,0.06720668
885.82571183,0.06791164
886.06832686,0.06629437
886.31095090,0.06712374
886.55358392,0.06409654
886.79622594,0.05812507
887.03887694,0.05673587
887.28153693,0.05926545
887.52420589,0.06187797
887.76688384,0.06057171
888.00957077,0.05729570
888.25226667,0.04991430
888.49497154,0.04858731
888.73768537,0.05055706
888.98040818,0.04307199
889.22313994,0.04222188
889.46588067,0.04748839
889.70863035,0.04006552
889.95138899,0.03795062
890.19415657,0.03681024
890.43693311,0.03193769
890.67971859,0.03096318
890.92251302,0.03034115
891.16531639,0.02884828
891.40812869,0.02420380
891.65094993,0.02447335
891.89378010,0.02669192
892.13661920,0.02383059
892.37946723,0.02432821
892.62232418,0.02107293
892.86519005,0.02845433
893.10806484,0.02474290
893.35094854,0.03332688
893.59384116,0.02654678
893.83674269,0.03005087
894.07965312,0.03160594
894.32257246,0.03363790
894.56550070,0.03479902
894.80843784,0.04340374
895.05138388,0.04056314
895.29433881,0.04497954
895.53730263,0.04112297
895.78027533,0.04769573
896.02325692,0.04375622
896.26624740,0.04638947
896.50924675,0.05194626
896.75225498,0.05491126
896.99527208,0.05312811
897.23829806,0.05876783
897.48133290,0.06301836
897.72437661,0.05949353
897.96742918,0.05928619
898.21049061,0.05843608
898.45356090,0.06003262
898.69664005,0.06293542
898.93972804,0.05464171
899.18282488,0.05930692
899.42593057,0.06044731
899.66904511,0.05648706
899.91216848,0.05839461
900.15530069,0.05766892
900.39844174,0.06250000
900.64159162,0.05659073
900.88475033,0.05648706
901.12791786,0.06359892
901.37109422,0.06204385
901.61427940,0.06173283
901.85747340,0.06444902
902.10067621,0.06467710
902.34388784,0.07205850
902.58710827,0.06755916
902.83033752,0.06262441
903.07357557,0.06538206
903.31682242,0.06386846
903.56007807,0.06272808
903.80334251,0.06691640
904.04661575,0.06652245
904.28989778,0.07172675
904.53318860,0.07203776
904.77648820,0.06938378
905.01979659,0.07398679
905.26311375,0.07226584
905.50643969,0.07815437
905.74977441,0.08437465
905.99311789,0.08800315
906.23647015,0.09451371
906.47983117,0.09465885
906.72320095,0.09208780
906.96657950,0.10253787
907.20996680,0.09644200
907.45336285,0.10293183
907.69676766,0.10394780
907.94018122,0.10521260
908.18360352,0.09793487
908.42703457,0.10467350
908.67047435,0.09604805
908.91392288,0.09733357
909.15738014,0.09519794
909.40084613,0.08746406
909.64432085,0.09509427
909.88780430,0.09047053
910.13129648,0.09154871
910.37479737,0.09074008
910.61830699,0.08584679
910.86182531,0.08686277
911.10535236,0.08080836
911.34888811,0.08953749
911.59243257,0.07317815
911.83598573,0.07724207
912.07954760,0.07589434
912.32311816,0.07473322
912.56669743,0.07763602
912.81028538,0.07288787
913.05388203,0.07382091
913.29748736,0.07479542
913.54110138,0.06861661
913.78472408,0.06670906
914.02835547,0.06546500
914.27199552,0.06428315
914.51564426,0.06057171
914.75930166,0.05636266
915.00296774,0.05808360
915.24664247,0.05988748
915.49032588,0.05941059
915.73401794,0.06376479
915.97771866,0.06554794
916.22142803,0.07340623
916.46514606,0.07759455
916.70887274,0.07989605
916.95260806,0.07355137
917.19635202,0.08348308
917.44010463,0.08810682
917.68386588,0.09480399
917.92763576,0.09470032
918.17141427,0.10330504
918.41520141,0.10823980
918.65899718,0.10367826
918.90280158,0.10303550
919.14661459,0.10378193
919.39043623,0.10726529
919.63426648,0.11584928
919.87810534,0.12034861
920.12195281,0.12625788
920.36580890,0.13200127
920.60967358,0.14216106
920.85354687,0.14522974
921.09742876,0.14840208
921.34131924,0.14894117
921.58521832,0.14765565
921.82912599,0.14288676
922.07304225,0.14425523
922.31696709,0.13647987
922.56090052,0.13131704
922.80484252,0.12049375
923.04879310,0.11190976
923.29275226,0.10662253
923.53671999,0.10233053
923.78069629,0.09059494
924.02468115,0.09028392
924.26867458,0.07985458
924.51267656,0.07193409
924.75668711,0.06484297
925.00070621,0.06250000
925.24473386,0.06046804
925.48877006,0.05766892
925.73281481,0.05862269
925.97686810,0.05252682
926.22092994,0.05207066
926.46500031,0.04686636
926.70907921,0.04556010
926.95316665,0.04398430
927.19726262,0.04323786
927.44136712,0.04303052
927.68548014,0.04021066
927.92960168,0.04398430
928.17373175,0.03577353
928.41787032,0.03428066
928.66201741,0.03382451
928.90617302,0.03177181
929.15033713,0.02967765
929.39450974,0.02847506
929.63869086,0.02781157
929.88288047,0.02760422
930.12707859,0.02681632
930.37128520,0.03625041
930.61550029,0.02561373
930.85972388,0.03073510
931.10395595,0.02922150
931.34819651,0.03146080
931.59244554,0.03141933
931.83670306,0.03272559
932.08096904,0.03848972
932.32524350,0.04087416
932.56952643,0.04415017
932.81381782,0.04842143
933.05811768,0.04475147
933.30242600,0.05712982
933.54674278,0.05555402
933.79106801,0.06160843
934.03540169,0.06077906
934.27974382,0.05986675
934.52409440,0.06687493
934.76845343,0.07083518
935.01282089,0.06990213
935.25719680,0.07550039
935.50158114,0.07680665
935.74597391,0.07263906
935.99037511,0.07481616
936.23478474,0.07585287
936.47920279,0.07031682
936.72362927,0.08176214
936.96806417,0.07015095
937.21250748,0.06957039
937.45695920,0.06720668
937.70141934,0.06140108
937.94588788,0.06079979
938.19036483,0.06102787
938.43485019,0.06289395
938.67934394,0.05924472
938.92384608,0.05441363
939.16835663,0.05300370
939.41287556,0.05493199
939.65740288,0.05733717
939.90193859,0.04879465
940.14648268,0.04889832
940.39103515,0.04589185
940.63559600,0.05068147
940.88016523,0.04697003
941.12474282,0.05076440
941.36932879,0.04860804
941.61392312,0.05064000
941.85852581,0.05169745
942.10313687,0.05281710
942.34775628,0.05173891
942.59238405,0.04974842
942.83702017,0.04918860
943.08166464,0.04927154
943.32631746,0.05070220
943.57097862,0.04744692
943.81564813,0.04730178
944.06032597,0.04869098
944.30501215,0.04641021
944.54970666,0.05225727
944.79440950,0.04381842
945.03912067,0.04400503
945.28384016,0.04719811
945.52856798,0.04365255
945.77330412,0.04489661
946.01804857,0.03689318
946.26280133,0.03710052
946.50756241,0.03954716
946.75233179,0.03770181
946.99710948,0.03610527
947.24189548,0.03927762
947.48668977,0.03668583
947.73149236,0.04052167
947.97630324,0.03589793
948.22112242,0.03904954
948.46594988,0.04016919
948.71078563,0.03923615
948.95562966,0.04873244
949.20048198,0.04039727
949.44534257,0.04145472
949.69021144,0.04097783
949.93508857,0.04402577
950.17997398,0.03975451
950.42486766,0.03649923
950.66976959,0.04307199
950.91467979,0.03782622
951.15959825,0.03865559
951.40452496,0.03799209
951.64945993,0.03506856
951.89440314,0.03805430
952.13935461,0.03481975
952.38431431,0.03452947
952.62928226,0.03034115
952.87425845,0.03606381
953.11924287,0.03840678
953.36423553,0.03307807
953.60923642,0.03133639
953.85424553,0.03262192
954.09926287,0.03061069
954.34428843,0.02913856
954.58932222,0.02656751
954.83436421,0.02886901
955.07941443,0.02721027
955.32447285,0.02242066
955.56953948,0.02716880
955.81461432,0.02480510
956.05969736,0.02167422
956.30478860,0.01584789
956.54988803,0.01908244
956.79499567,0.01769324
957.04011149,0.01955933
957.28523550,0.01340125
957.53036770,0.01520513
957.77550808,0.01367080
958.02065664,0.01300730
958.26581338,0.01116195
958.51097830,0.01228160
958.75615139,0.01136929
959.00133264,0.01431356
959.24652207,0.00968982
959.49171965,0.01460384
959.73692540,0.01211572
959.98213931,0.01219866
960.22736137,0.01487338
960.47259159,0.01943492
960.71782995,0.05030825
960.96307647,0.01895803
961.20833112,0.02076192
961.45359392,0.02580034
961.69886486,0.02383059
961.94414394,0.02832992
962.18943115,0.02963618
962.43472648,0.02969839
962.68002995,0.03384524
962.92534154,0.03436360
963.17066126,0.03110832
963.41598909,0.03880073
963.66132504,0.03687244
963.90666911,0.03998258
964.15202128,0.03834458
964.39738157,0.04657608
964.64274996,0.04350741
964.88812645,0.05014238
965.13351104,0.04771647
965.37890374,0.05269269
965.62430452,0.05113762
965.86971340,0.05343912
966.11513036,0.05298297
966.36055542,0.05449657
966.60598855,0.05194626
966.85142977,0.05136570
967.09687907,0.04759206
967.34233644,0.04860804
967.58780188,0.04713591
967.83327539,0.04674196
968.07875697,0.04659682
968.32424661,0.05381234
968.56974432,0.04879465
968.81525008,0.04748839
969.06076390,0.04674196
969.30628577,0.04871171
969.55181570,0.04949961
969.79735367,0.05225727
970.04289968,0.04699077
970.28845374,0.05304517
970.53401583,0.05115835
970.77958597,0.05766892
971.02516413,0.05283783
971.27075033,0.05281710
971.51634455,0.05256828
971.76194680,0.05735790
972.00755708,0.05115835
972.25317537,0.05547108
972.49880168,0.05312811
972.74443600,0.05252682
972.99007834,0.05207066
973.23572868,0.04991430
973.48138703,0.05165598
973.72705338,0.04933374
973.97272774,0.05271342
974.21841009,0.05271342
974.46410043,0.05501493
974.70979877,0.05088881
974.95550510,0.05026678
975.20121941,0.05509787
975.44694171,0.05260975
975.69267199,0.05099248
975.93841024,0.05200846
976.18415647,0.05723350
976.42991068,0.05773112
976.67567285,0.05777259
976.92144299,0.05236094
977.16722110,0.05360500
977.41300717,0.06152549
977.65880119,0.06013629
977.90460317,0.05072293
978.15041311,0.05899591
978.39623099,0.05331472
978.64205683,0.05277563
978.88789061,0.05327325
979.13373233,0.05393675
979.37958199,0.04730178
979.62543958,0.04191087
979.87130511,0.04317566
980.11717857,0.04520762
980.36305996,0.03714199
980.60894928,0.03915321
980.85484651,0.03618821
981.10075167,0.03627115
981.34666475,0.03459167
981.59258573,0.03658216
981.83851463,0.02963618
982.08445144,0.03388671
982.33039616,0.03148153
982.57634878,0.02698220
982.82230930,0.02779083
983.06827771,0.03282926
983.31425403,0.03328541
983.56023823,0.02891048
983.80623032,0.03513076
984.05223031,0.02596622
984.29823817,0.02853727
984.54425391,0.03019601
984.79027754,0.02588328
985.03630904,0.03036188
985.28234841,0.02922150
985.52839565,0.03716272
985.77445076,0.03357569
986.02051374,0.04016919
986.26658457,0.03235237
986.51266327,0.04224262
986.75874982,0.03940202
987.00484422,0.04021066
987.25094647,0.04417091
987.49705658,0.04114370
987.74317452,0.04091563
987.98930031,0.04164132
988.23543394,0.04267804
988.48157541,0.04101930
988.72772471,0.04286465
988.97388184,0.04983136
989.22004680,0.04377695
989.46621959,0.04954108
989.71240020,0.04688709
989.95858862,0.04628580
990.20478487,0.04240849
990.45098893,0.05113762
990.69720080,0.04493807
990.94342048,0.04526982
991.18964797,0.04232556
991.43588326,0.04315493
991.68212635,0.03963010
991.92837724,0.03782622
992.17463593,0.03803356
992.42090240,0.03712125
992.66717667,0.03332688
992.91345872,0.03119125
993.15974856,0.02816405
993.40604618,0.02996793
993.65235158,0.02521978
993.89866475,0.02911783
994.14498570,0.02679559
994.39131441,0.02237919
994.63765090,0.02739688
994.88399515,0.02337443
995.13034716,0.02745908
995.37670693,0.02685779
995.62307445,0.02505391
995.86944973,0.02275241
996.11583276,0.02295975
996.36222354,0.02472216
996.60862206,0.02300122
996.85502833,0.02590401
997.10144233,0.02256580
997.34786408,0.01885436
997.59429355,0.01995328
997.84073076,0.02043017
998.08717570,0.01483191
998.33362836,0.01879216
998.58008875,0.01331831
998.82655685,0.01682240
999.07303267,0.02273167
999.31951621,0.01765177
999.56600746,0.00946174
999.81250642,0.01259261
1000.05901309,0.01188765
1000.30552746,0.01242674
1000.55204953,0.01089240
1000.79857929,0.01481118
1001.04511676,0.01578569
1001.29166191,0.01638698
1001.53821476,0.01043625
1001.78477529,0.01313170
1002.03134351,0.01354639
1002.27791941,0.01568202
1002.52450299,0.01671873
1002.77109424,0.01555761
1003.01769317,0.01329758
1003.26429976,0.01692608
1003.51091403,0.01416842
1003.75753596,0.01584789
1004.00416555,0.01288289
1004.25080280,0.02142541
1004.49744771,0.01628331
1004.74410027,0.01313170
1004.99076048,0.01470751
1005.23742834,0.01603450
1005.48410384,0.01908244
1005.73078699,0.01555761
1005.97747778,0.01663580
1006.22417620,0.01499779
1006.47088226,0.01503926
1006.71759595,0.01688461
1006.96431727,0.01680167
1007.21104622,0.01537101
1007.45778279,0.01883363
1007.70452698,0.01385740
1007.95127879,0.01879216
1008.19803821,0.01570275
1008.44480524,0.02069971
1008.69157988,0.01968373
1008.93836213,0.01972520
1009.18515199,0.01659433
1009.43194944,0.01899950
1009.67875450,0.01773471
1009.92556715,0.01595156
1010.17238739,0.01970447
1010.41921522,0.01897877
1010.66605064,0.01974594
1010.91289364,0.02013989
1011.15974422,0.01671873
1011.40660239,0.01682240
1011.65346813,0.01831527
1011.90034144,0.02343664
1012.14722232,0.01937272
1012.39411078,0.01688461
1012.64100679,0.01856408
1012.88791037,0.02154982
1013.13482151,0.01885436
1013.38174020,0.02055457
1013.62866645,0.02432821
1013.87560025,0.02548933
1014.12254160,0.02009842
1014.36949049,0.02503317
1014.61644693,0.02731394
1014.86341091,0.02067898
1015.11038242,0.01949712
1015.35736147,0.02461849
1015.60434805,0.02138394
1015.85134216,0.02148761
1016.09834379,0.01893730
1016.34535295,0.01953859
1016.59236963,0.01928978
1016.83939383,0.01883363
1017.08642554,0.01891657
1017.33346476,0.01605524
1017.58051150,0.01922758
1017.82756574,0.01474898
1018.07462748,0.01335978
1018.32169673,0.01676020
1018.56877347,0.01232307
1018.81585771,0.01580642
1019.06294945,0.01350492
1019.31004867,0.00842502
1019.55715538,0.00875677
1019.80426957,0.01379520
1020.05139125,0.01346345
1020.29852041,0.01499779
1020.54565704,0.01002156
1020.79280114,0.01045698
1021.03995272,0.00711877
1021.28711177,0.01408548
1021.53427828,0.00995936
1021.78145225,0.01114121
1022.02863368,0.00993863
1022.27582257,0.00811401
1022.52301891,0.01433429
1022.77022270,0.01265482
1023.01743395,0.01064359
1023.26465263,0.01012523
1023.51187876,0.00322072
1023.75911234,0.00809328
1024.00635335,0.00614426
1024.25360179,0.00622719
1024.50085766,0.00539782
1024.74812097,0.00718097
1024.99539170,0.00558443
1025.24266985,0.00558443
1025.48995543,0.00396716
1025.73724842,0.00415377
1025.98454883,0.00809328
1026.23185665,0.00241209
1026.47917188,0.00442331
1026.72649452,0.00541856
1026.97382456,0.00521121
1027.22116200,0.00214254
1027.46850685,0.00266090
1027.71585908,0.00434037
1027.96321872,0.00469286
1028.21058574,0.00172786
1028.45796014,-0.01262026
1028.70534194,-0.01160428
1028.95273111,-0.01199823
1029.20012767,-0.01235071
1029.44753160,-0.01363624
1029.69494290,-0.01189456
