198.80933475,0.00650301
199.01143578,0.00627550
199.21355429,0.00275943
199.41569028,0.00108412
199.61784374,0.00333854
199.82001468,0.00127027
200.02220309,0.00298694
200.22440896,0.00131163
200.42663230,0.00242850
200.62887310,0.00106344
200.83113136,0.00369015
201.03340708,0.00110480
201.23570025,0.00282147
201.43801087,0.00369015
201.64033894,0.00526204
201.84268445,0.00431063
202.04504741,0.00389698
202.24742780,0.00108412
202.44982564,0.00284216
202.65224090,-0.00154259
202.85467360,0.00522068
203.05712372,0.00472429
203.25959128,-0.00044640
203.46207625,0.00447610
203.66457864,0.00149778
203.86709846,0.00414517
204.06963568,0.00474497
204.27219032,0.00327650
204.47476237,0.00104276
204.67735182,0.00164256
204.87995868,0.01014318
205.08258293,0.00447610
205.28522459,0.00263533
205.48788364,0.00377288
205.69056008,0.00282147
205.89325391,0.00633755
206.09596513,0.00298694
206.29869374,0.00588253
206.50143972,0.00683393
206.70420308,0.00387630
206.90698382,0.00174597
207.10978194,0.00273874
207.31259742,0.00590321
207.51543027,0.00071183
207.71828048,0.00253192
207.92114806,0.00230441
208.12403299,0.00867470
208.32693528,0.00228372
208.52985493,0.00232509
208.73279193,0.00077388
208.93574627,0.00755783
209.13871796,0.00503453
209.34170699,0.00325581
209.54471336,-0.00013616
209.74773707,0.00428995
209.95077811,0.00151846
210.15383649,0.00147709
210.35691219,0.00319376
210.56000522,0.00484839
210.76311557,-0.00139781
210.96624324,0.00772329
211.16938823,0.00093934
211.37255053,-0.00042572
211.57573015,-0.00032231
211.77892707,0.00420722
211.98214130,0.00131163
212.18537284,0.00249055
212.38862167,0.00127027
212.59188781,-0.00028094
212.79517124,0.00096003
212.99847196,0.00007067
213.20178997,0.00311103
213.40512527,0.00687530
213.60847785,0.00222167
213.81184772,0.00236645
214.01523486,-0.00044640
214.21863928,0.00240782
214.42206097,0.00453815
214.62549993,0.00288352
214.82895616,0.00007067
215.03242966,0.00337991
215.23592042,-0.00038435
215.43942843,0.00236645
215.64295370,0.00284216
215.84649623,0.00360742
216.05005601,0.00650301
216.25363303,0.00249055
216.45722731,0.00112549
216.66083882,-0.00034299
216.86446757,0.00321445
217.06811356,-0.00059118
217.27177679,0.00532409
217.47545724,0.00282147
217.67915493,0.00093934
217.88286984,0.00215963
218.08660198,0.00441405
218.29035133,0.00766124
218.49411790,0.00644096
218.69790169,0.00267670
218.90170269,0.00168392
219.10552090,0.00511726
219.30935632,0.00515863
219.51320894,0.00081525
219.71707876,0.00004998
219.92096578,0.00497248
220.12486999,0.00073251
220.32879140,0.00555160
220.53272999,0.00075320
220.73668578,0.00358674
220.94065875,0.00335923
221.14464890,0.00141505
221.34865623,0.00418654
221.55268073,0.00114617
221.75672241,-0.00170805
221.96078126,0.00042227
222.16485728,-0.00090142
222.36895046,0.00153914
222.57306080,0.00263533
222.77718831,0.00215963
222.98133297,-0.00075664
223.18549478,0.00495180
223.38967375,-0.00036367
223.59386986,0.00139436
223.79808312,0.00110480
224.00231352,0.00259396
224.20656106,0.00522068
224.41082574,0.00261465
224.61510756,0.00739237
224.81940650,0.00087729
225.02372258,0.00058774
225.22805578,0.00385561
225.43240610,-0.00108757
225.63677355,0.00327650
225.84115811,-0.00145986
226.04555979,0.00230441
226.24997858,-0.00026026
226.45441448,0.00042227
226.65886748,0.00652369
226.86333759,0.00317308
227.06782480,0.00246987
227.27232911,0.00275943
227.47685052,0.00127027
227.68138902,0.00337991
227.88594461,-0.00054982
228.09051728,0.00249055
228.29510704,0.00240782
228.49971389,0.00673052
228.70433781,0.00511726
228.90897881,0.00507590
229.11363688,0.00191143
229.31831202,0.00209758
229.52300423,0.00402108
229.72771350,0.00226304
229.93243984,0.00058774
230.13718324,0.00147709
230.34194369,0.00075320
230.54672120,0.00526204
230.75151576,0.00164256
230.95632737,0.00590321
231.16115602,0.00246987
231.36600172,0.00048432
231.57086446,0.00096003
231.77574423,0.00331786
231.98064104,-0.00177010
232.18555488,0.00102207
232.39048575,0.00462088
232.59543365,0.00100139
232.80039857,-0.00073596
233.00538051,0.00313172
233.21037947,0.00443473
233.41539544,0.01924360
233.62042843,0.00234577
233.82547842,0.00139436
234.03054543,0.00745442
234.23562943,0.00147709
234.44073044,0.00184938
234.64584845,0.00460019
234.85098345,0.00116685
235.05613545,0.00275943
235.26130444,0.00546887
235.46649041,0.00319376
235.67169337,0.00460019
235.87691331,0.00555160
236.08215023,0.00054637
236.28740413,0.00379357
236.49267500,0.00232509
236.69796284,0.00093934
236.90326765,0.00286284
237.10858942,0.00230441
237.31392816,0.00515863
237.51928386,0.00553092
237.72465651,0.00153914
237.93004612,0.00050500
238.13545268,0.00023613
238.34087619,0.00408312
238.54631664,0.00240782
238.75177404,0.00064978
238.95724838,0.00040159
239.16273965,0.00497248
239.36824786,0.00611004
239.57377300,0.00311103
239.77931508,0.00416586
239.98487407,0.00513795
240.19045000,0.00375220
240.39604284,0.00375220
240.60165260,0.00033954
240.80727928,0.00238714
241.01292287,0.00255260
241.21858337,0.00435200
241.42426077,0.00220099
241.62995508,0.00379357
241.83566630,-0.00185283
242.04139441,0.00114617
242.24713941,0.00259396
242.45290131,0.00141505
242.65868010,0.00201485
242.86447578,0.00033954
243.07028835,0.00559297
243.27611779,0.00586184
243.48196412,0.00298694
243.68782732,0.00029818
243.89370739,0.00077388
244.09960434,0.00083593
244.30551816,0.00474497
244.51144884,0.00265601
244.71739638,0.00025681
244.92336078,0.00199416
245.12934204,0.00280079
245.33534016,0.00211826
245.54135512,0.00087729
245.74738694,0.00077388
245.95343560,0.00141505
246.15950110,0.00515863
246.36558345,0.00184938
246.57168263,0.00356605
246.77779865,0.00180802
246.98393150,0.00594457
247.19008118,0.00164256
247.39624769,0.00424859
247.60243102,0.00348332
247.80863117,0.00604799
248.01484814,0.00346264
248.22108192,0.00364879
248.42733252,-0.00032231
248.63359993,0.00025681
248.83988415,-0.00129440
249.04618517,0.00519999
249.25250299,0.00242850
249.45883761,0.00054637
249.66518903,0.00284216
249.87155724,0.00201485
250.07794224,0.00414517
250.28434403,0.00391766
250.49076260,0.00648233
250.69719796,-0.00222512
250.90365009,-0.00081869
251.11011901,0.00009135
251.31660469,0.00526204
251.52310715,0.00224236
251.72962638,0.00278011
251.93616237,0.00344196
252.14271513,0.00176665
252.34928464,0.00253192
252.55587091,0.00002930
252.76247394,0.00240782
252.96909372,0.00201485
253.17573025,0.00232509
253.38238352,-0.00046709
253.58905354,0.00344196
253.79574030,0.00168392
254.00244380,0.00290421
254.20916403,0.00795080
254.41590099,0.00557228
254.62265469,0.00112549
254.82942511,0.00042227
255.03621225,0.00246987
255.24301612,0.00201485
255.44983670,-0.00036367
255.65667400,0.00327650
255.86352802,0.00048432
256.07039874,0.00038091
256.27728617,0.00077388
256.48419031,0.00431063
256.69111115,0.00579979
256.89804868,0.00149778
257.10500292,0.00102207
257.31197384,0.00315240
257.51896146,0.00745442
257.72596577,-0.00179078
257.93298676,0.00267670
258.14002443,0.00449678
258.34707878,0.00069115
258.55414981,0.00172529
258.76123752,-0.00013616
258.96834190,0.00551024
259.17546294,0.00085661
259.38260065,-0.00094279
259.58975502,0.00052569
259.79692606,0.00273874
260.00411375,0.00288352
260.21131810,-0.00133576
260.41853909,0.00317308
260.62577674,0.00182870
260.83303103,0.00294557
261.04030197,-0.00205966
261.24758955,0.00242850
261.45489377,0.00106344
261.66221462,0.00178734
261.86955210,0.00391766
262.07690622,0.00342128
262.28427696,0.00002930
262.49166433,-0.00294902
262.69906831,0.00292489
262.90648892,-0.00179078
263.11392614,0.00162187
263.32137998,0.00377288
263.52885042,0.00207690
263.73633747,0.00509658
263.94384113,-0.00133576
264.15136139,0.00371083
264.35889825,0.00819900
264.56645171,0.00604799
264.77402176,0.00348332
264.98160840,0.00226304
265.18921163,0.00089798
265.39683144,0.00052569
265.60446784,0.00662711
265.81212081,-0.00013616
266.01979037,0.00439337
266.22747650,0.00220099
266.43517920,0.00298694
266.64289847,0.00000862
266.85063430,-0.00011548
267.05838670,-0.00021889
267.26615566,0.00267670
267.47394117,-0.00131508
267.68174324,-0.00092211
267.88956187,0.00344196
268.09739704,0.00280079
268.30524876,0.00280079
268.51311702,0.00656506
268.72100183,0.00056705
268.92890317,-0.00054982
269.13682105,-0.00081869
269.34475546,-0.00148054
269.55270640,0.00110480
269.76067387,0.00300762
269.96865786,-0.00032231
270.17665838,0.00120822
270.38467541,0.00242850
270.59270896,0.00114617
270.80075902,0.00091866
271.00882560,0.00470361
271.21690868,0.00091866
271.42500826,0.00362810
271.63312435,0.00017408
271.84125694,0.00071183
272.04940602,0.00679257
272.25757160,0.00129095
272.46575367,0.00613072
272.67395223,0.00149778
272.88216727,-0.00083938
273.09039880,0.00608935
273.29864681,0.00211826
273.50691129,0.00340059
273.71519225,0.00129095
273.92348968,0.00048432
274.13180358,0.00029818
274.34013395,-0.00011548
274.54848077,0.00340059
274.75684406,0.00228372
274.96522381,0.00356605
275.17362001,-0.00276287
275.38203267,0.00480702
275.59046177,0.00253192
275.79890732,0.00189075
276.00736932,0.00333854
276.21584776,0.00118754
276.42434263,-0.00030162
276.63285394,-0.00487252
276.84138169,-0.00028094
277.04992586,0.00286284
277.25848646,0.00360742
277.46706349,0.00054637
277.67565694,-0.00224580
277.88426680,-0.00156327
278.09289309,-0.00007411
278.30153578,-0.00154259
278.51019489,0.00443473
278.71887041,0.00102207
278.92756233,0.00453815
279.13627065,0.00406244
279.34499537,0.00348332
279.55373649,0.00488975
279.76249401,0.00886084
279.97126791,0.00321445
280.18005820,0.00189075
280.38886488,0.00255260
280.59768795,-0.00154259
280.80652739,0.00275943
281.01538321,0.00044296
281.22425540,0.00168392
281.43314397,0.00288352
281.64204891,0.00060842
281.85097021,0.00218031
282.05990788,0.00350401
282.26886190,0.00302830
282.47783229,-0.00102552
282.68681903,0.00387630
282.89582212,0.00091866
283.10484156,0.00184938
283.31387735,0.00104276
283.52292949,-0.00077733
283.73199796,0.00083593
283.94108277,0.00517931
284.15018392,0.00083593
284.35930141,0.00230441
284.56843522,0.00242850
284.77758536,0.00369015
284.98675183,0.00104276
285.19593461,0.00637891
285.40513372,0.00491043
285.61434914,0.00333854
285.82358088,-0.00187351
286.03282893,-0.00019821
286.24209328,0.00369015
286.45137395,0.00079456
286.66067091,0.00424859
286.86998417,0.00184938
287.07931373,0.00166324
287.28865959,0.00290421
287.49802174,0.00271806
287.70740017,0.00021545
287.91679489,0.00226304
288.12620590,0.00191143
288.33563318,-0.00050845
288.54507675,0.00410381
288.75453658,0.00000862
288.96401269,-0.00044640
289.17350507,0.00096003
289.38301372,0.00309035
289.59253863,0.00240782
289.80207980,0.00451746
290.01163723,0.00176665
290.22121091,0.00278011
290.43080085,0.00499317
290.64040703,0.00071183
290.85002947,0.00240782
291.05966815,0.00519999
291.26932307,0.00189075
291.47899422,0.00162187
291.68868162,0.00476566
291.89838525,0.00184938
292.10810511,0.00720622
292.31784119,0.00412449
292.52759350,-0.00023958
292.73736204,0.00269738
292.94714679,0.00141505
293.15694776,0.00137368
293.36676494,0.00073251
293.57659834,0.00077388
293.78644794,-0.00063255
293.99631375,-0.00065323
294.20619576,0.00337991
294.41609397,0.00621345
294.62600838,0.00112549
294.83593898,0.00449678
295.04588578,-0.00075664
295.25584876,-0.00195625
295.46582793,0.00087729
295.67582328,0.00273874
295.88583481,-0.00185283
296.09586253,0.00021545
296.30590641,0.00100139
296.51596647,0.00205621
296.72604270,0.00015340
296.93613509,0.00499317
297.14624365,-0.00296970
297.35636837,-0.00065323
297.56650925,0.00077388
297.77666629,0.00309035
297.98683947,-0.00191488
298.19702881,0.00306967
298.40723429,0.00077388
298.61745592,0.00199416
298.82769369,0.00462088
299.03794760,0.00830241
299.24821765,-0.00189420
299.45850383,0.00306967
299.66880614,0.00091866
299.87912458,-0.00208034
300.08945914,-0.00079801
300.29980983,0.00443473
300.51017663,0.00306967
300.72055955,0.00617208
300.93095859,0.00335923
301.14137374,0.00182870
301.35180499,-0.00114962
301.56225235,0.00127027
301.77271582,-0.00261809
301.98319538,0.00906767
302.19369105,-0.00251468
302.40420280,-0.00065323
302.61473065,0.00718554
302.82527459,0.00441405
303.03583461,-0.00114962
303.24641072,-0.00040504
303.45700291,0.00286284
303.66761117,0.00176665
303.87823552,0.00319376
304.08887593,-0.00003275
304.29953241,-0.00046709
304.51020496,-0.00168737
304.72089358,0.00617208
304.93159825,0.00129095
305.14231899,-0.00112893
305.35305578,0.00408312
305.56380862,0.00311103
305.77457752,0.00350401
305.98536246,0.00143573
306.19616344,0.00122890
306.40698047,0.00211826
306.61781354,0.00058774
306.82866264,0.00348332
307.03952778,0.00284216
307.25040895,0.00172529
307.46130614,0.00373152
307.67221937,0.00050500
307.88314861,-0.00017753
308.09409387,0.00420722
308.30505515,0.00240782
308.51603245,0.00265601
308.72702576,0.00042227
308.93803507,-0.00038435
309.14906039,0.00313172
309.36010172,0.00133232
309.57115904,0.00259396
309.78223236,0.00269738
309.99332168,0.00062910
310.20442699,0.00414517
310.41554829,-0.00013616
310.62668557,-0.00220444
310.83783884,0.00331786
311.04900809,-0.00307312
311.26019332,0.00151846
311.47139452,0.00182870
311.68261169,0.00449678
311.89384484,0.00275943
312.10509395,0.00143573
312.31635903,0.00180802
312.52764007,0.00149778
312.73893706,-0.00094279
312.95025002,0.00180802
313.16157892,-0.00133576
313.37292378,0.00457951
313.58428458,0.00234577
313.79566133,0.00085661
314.00705402,0.00410381
314.21846266,0.00182870
314.42988722,-0.00028094
314.64132772,0.00149778
314.85278416,0.00021545
315.06425652,0.00857129
315.27574480,-0.00189420
315.48724901,0.00389698
315.69876914,-0.00090142
315.91030518,0.00118754
316.12185715,0.00048432
316.33342502,0.00145641
316.54500880,0.00344196
316.75660848,0.00428995
316.96822407,0.00209758
317.17985556,0.00110480
317.39150295,0.00166324
317.60316624,0.00199416
317.81484541,0.00069115
318.02654048,0.00323513
318.23825143,0.00211826
318.44997826,-0.00083938
318.66172098,0.00238714
318.87347957,0.00691666
319.08525404,0.00141505
319.29704439,0.00191143
319.50885060,0.00147709
319.72067268,0.00286284
319.93251063,0.00184938
320.14436443,0.00201485
320.35623410,0.00596526
320.56811962,0.00437268
320.78002100,-0.00063255
320.99193822,-0.00123235
321.20387130,-0.00086006
321.41582021,0.00127027
321.62778498,0.00551024
321.83976558,0.00116685
322.05176201,0.00433132
322.26377428,-0.00036367
322.47580239,0.00604799
322.68784632,0.00474497
322.89990607,0.00197348
323.11198165,-0.00001206
323.32407305,0.00228372
323.53618027,0.00251123
323.74830330,0.00108412
323.96044215,0.00253192
324.17259680,0.00515863
324.38476726,0.00441405
324.59695352,-0.00032231
324.80915558,0.00050500
325.02137344,0.00011203
325.23360710,0.00133232
325.44585655,0.00333854
325.65812178,0.00362810
325.87040281,-0.00086006
326.08269962,0.00207690
326.29501221,0.00036022
326.50734058,0.00259396
326.71968472,0.00042227
326.93204464,0.00683393
327.14442032,0.00679257
327.35681178,0.00418654
327.56921900,-0.00007411
327.78164198,0.00160119
327.99408072,-0.00125303
328.20653522,0.00122890
328.41900547,-0.00162532
328.63149147,0.00236645
328.84399322,0.00139436
329.05651071,0.00300762
329.26904395,0.00036022
329.48159293,0.00414517
329.69415764,-0.00081869
329.90673809,0.00294557
330.11933427,0.00048432
330.33194617,0.00462088
330.54457381,0.00168392
330.75721716,-0.00096347
330.96987624,0.00007067
331.18255104,0.00350401
331.39524154,0.00730964
331.60794777,0.00251123
331.82066970,-0.00036367
332.03340733,0.00017408
332.24616067,0.00733032
332.45892971,0.00251123
332.67171445,0.00211826
332.88451489,0.00215963
333.09733102,0.00282147
333.31016283,0.00108412
333.52301034,0.00081525
333.73587352,-0.00094279
333.94875239,-0.00249400
334.16164694,0.00009135
334.37455717,-0.00210103
334.58748306,0.00410381
334.80042463,0.00511726
335.01338187,-0.00222512
335.22635477,0.00311103
335.43934333,0.00062910
335.65234755,0.00706144
335.86536743,0.00352469
336.07840296,0.00077388
336.29145415,-0.00162532
336.50452098,0.00271806
336.71760345,0.00176665
336.93070157,0.00079456
337.14381533,-0.00017753
337.35694473,-0.00098416
337.57008976,0.00561365
337.78325042,0.00133232
337.99642671,0.00149778
338.20961863,0.00207690
338.42282617,0.00389698
338.63604933,-0.00148054
338.84928810,0.00083593
339.06254250,0.00309035
339.27581250,0.00182870
339.48909812,0.00346264
339.70239934,0.00428995
339.91571616,0.00143573
340.12904859,0.00259396
340.34239661,-0.00280424
340.55576023,0.00360742
340.76913945,0.00435200
340.98253425,0.00246987
341.19594464,0.00062910
341.40937061,0.00073251
341.62281217,0.00187007
341.83626930,0.00879880
342.04974201,0.00083593
342.26323030,0.00085661
342.47673415,0.00300762
342.69025357,0.00617208
342.90378856,-0.00023958
343.11733911,0.00478634
343.33090522,0.00211826
343.54448688,0.00133232
343.75808410,0.00124958
343.97169687,0.00184938
344.18532519,-0.00052913
344.39896906,0.00364879
344.61262847,-0.00274219
344.82630341,0.00538614
345.03999390,0.00373152
345.25369992,0.00466224
345.46742147,0.00830241
345.68115855,0.00207690
345.89491115,0.00257328
346.10867928,0.00002930
346.32246293,0.00067047
346.53626210,-0.00026026
346.75007679,-0.00034299
346.96390698,0.00290421
347.17775269,0.00203553
347.39161390,0.00147709
347.60549061,0.00431063
347.81938283,0.00306967
348.03329055,0.00280079
348.24721376,0.00120822
348.46115246,0.00445541
348.67510665,-0.00059118
348.88907634,0.00079456
349.10306150,-0.00038435
349.31706215,-0.00117030
349.53107828,0.00108412
349.74510988,0.00089798
349.95915696,0.00187007
350.17321950,0.00416586
350.38729752,0.00418654
350.60139100,0.00093934
350.81549994,0.00189075
351.02962435,-0.00143918
351.24376421,0.00333854
351.45791952,0.00013271
351.67209028,0.00145641
351.88627650,-0.00071528
352.10047816,0.00176665
352.31469526,0.00294557
352.52892780,0.00366947
352.74317578,0.00342128
352.95743919,0.00133232
353.17171804,0.00193212
353.38601232,0.00315240
353.60032202,-0.00139781
353.81464714,0.00598594
354.02898769,-0.00090142
354.24334365,-0.00075664
354.45771503,-0.00292834
354.67210182,0.00300762
354.88650403,0.00455883
355.10092164,0.00366947
355.31535465,0.00067047
355.52980306,0.01018454
355.74426687,0.00251123
355.95874608,0.00234577
356.17324069,0.00232509
356.38775068,-0.00164600
356.60227606,0.00292489
356.81681682,-0.00481047
357.03137297,-0.00228717
357.24594449,0.00331786
357.46053139,0.00282147
357.67513367,0.00718554
357.88975132,0.00145641
358.10438433,0.00040159
358.31903271,0.00195280
358.53369645,0.00182870
358.74837556,-0.00272151
358.96307002,0.00298694
359.17777983,-0.00208034
359.39250499,0.00112549
359.60724551,0.00244919
359.82200137,0.00327650
360.03677257,-0.00052913
360.25155911,0.00098071
360.46636100,0.00180802
360.68117821,-0.00456227
360.89601076,-0.00212171
361.11085864,0.00379357
361.32572184,-0.00208034
361.54060037,0.00288352
361.75549422,0.00166324
361.97040338,0.00375220
362.18532786,0.00271806
362.40026766,0.00083593
362.61522276,0.00158051
362.83019318,0.00548955
363.04517889,0.00122890
363.26017991,0.00263533
363.47519623,0.00054637
363.69022784,0.00259396
363.90527474,0.00226304
364.12033694,0.00526204
364.33541442,-0.00121167
364.55050719,-0.00017753
364.76561524,-0.00137713
364.98073857,0.00139436
365.19587718,-0.00059118
365.41103106,0.00160119
365.62620021,0.00093934
365.84138463,0.00031886
366.05658432,0.00102207
366.27179927,0.00366947
366.48702948,0.00087729
366.70227494,0.00120822
366.91753566,0.00162187
367.13281163,0.00085661
367.34810285,-0.00234922
367.56340932,0.00118754
367.77873103,0.00180802
367.99406798,0.00199416
368.20942017,-0.00123235
368.42478759,0.00122890
368.64017025,0.00075320
368.85556813,0.00470361
369.07098125,-0.00003275
369.28640958,0.00141505
369.50185314,0.00162187
369.71731191,0.00476566
369.93278590,-0.00334199
370.14827511,0.00213894
370.36377952,-0.00203898
370.57929914,0.00193212
370.79483397,0.00596526
371.01038400,0.00110480
371.22594922,-0.00131508
371.44152965,0.00187007
371.65712526,0.00397971
371.87273607,0.00000862
372.08836206,0.00232509
372.30400324,0.00391766
372.51965960,-0.00073596
372.73533114,0.00302830
372.95101786,-0.00021889
373.16671976,0.00342128
373.38243682,0.00356605
373.59816905,0.00333854
373.81391645,-0.00145986
374.02967901,0.00395903
374.24545673,0.00236645
374.46124961,-0.00009480
374.67705764,0.00207690
374.89288082,-0.00059118
375.10871916,-0.00148054
375.32457264,0.00366947
375.54044126,-0.00075664
375.75632503,0.00474497
375.97222393,0.00114617
376.18813797,-0.00061187
376.40406713,-0.00065323
376.62001143,-0.00050845
376.83597086,-0.00241127
377.05194541,0.00151846
377.26793508,0.00124958
377.48393987,0.00226304
377.69995978,0.00273874
377.91599480,0.00042227
378.13204493,0.00131163
378.34811016,0.00507590
378.56419050,0.00627550
378.78028595,0.00437268
378.99639649,0.00046364
379.21252213,-0.00067391
379.42866286,-0.00005343
379.64481868,0.00036022
379.86098960,0.00571706
380.07717559,0.00342128
380.29337667,-0.00011548
380.50959283,-0.00057050
380.72582407,0.00369015
380.94207038,0.00304899
381.15833176,-0.00129440
381.37460821,-0.00059118
381.59089972,0.00174597
381.80720630,0.00226304
382.02352794,-0.00032231
382.23986464,0.00298694
382.45621639,0.00184938
382.67258319,0.00158051
382.88896505,0.00017408
383.10536195,0.00304899
383.32177389,0.00110480
383.53820087,0.00342128
383.75464289,0.00064978
383.97109995,0.00178734
384.18757204,0.00002930
384.40405916,0.00135300
384.62056131,-0.00081869
384.83707848,0.00158051
385.05361067,0.00240782
385.27015788,0.00184938
385.48672011,0.00381425
385.70329735,0.00439337
385.91988960,0.00577911
386.13649686,-0.00154259
386.35311912,0.00406244
386.56975639,0.00211826
386.78640865,0.00036022
387.00307592,0.00069115
387.21975817,-0.00079801
387.43645542,0.00246987
387.65316765,0.00149778
387.86989487,0.00187007
388.08663707,0.00213894
388.30339426,-0.00170805
388.52016641,0.00182870
388.73695355,0.00511726
388.95375565,0.00416586
389.17057273,0.00124958
389.38740477,0.00509658
389.60425177,0.00284216
389.82111374,-0.00007411
390.03799066,0.00524136
390.25488253,0.00102207
390.47178936,0.00116685
390.68871114,0.00267670
390.90564787,0.00067047
391.12259954,-0.00019821
391.33956614,0.00110480
391.55654769,0.00232509
391.77354418,0.00242850
391.99055559,-0.00038435
392.20758194,0.00040159
392.42462321,0.00437268
392.64167941,0.00238714
392.85875053,0.00358674
393.07583657,-0.00125303
393.29293752,0.00561365
393.51005339,0.00414517
393.72718417,0.00168392
393.94432986,0.00383493
394.16149045,0.00199416
394.37866594,0.00244919
394.59585634,0.00431063
394.81306163,0.00466224
395.03028181,0.00197348
395.24751689,0.00600662
395.46476685,0.00160119
395.68203170,0.00236645
395.89931143,0.00646164
396.11660604,0.00313172
396.33391553,0.00319376
396.55123990,0.00133232
396.76857913,0.00441405
396.98593324,0.00553092
397.20330221,-0.00208034
397.42068604,0.00418654
397.63808474,-0.00077733
397.85549829,0.00474497
398.07292670,0.00596526
398.29036996,0.00232509
398.50782807,0.00422790
398.72530103,0.00629618
398.94278883,0.00333854
399.16029147,0.00424859
399.37780895,0.00145641
399.59534127,0.00687530
399.81288841,0.00373152
400.03045039,0.00571706
400.24802720,0.00706144
400.46561883,0.00296625
400.68322529,0.00226304
400.90084656,0.00176665
401.11848265,0.00675120
401.33613355,0.00422790
401.55379926,0.00207690
401.77147978,0.00691666
401.98917511,0.00687530
402.20688524,0.00139436
402.42461017,0.00292489
402.64234989,0.00445541
402.86010441,0.00178734
403.07787372,0.00582048
403.29565782,0.00484839
403.51345670,0.00331786
403.73127037,0.00588253
403.94909882,0.00404176
404.16694205,0.00559297
404.38480005,0.00246987
404.60267282,0.00147709
404.82056036,0.00131163
405.03846267,0.00695803
405.25637974,0.00726827
405.47431157,0.00834378
405.69225816,0.00346264
405.91021951,0.00288352
406.12819561,0.00100139
406.34618645,0.00172529
406.56419205,0.00304899
406.78221239,0.00424859
407.00024747,0.00793012
407.21829729,0.00067047
407.43636184,0.01028796
407.65444113,0.00720622
407.87253515,0.00743373
408.09064390,0.00627550
408.30876737,0.00507590
408.52690556,0.00654437
408.74505847,0.00449678
408.96322610,0.00844719
409.18140844,0.00466224
409.39960550,0.00371083
409.61781726,0.00691666
409.83604372,0.00462088
410.05428489,0.00726827
410.27254076,0.00246987
410.49081133,0.00836446
410.70909659,0.00602730
410.92739654,0.00298694
411.14571118,0.00898494
411.36404051,0.00695803
411.58238452,0.00761988
411.80074321,0.00414517
412.01911658,0.00902631
412.23750462,0.00821968
412.45590734,0.00644096
412.67432472,0.00673052
412.89275677,0.00646164
413.11120349,0.00579979
413.32966486,0.00234577
413.54814090,0.00488975
413.76663159,0.00764056
413.98513693,0.00464156
414.20365692,0.00218031
414.42219156,0.00702008
414.64074084,0.00224236
414.85930477,0.00604799
415.07788333,0.00149778
415.29647653,0.00484839
415.51508437,0.00191143
415.73370683,0.00346264
415.95234392,0.00410381
416.17099564,0.00497248
416.38966198,0.00685462
416.60834294,0.00654437
416.82703851,0.00670984
417.04574870,0.00195280
417.26447350,0.00627550
417.48321291,0.00449678
417.70196692,0.00135300
417.92073554,0.00679257
418.13951875,0.00786807
418.35831657,0.00050500
418.57712898,0.00191143
418.79595598,0.00997771
419.01479757,0.00968816
419.23365374,0.00749578
419.45252450,0.00313172
419.67140984,0.00658574
419.89030975,0.00842651
420.10922425,0.00999840
420.32815331,0.00383493
420.54709694,0.00743373
420.76605514,0.00770261
420.98502791,0.00513795
421.20401523,0.00036022
421.42301712,0.00515863
421.64203356,0.00863333
421.86106455,0.00406244
422.08011009,0.00563433
422.29917018,0.00803353
422.51824482,0.00755783
422.73733399,0.00424859
422.95643771,0.00900562
423.17555596,0.00488975
423.39468875,0.00509658
423.61383606,0.00654437
423.83299790,0.00582048
424.05217427,0.00598594
424.27136516,0.00735100
424.49057057,0.00548955
424.70979050,0.00561365
424.92902494,0.00668915
425.14827390,0.00699940
425.36753736,0.00695803
425.58681532,0.01276989
425.80610779,0.00956406
426.02541476,0.01092912
426.24473623,0.00391766
426.46407219,0.00757851
426.68342265,0.00515863
426.90278759,0.00871607
427.12216702,0.00830241
427.34156093,0.00780602
427.56096933,0.01101185
427.78039220,0.01140483
427.99982955,0.00722691
428.21928137,0.00735100
428.43874766,0.00470361
428.65822841,0.00832309
428.87772363,0.00888153
429.09723331,0.00617208
429.31675745,0.00524136
429.53629605,0.00435200
429.75584910,0.00780602
429.97541660,0.01014318
430.19499854,0.00557228
430.41459494,0.00997771
430.63420577,0.00888153
430.85383104,0.00852992
431.07347075,0.01063956
431.29312489,0.01262511
431.51279347,0.00805422
431.73247647,0.00743373
431.95217390,0.00902631
432.17188574,0.00946064
432.39161201,0.00739237
432.61135270,0.00681325
432.83110780,0.00819900
433.05087731,0.01163234
433.27066123,0.00793012
433.49045956,0.01068093
433.71027229,0.00797149
433.93009942,0.01074298
434.14994095,0.01119800
434.36979687,0.00935723
434.58966718,0.00970884
434.80955189,0.01035000
435.02945098,0.01078434
435.24936445,0.01607913
435.46929230,0.01252170
435.68923454,0.01411427
435.90919115,0.01380403
436.12916213,0.01212872
436.34914748,0.01475543
436.56914720,0.01276989
436.78916128,0.01057751
437.00918972,0.01256306
437.22923252,0.01154961
437.44928968,0.01318354
437.66936119,0.01328696
437.88944706,0.01674098
438.10954727,0.01545865
438.32966182,0.01506568
438.54979072,0.01334901
438.76993395,0.01959520
438.99009153,0.01690644
439.21026343,0.01725805
439.43044967,0.01895404
439.65065024,0.02120846
439.87086513,0.01450724
440.09109434,0.01500363
440.31133788,0.01543797
440.53159573,0.02093958
440.75186789,0.01494158
440.97215437,0.01612050
441.19245516,0.01816809
441.41277025,0.01692713
441.63309964,0.01500363
441.85344334,0.01667893
442.07380133,0.01572753
442.29417362,0.01655484
442.51456020,0.01442451
442.73496107,0.01581026
442.95537623,0.01856107
443.17580567,0.01988476
443.39624939,0.02153938
443.61670739,0.01723737
443.83717967,0.01938838
444.05766622,0.01938838
444.27816704,0.02100163
444.49868212,0.01276989
444.71921147,0.01672030
444.93975509,0.01814741
445.16031296,0.01951247
445.38088508,0.01843697
445.60147147,0.01814741
445.82207210,0.01436246
446.04268698,0.01785785
446.26331610,0.02218055
446.48395947,0.01241828
446.70461707,0.01787853
446.92528892,0.01492090
447.14597499,0.01928496
447.36667530,0.01322491
447.58738984,0.02087754
447.80811860,0.01736146
448.02886158,0.01556206
448.24961879,0.01713395
448.47039021,0.01727873
448.69117585,0.02397995
448.91197570,0.02300786
449.13278975,0.01607913
449.35361802,0.01680303
449.57446049,0.01756829
449.79531715,0.01214941
450.01618802,0.01409359
450.23707308,0.01396949
450.45797234,0.02017432
450.67888578,0.01698917
450.89981341,0.01432110
451.12075522,0.01765102
451.34171122,0.01959520
451.56268139,0.01847833
451.78366574,0.01866448
452.00466426,0.01986408
452.22567696,0.01291467
452.44670382,0.01560343
452.66774484,0.01260443
452.88880003,0.02236670
453.10986938,0.01498295
453.33095288,0.01736146
453.55205053,0.01727873
453.77316234,0.01305945
453.99428830,0.01711327
454.21542840,0.01618255
454.43658264,0.01936769
454.65775102,0.01895404
454.87893354,0.02009159
455.10013019,0.01763034
455.32134098,0.02325605
455.54256589,0.02358698
455.76380493,0.01899540
455.98505809,0.02025705
456.20632537,0.02129119
456.42760677,0.01924360
456.64890229,0.01705122
456.87021191,0.02375244
457.09153565,0.02052593
457.31287349,0.02029842
457.53422544,0.02501409
457.75559149,0.02422814
457.97697163,0.01988476
458.19836587,0.02321469
458.41977420,0.02433156
458.64119663,0.02482795
458.86263313,0.02267694
459.08408373,0.02474521
459.30554840,0.02383517
459.52702716,0.02958498
459.74851999,0.01895404
459.97002689,0.02807514
460.19154786,0.02408337
460.41308290,0.02499341
460.63463201,0.02298718
460.85619518,0.02083617
461.07777241,0.02441429
461.29936369,0.02172553
461.52096903,0.02511750
461.74258841,0.02656530
461.96422185,0.02429019
462.18586933,0.02462112
462.40753086,0.02718578
462.62920642,0.02991591
462.85089602,0.02724783
463.07259966,0.02389722
463.29431733,0.02298718
463.51604902,0.02488999
463.73779475,0.02391790
463.95955449,0.02871631
464.18132826,0.02902655
464.40311604,0.02381449
464.62491784,0.02596550
464.84673365,0.02766149
465.06856347,0.03142575
465.29040730,0.02522092
465.51226513,0.02747534
465.73413696,0.02538638
465.95602279,0.02759944
466.17792261,0.02840606
466.39983643,0.03165326
466.62176424,0.02844743
466.84370603,0.03351471
467.06566181,0.02842675
467.28763157,0.03196350
467.50961531,0.03159121
467.73161303,0.03252194
467.95362472,0.03047434
468.17565038,0.03463158
468.39769001,0.03196350
468.61974360,0.03152916
468.84181116,0.03192214
469.06389267,0.03994705
469.28598814,0.03376290
469.50809757,0.03736171
469.73022094,0.03574845
469.95235827,0.03430066
470.17450954,0.03227374
470.39667475,0.03152916
470.61885390,0.03339061
470.84104699,0.03380427
471.06325402,0.03965749
471.28547498,0.03434202
471.50770986,0.03514865
471.72995867,0.03308037
471.95222141,0.03175667
472.17449806,0.03109483
472.39678864,0.03049502
472.61909313,0.03471431
472.84141153,0.03051571
473.06374384,0.04108460
473.28609005,0.03725829
473.50845017,0.03262535
473.73082420,0.03394905
473.95321212,0.03591391
474.17561393,0.03971954
474.39802964,0.03388700
474.62045924,0.03417656
474.84290273,0.02977113
475.06536010,0.03525206
475.28783136,0.03808560
475.51031649,0.03622415
475.73281550,0.03272876
475.95532838,0.03059844
476.17785513,0.03349403
476.40039575,0.03500387
476.62295024,0.03254262
476.84551859,0.03603801
477.06810080,0.03628620
477.29069686,0.03475568
477.51330678,0.03620347
477.73593055,0.03769263
477.95856817,0.03299764
478.18121963,0.03667917
478.40388494,0.03601733
478.62656409,0.03907838
478.84925707,0.03521070
479.07196389,0.03390768
479.29468455,0.03562435
479.51741903,0.03769263
479.74016733,0.03111551
479.96292946,0.03382495
480.18570542,0.03649303
480.40849519,0.03140507
480.63129877,0.03425929
480.85411617,0.03382495
481.07694738,0.03229443
481.29979239,0.03415588
481.52265121,0.03200487
481.74552383,0.03308037
481.96841025,0.03196350
482.19131046,0.03508660
482.41422447,0.03057776
482.63715227,0.03384563
482.86009385,0.03082595
483.08304922,0.03233579
483.30601837,0.03287354
483.52900130,0.03769263
483.75199801,0.03436270
483.97500849,0.03578981
484.19803274,0.03597596
484.42107076,0.03070185
484.64412255,0.03605869
484.86718810,0.03533479
485.09026741,0.02780626
485.31336047,0.03097073
485.53646729,0.03109483
485.75958786,0.02768217
485.98272218,0.02867494
486.20587024,0.02848880
486.42903205,0.03109483
486.65220760,0.03080527
486.87539689,0.03303901
487.09859991,0.03107414
487.32181666,0.03339061
487.54504715,0.03705146
487.76829136,0.03616210
487.99154929,0.03990569
488.21482094,0.03533479
488.43810631,0.03709283
488.66140540,0.04213943
488.88471820,0.03808560
489.10804471,0.03831311
489.33138493,0.04129143
489.55473885,0.03982296
489.77810647,0.03967818
490.00148780,0.04284264
490.22488281,0.04453863
490.44829153,0.04691715
490.67171393,0.04619325
490.89515002,0.04648281
491.11859979,0.04660690
491.34206325,0.04859245
491.56554038,0.04346312
491.78903120,0.04642076
492.01253568,0.04528321
492.23605384,0.04520048
492.45958567,0.04755831
492.68313116,0.04528321
492.90669031,0.04036071
493.13026312,0.03963681
493.35384960,0.03909906
493.57744972,0.03717556
493.80106350,0.03605869
494.02469092,0.04120870
494.24833200,0.04007115
494.47198671,0.04408361
494.69565507,0.03765126
494.91933706,0.04549004
495.14303269,0.03872677
495.36674195,0.03690668
495.59046484,0.04062958
495.81420136,0.03593459
496.03795150,0.03411451
496.26171526,0.03169463
496.48549264,0.03436270
496.70928364,0.03597596
496.93308825,0.03924384
497.15690647,0.04193260
497.38073830,0.03883018
497.60458373,0.04199465
497.82844276,0.05018502
498.05231539,0.04151894
498.27620162,0.04182918
498.50010144,0.04220147
498.72401485,0.03928520
498.94794185,0.04499365
499.17188244,0.03932657
499.39583661,0.04203601
499.61980435,0.03918179
499.84378568,0.04470409
500.06778058,0.04125007
500.29178904,0.04331834
500.51581108,0.03835448
500.73984668,0.04207738
500.96389585,0.03922316
501.18795858,0.03926452
501.41203486,0.04335971
501.63612470,0.04005047
501.86022809,0.04449726
502.08434503,0.04468341
502.30847551,0.04143621
502.53261954,0.04056754
502.75677711,0.03659644
502.98094822,0.04195328
503.20513286,0.04005047
503.42933104,0.04251172
503.65354274,0.03820970
503.87776797,0.03558299
504.10200673,0.03345266
504.32625901,0.03769263
504.55052480,0.03357676
504.77480411,0.03171531
504.99909694,0.02673076
505.22340327,0.03289423
505.44772312,0.03163258
505.67205646,0.02745466
505.89640331,0.02981249
506.12076366,0.02801309
506.34513750,0.02904723
506.56952484,0.02646188
506.79392567,0.02844743
507.01833999,0.03076390
507.24276779,0.03355608
507.46720907,0.03194282
507.69166384,0.02968840
507.91613208,0.02906791
508.14061380,0.03159121
508.36510898,0.03250125
508.58961764,0.03467295
508.81413976,0.03756853
509.03867534,0.03870609
509.26322439,0.03547957
509.48778689,0.03868540
509.71236285,0.04278059
509.93695226,0.03891291
510.16155512,0.03820970
510.38617142,0.03810629
510.61080117,0.03860267
510.83544436,0.03783741
511.06010099,0.03901633
511.28477105,0.04513843
511.50945454,0.04114665
511.73415147,0.03750648
511.95886182,0.03529343
512.18358560,0.03471431
512.40832280,0.02954362
512.63307341,0.03320447
512.85783745,0.02937816
513.08261489,0.03111551
513.30740575,0.03138438
513.53221001,0.03163258
513.75702768,0.03372154
513.98185875,0.03018478
514.20670322,0.02970908
514.43156109,0.03136370
514.65643235,0.03057776
514.88131700,0.02929542
515.10621504,0.03715488
515.33112647,0.03088800
515.55605128,0.03103278
515.78098946,0.03113619
516.00594103,0.03123960
516.23090597,0.03179804
516.45588428,0.03318379
516.68087596,0.02900587
516.90588100,0.03196350
517.13089941,0.02801309
517.35593118,0.02989522
517.58097631,0.03068117
517.80603479,0.03113619
518.03110663,0.02931611
518.25619181,0.03026751
518.48129034,0.02730988
518.70640222,0.03047434
518.93152743,0.02873699
519.15666598,0.03035025
519.38181787,0.02861289
519.60698310,0.02977113
519.83216165,0.02652393
520.05735353,0.02426951
520.28255873,0.02555184
520.50777726,0.02511750
520.73300910,0.02896450
520.95825426,0.02840606
521.18351273,0.03221170
521.40878452,0.03146712
521.63406961,0.02764080
521.85936801,0.02904723
522.08467971,0.02838538
522.31000471,0.03024683
522.53534300,0.03196350
522.76069459,0.03696873
522.98605947,0.03514865
523.21143764,0.03653439
523.43682910,0.03984364
523.66223383,0.03866472
523.88765185,0.03864404
524.11308315,0.03961613
524.33852772,0.04319425
524.56398556,0.03942998
524.78945667,0.04505570
525.01494104,0.04489023
525.24043868,0.04478682
525.46594959,0.04908884
525.69147374,0.05682419
525.91701116,0.04664827
526.14256182,0.04631735
526.36812574,0.04356654
526.59370290,0.04503501
526.81929331,0.04201533
527.04489696,0.04420770
527.27051384,0.04445590
527.49614396,0.04313220
527.72178732,0.04025729
527.94744390,0.04052617
528.17311372,0.04149826
528.39879675,0.04594506
528.62449301,0.04449726
528.85020249,0.04958522
529.07592518,0.04973000
529.30166109,0.05026776
529.52741021,0.05378383
529.75317254,0.05692761
529.97894807,0.05225330
530.20473680,0.05767219
530.43053874,0.06211898
530.65635387,0.06826177
530.88218219,0.06209830
531.10802371,0.06710353
531.33387841,0.06584188
531.55974630,0.06515935
531.78562738,0.06668988
532.01152163,0.06768265
532.23742906,0.06364951
532.46334967,0.06571779
532.68928344,0.06489048
532.91523039,0.06968888
533.14119051,0.06942000
533.36716378,0.06629690
533.59315022,0.06261537
533.81914982,0.06102280
534.04516257,0.07006117
534.27118847,0.06201557
534.49722752,0.06447682
534.72327973,0.06635895
534.94934507,0.06307039
535.17542356,0.06886157
535.40151518,0.06691739
535.62761994,0.06418726
535.85373784,0.06191216
536.07986886,0.06631759
536.30601301,0.06414590
536.53217029,0.06460092
536.75834069,0.05996798
536.98452420,0.06549028
537.21072084,0.07006117
537.43693059,0.06917181
537.66315345,0.06689671
537.88938941,0.06892362
538.11563848,0.06993707
538.34190066,0.07318427
538.56817593,0.07192262
538.79446431,0.07041278
539.02076577,0.07200535
539.24708033,0.07258447
539.47340798,0.07477684
539.69974871,0.07308085
539.92610252,0.07188125
540.15246942,0.07297744
540.37884939,0.07428045
540.60524244,0.08046460
540.83164856,0.07297744
541.05806775,0.08060938
541.28450001,0.08282244
541.51094533,0.08637988
541.73740371,0.08333951
541.96387515,0.08156079
542.19035965,0.08021641
542.41685719,0.08520096
542.64336779,0.08720719
542.86989144,0.08755880
543.09642813,0.07692785
543.32297786,0.08329814
543.54954063,0.07657624
543.77611643,0.08503550
544.00270527,0.08052665
544.22930714,0.08960639
544.45592204,0.08232605
544.68254996,0.08164352
544.90919091,0.07548006
545.13584487,0.08147806
545.36251185,0.07603849
545.58919184,0.07440455
545.81588485,0.07529391
546.04259086,0.07614190
546.26930988,0.07527323
546.49604191,0.07698990
546.72278693,0.07254310
546.94954495,0.07682444
547.17631596,0.07419772
547.40309997,0.07452865
547.62989696,0.07043346
547.85670694,0.07556279
548.08352991,0.08724855
548.31036585,0.07870657
548.53721477,0.07949251
548.76407667,0.08733128
548.99095154,0.08242947
549.21783938,0.08193308
549.44474018,0.08222264
549.67165395,0.08263630
549.89858069,0.07932705
550.12552038,0.08166420
550.35247302,0.07847906
550.57943862,0.08009231
550.80641717,0.07852042
551.03340866,0.08257425
551.26041310,0.08416682
551.48743048,0.08805518
551.71446081,0.08724855
551.94150406,0.09256403
552.16856025,0.09552166
552.39562937,0.09963753
552.62271142,0.09711424
552.84980640,0.09688673
553.07691429,0.10009256
553.30403511,0.10224356
553.53116884,0.10493232
553.75831549,0.10077509
553.98547505,0.10797269
554.21264752,0.10855181
554.43983289,0.10824157
554.66703116,0.11444640
554.89424234,0.11506688
555.12146641,0.11688697
555.34870338,0.11386728
555.57595324,0.11914139
555.80321599,0.12333999
556.03049162,0.12106489
556.25778014,0.11787974
556.48508154,0.12451891
556.71239582,0.12451891
556.93972297,0.12406389
557.16706300,0.11725926
557.39441589,0.11730062
557.62178165,0.11922412
557.84916028,0.11366045
558.07655177,0.11742472
558.30395611,0.11967914
558.53137331,0.12408457
558.75880337,0.12580124
558.98624627,0.12826249
559.21370202,0.11767291
559.44117062,0.11750745
559.66865206,0.11272973
559.89614634,0.11221266
560.12365345,0.10832430
560.35117340,0.10505642
560.57870618,0.10402228
560.80625179,0.10300883
561.03381022,0.10466345
561.26138148,0.10333975
561.48896555,0.10505642
561.71656244,0.10156103
561.94417215,0.10060962
562.17179467,0.10398092
562.39942999,0.10234698
562.62707812,0.10307087
562.85473906,0.10590441
563.08241279,0.10091987
563.31009933,0.09951344
563.53779866,0.10621466
563.76551078,0.09825179
563.99323568,0.10214015
564.22097338,0.10096123
564.44872386,0.09827247
564.67648712,0.09961685
564.90426316,0.10003051
565.13205197,0.09854135
565.35985356,0.10050621
565.58766792,0.10671104
565.81549504,0.10534598
566.04333493,0.10673173
566.27118758,0.09531483
566.49905298,0.09467367
566.72693115,0.09382568
566.95482207,0.10050621
567.18272573,0.09758994
567.41064215,0.10224356
567.63857131,0.10000982
567.86651321,0.09897569
568.09446785,0.09618351
568.32243523,0.10102328
568.55041534,0.09502528
568.77840819,0.10160240
569.00641376,0.09707287
569.23443206,0.09767267
569.46246308,0.09972027
569.69050682,0.09856203
569.91856327,0.10137489
570.14663244,0.10038211
570.37471433,0.09630761
570.60280892,0.10664899
570.83091622,0.10294678
571.05903622,0.10710402
571.28716892,0.10687650
571.51531432,0.11010302
571.74347241,0.11097169
571.97164320,0.10724879
572.19982667,0.10875864
572.42802284,0.10764177
572.65623168,0.10586305
572.88445321,0.11339158
573.11268742,0.10838635
573.34093430,0.10838635
573.56919385,0.11010302
573.79746608,0.11421889
574.02575097,0.12203698
574.25404853,0.12075465
574.48235874,0.12350545
574.71068162,0.12710426
574.93901715,0.12762133
575.16736534,0.13463279
575.39572618,0.12880024
575.62409966,0.13405367
575.85248579,0.13215085
576.08088456,0.13775588
576.30929597,0.13932778
576.53772002,0.13517054
576.76615671,0.14058942
576.99460602,0.13984484
577.22306796,0.14348501
577.45154253,0.14778703
577.68002972,0.14315409
577.90852953,0.14234746
578.13704196,0.14127196
578.36556700,0.14034123
578.59410465,0.14108581
578.82265492,0.14061011
579.05121779,0.14201654
579.27979326,0.13504644
579.50838133,0.13637014
579.73698201,0.13521190
579.96559527,0.13688721
580.19422113,0.13533600
580.42285958,0.12900707
580.65151062,0.13072374
580.88017424,0.12307112
581.10885044,0.12398116
581.33753922,0.12770406
581.56624057,0.12230585
581.79495450,0.12389843
582.02368100,0.11924480
582.25242007,0.12160264
582.48117170,0.12170605
582.70993589,0.12373296
582.93871264,0.12476710
583.16750195,0.12567715
583.39630381,0.11988597
583.62511822,0.12309180
583.85394518,0.12209903
584.08278469,0.12410525
584.31163674,0.12242995
584.54050133,0.11974119
584.76937845,0.12191288
584.99826811,0.12365023
585.22717030,0.13028940
585.45608502,0.12602875
585.68501226,0.13756974
585.91395203,0.13645287
586.14290432,0.14679426
586.37186912,0.14925551
586.60084644,0.15028964
586.82983628,0.15419869
587.05883862,0.15601877
587.28785347,0.15796295
587.51688082,0.16369208
587.74592067,0.15889368
587.97497302,0.15701155
588.20403787,0.15268885
588.43311520,0.15688745
588.66220503,0.16764249
588.89130735,0.16350594
589.12042215,0.16681518
589.34954943,0.17386801
589.57868919,0.16594650
589.80784142,0.17359913
590.03700613,0.17068286
590.26618331,0.16367140
590.49537296,0.16633948
590.72457507,0.16218224
590.95378964,0.15926597
591.18301667,0.16296818
591.41225616,0.16600855
591.64150811,0.16257521
591.87077250,0.16358867
592.10004934,0.16586377
592.32933863,0.15982440
592.55864036,0.15337138
592.78795453,0.15496395
593.01728114,0.15610150
593.24662018,0.15881095
593.47597165,0.15996918
593.70533555,0.16135493
593.93471188,0.16094127
594.16410063,0.16224429
594.39350180,0.16501578
594.62291539,0.16176858
594.85234140,0.16489168
595.08177981,0.17018647
595.31123064,0.16222360
595.54069387,0.15998987
595.77016951,0.16162380
595.99965755,0.15943143
596.22915798,0.16001055
596.45867081,0.16263726
596.68819604,0.15601877
596.91773365,0.15405391
597.14728365,0.15177880
597.37684603,0.15810773
597.60642080,0.16369208
597.83600795,0.17084832
598.06560747,0.18017625
598.29521936,0.17862504
598.52484363,0.18507807
598.75448026,0.18056922
598.98412926,0.17566741
599.21379062,0.17682564
599.44346434,0.17413688
599.67315042,0.17595697
599.90284885,0.17982464
600.13255963,0.18931804
600.36228276,0.19151041
600.59201824,0.19508853
600.82176606,0.19889416
601.05152622,0.19963874
601.28129871,0.19564697
601.51108354,0.20085902
601.74088070,0.20063151
601.97069019,0.20288594
602.20051201,0.20205863
602.43034615,0.20596767
602.66019261,0.21539901
602.89005139,0.22578177
603.11992249,0.22890486
603.34980589,0.23560608
603.57970161,0.23672295
603.80960963,0.23771573
604.03952996,0.24141794
604.26946259,0.24948422
604.49940751,0.24522357
604.72936474,0.24741595
604.95933425,0.24756073
605.18931606,0.23928762
605.41931015,0.23794324
605.64931653,0.24081814
605.87933519,0.24164545
606.10936612,0.26030131
606.33940934,0.26236959
606.56946483,0.28164594
606.79953259,0.28563771
607.02961261,0.29571022
607.25970490,0.29620661
607.48980946,0.30222529
607.71992627,0.30644458
607.95005534,0.31761328
608.18019667,0.32131549
608.41035024,0.32727213
608.64051607,0.33637255
608.87069414,0.34915451
609.10088445,0.35080913
609.33108700,0.36100573
609.56130179,0.36578345
609.79152882,0.37138849
610.02176808,0.37124371
610.25201956,0.37482183
610.48228328,0.38754173
610.71255921,0.38911362
610.94284737,0.39564938
611.17314775,0.40323996
611.40346034,0.39099575
611.63378514,0.37955818
611.86412215,0.36706579
612.09447137,0.35492500
612.32483280,0.34613482
612.55520642,0.32890607
612.78559225,0.30617570
613.01599027,0.28507928
613.24640048,0.28019814
613.47682288,0.27370375
613.70725747,0.26836759
613.93770425,0.25542018
614.16816321,0.25058041
614.39863434,0.24576132
614.62911766,0.24414807
614.85961314,0.24501674
615.09012080,0.24629908
615.32064063,0.23986673
615.55117262,0.23029061
615.78171677,0.23475809
616.01227308,0.23308278
616.24284156,0.23107656
616.47342218,0.23506833
616.70401496,0.23686773
616.93461988,0.23446853
617.16523695,0.22853257
617.39586617,0.21959762
617.62650752,0.22059039
617.85716101,0.20576084
618.08782664,0.20056947
618.31850440,0.18693952
618.54919429,0.18493329
618.77989630,0.17684633
619.01061044,0.17066218
619.24133670,0.16406437
619.47207508,0.16820093
619.70282557,0.16528466
619.93358818,0.16203746
620.16436289,0.15159266
620.39514972,0.15289567
620.62594864,0.14135469
620.85675967,0.14375389
621.08758280,0.13959665
621.31841802,0.13430186
621.54926534,0.13223358
621.78012475,0.12592534
622.01099624,0.12342272
622.24187982,0.12724904
622.47277549,0.12553237
622.70368323,0.12232654
622.93460305,0.11566668
623.16553494,0.11095101
623.39647890,0.10716606
623.62743493,0.10422911
623.85840303,0.10240903
624.08938319,0.10319497
624.32037541,0.10032007
624.55137968,0.10282268
624.78239602,0.10129216
625.01342440,0.09709355
625.24446483,0.09800360
625.47551731,0.09471503
625.70658183,0.09727970
625.93765839,0.09982368
626.16874699,0.10360863
626.39984763,0.09498391
626.63096029,0.10567690
626.86208499,0.10499437
627.09322171,0.10904820
627.32437046,0.11159218
627.55553123,0.11887251
627.78670401,0.11777633
628.01788882,0.12538759
628.24908563,0.12747655
628.48029446,0.12493257
628.71151529,0.12886229
628.94274813,0.13546010
629.17399296,0.14263702
629.40524980,0.14114786
629.63651863,0.15192358
629.86779946,0.15641175
630.09909228,0.17004169
630.33039709,0.17800456
630.56171388,0.19887348
630.79304265,0.19016603
631.02438340,0.20441646
631.25573613,0.20660884
631.48710084,0.20758093
631.71847751,0.21014559
631.94986615,0.22499582
632.18126676,0.23525448
632.41267933,0.23879123
632.64410387,0.23703319
632.87554035,0.24220389
633.10698880,0.24813984
633.33844919,0.24396192
633.56992154,0.24936013
633.80140583,0.25732299
634.03290207,0.25949469
634.26441024,0.25240049
634.49593035,0.25502721
634.72746240,0.26123204
634.95900638,0.26814008
635.19056229,0.27277303
635.42213013,0.27767484
635.65370989,0.27721982
635.88530158,0.27479994
636.11690518,0.28412787
636.34852069,0.30305260
636.58014812,0.32592775
636.81178746,0.34332196
637.04343871,0.34946475
637.27510187,0.35267058
637.50677692,0.36053003
637.73846387,0.36946499
637.97016272,0.38388088
638.20187347,0.38572165
638.43359610,0.37080937
638.66533062,0.37246399
638.89707703,0.36518365
639.12883532,0.35641416
639.36060549,0.35591777
639.59238754,0.35047194
639.82418146,0.36231060
640.05598725,0.34650589
640.28780491,0.33672840
640.51963444,0.34227017
640.75147583,0.32428477
640.98332908,0.33724605
641.21519419,0.33428405
641.44707115,0.34317118
641.67895997,0.32837032
641.91086063,0.31364693
642.14277314,0.31085151
642.37469750,0.31680927
642.60663369,0.32142154
642.83858172,0.32370002
643.07054159,0.32914470
643.30251329,0.32561351
643.53449683,0.31537087
643.76649218,0.30350035
643.99849937,0.29653440
644.23051837,0.30500265
644.46254919,0.29780863
644.69459183,0.29901657
644.92664628,0.29404149
645.15871254,0.28522633
645.39079061,0.28130169
645.62288049,0.28017231
645.85498217,0.25803566
646.08709564,0.26051202
646.31922091,0.25945653
646.55135798,0.25985472
646.78350684,0.25822111
647.01566748,0.24650089
647.24783991,0.23806109
647.48002413,0.23716409
647.71222012,0.24271425
647.94442789,0.24741251
648.17664744,0.24124955
648.40887875,0.23755011
648.64112184,0.24109744
648.87337669,0.24044660
649.10564331,0.22753119
649.33792168,0.23620169
649.57021181,0.23661164
649.80251370,0.23958595
650.03482734,0.24173021
650.26715273,0.24549997
650.49948987,0.24283528
650.73183875,0.24530439
650.96419937,0.23831519
651.19657173,0.23360164
651.42895582,0.23099130
651.66135165,0.22489391
651.89375921,0.23117886
652.12617849,0.22914194
652.35860950,0.23177076
652.59105224,0.22706216
652.82350669,0.23088278
653.05597285,0.23261874
653.28845073,0.22525091
653.52094032,0.23319287
653.75344162,0.22850166
653.98595462,0.23468772
654.21847933,0.22596142
654.45101573,0.22363931
654.68356383,0.22978561
654.91612363,0.23533192
655.14869511,0.22665068
655.38127829,0.23970449
655.61387315,0.22703254
655.84647969,0.23881343
656.07909792,0.23794134
656.31172782,0.23370452
656.54436939,0.22315213
656.77702264,0.22045751
657.00968756,0.22155962
657.24236414,0.23622154
657.47505238,0.23344370
657.70775229,0.23677284
657.94046385,0.24599489
658.17318707,0.25028857
658.40592195,0.25133605
658.63866847,0.25676927
658.87142663,0.25942931
659.10419645,0.26237566
659.33697790,0.25518785
659.56977099,0.25754088
659.80257572,0.24901896
660.03539208,0.24948444
660.26822007,0.23623306
660.50105969,0.23727858
660.73391093,0.24483113
660.96677380,0.24180667
661.19964828,0.24478089
661.43253438,0.24996740
661.66543209,0.24492188
661.89834142,0.25105841
662.13126235,0.24365957
662.36419489,0.24386886
662.59713903,0.25725763
662.83009477,0.24886098
663.06306210,0.24322766
663.29604103,0.25002915
663.52903155,0.25457433
663.76203367,0.24353699
663.99504736,0.24025171
664.22807264,0.23759030
664.46110950,0.22525179
664.69415794,0.22179508
664.92721795,0.22043230
665.16028953,0.21963337
665.39337269,0.21438276
665.62646740,0.21384570
665.85957369,0.21209312
666.09269153,0.20908029
666.32582093,0.20840833
666.55896189,0.20836925
666.79211440,0.21146929
667.02527846,0.21690886
667.25845406,0.20966989
667.49164121,0.20274116
667.72483991,0.21130382
667.95805014,0.20855302
668.19127190,0.20851165
668.42450520,0.20847028
668.65775003,0.20230682
668.89100639,0.20749819
669.12427427,0.20592630
669.35755368,0.20784980
669.59084460,0.20220340
669.82414704,0.21992854
670.05746099,0.21713637
670.29078646,0.22650566
670.52412343,0.21736388
670.75747191,0.22958740
670.99083189,0.23163499
671.22420337,0.22826370
671.45758635,0.23134543
671.69098082,0.23103519
671.92438678,0.23190387
672.15780424,0.23440648
672.39123317,0.23134543
672.62467360,0.24549245
672.85812550,0.24239003
673.09158888,0.25198684
673.32506373,0.25128362
673.55855006,0.25115953
673.79204785,0.25318644
674.02555712,0.25928786
674.25907784,0.26133545
674.49261003,0.27126318
674.72615367,0.26452060
674.95970878,0.28023951
675.19327533,0.27709573
675.42685333,0.28470699
675.66044278,0.29306283
675.89404368,0.29403492
676.12765601,0.29544134
676.36127979,0.29815079
676.59491500,0.29229756
676.82856165,0.28650639
677.06221972,0.27633046
677.29588922,0.27027041
677.52957015,0.26863647
677.76326250,0.26412763
677.99696627,0.25184206
678.23068146,0.25719890
678.46440806,0.24571996
678.69814607,0.23854304
678.93189549,0.22336188
679.16565631,0.22400305
679.39942854,0.21190363
679.63321217,0.20731205
679.86700720,0.20929760
680.10081361,0.19788071
680.33463143,0.19965942
680.56846063,0.20015581
680.80230121,0.19649496
681.03615318,0.20468534
681.27001653,0.20305140
681.50389126,0.20377530
681.73777736,0.20356847
681.97167484,0.19839777
682.20558368,0.20019718
682.43950390,0.19999035
682.67343547,0.19891484
682.90737841,0.20638132
683.14133270,0.19643291
683.37529836,0.18770478
683.60927536,0.18363027
683.84326371,0.17883187
684.07726341,0.17655677
684.31127446,0.17736339
684.54529685,0.17723930
684.77933057,0.17833548
685.01337564,0.18114834
685.24743203,0.19293752
685.48149976,0.20158292
685.71557881,0.21874962
685.94966919,0.23331030
686.18377090,0.24013561
686.41788392,0.24938081
686.65200826,0.26392080
686.88614391,0.25850191
687.12029088,0.26702321
687.35444915,0.26977402
687.58861873,0.26723004
687.82279961,0.26348646
688.05699179,0.26284529
688.29119527,0.25080792
688.52541004,0.24919466
688.75963611,0.24712639
688.99387346,0.25163523
689.22812210,0.25082860
689.46238203,0.26489289
689.69665323,0.27196640
689.93093571,0.29362126
690.16522947,0.30704438
690.39953450,0.31500725
690.63385080,0.31858537
690.86817837,0.32749964
691.10251720,0.33250487
691.33686730,0.34048842
691.57122865,0.32923700
691.80560125,0.33136732
692.03998511,0.33372516
692.27438023,0.33165688
692.50878658,0.33602094
692.74320419,0.33329082
692.97763303,0.34112959
693.21207312,0.34452156
693.44652444,0.34419064
693.68098699,0.34671394
693.91546077,0.34836856
694.14994579,0.34793422
694.38444203,0.33765488
694.61894949,0.34129505
694.85346817,0.34940270
695.08799806,0.34059184
695.32253918,0.34028160
695.55709150,0.34735510
695.79165503,0.35304287
696.02622977,0.35569026
696.26081571,0.36696237
696.49541285,0.36170895
696.73002119,0.36603165
696.96464072,0.35316696
697.19927145,0.36354972
697.43391336,0.35695191
697.66856647,0.36303265
697.90323075,0.36257763
698.13790622,0.36177100
698.37259286,0.38063369
698.60729068,0.37910316
698.84199967,0.38222626
699.07671984,0.39492548
699.31145117,0.40321927
699.54619366,0.41147170
699.78094731,0.40632169
700.01571213,0.44129626
700.25048810,0.44462618
700.48527522,0.46102762
700.72007349,0.46237200
700.95488292,0.47227905
701.18970348,0.48307546
701.42453519,0.48061421
701.65937804,0.48988009
701.89423202,0.49858754
702.12909714,0.49130720
702.36397339,0.48096582
702.59886077,0.47751179
702.83375927,0.46760475
703.06866889,0.45914549
703.30358964,0.45190652
703.53852150,0.45864910
703.77346448,0.46092421
704.00841857,0.45480211
704.24338376,0.45699448
704.47836007,0.44044826
704.71334748,0.43910388
704.94834598,0.43426412
705.18335559,0.41933115
705.41837629,0.41658034
705.65340808,0.41579440
705.88845096,0.41682854
706.12350493,0.42998278
706.35856998,0.41385022
706.59364612,0.43008620
706.82873333,0.43453299
707.06383161,0.45000371
707.29894097,0.46344751
707.53406141,0.47838047
707.76919290,0.49298251
708.00433546,0.52291048
708.23948909,0.53722296
708.47465377,0.55743003
708.70982951,0.54408964
708.94501630,0.55480332
709.18021414,0.55141134
709.41542303,0.55484468
709.65064297,0.53323118
709.88587395,0.52564061
710.12111597,0.49804979
710.35636902,0.47298227
710.59163311,0.45806999
710.82690823,0.45047941
711.06219437,0.43624966
711.29749155,0.42210265
711.53279974,0.41802814
711.76811896,0.43018961
712.00344920,0.41014800
712.23879044,0.43198901
712.47414270,0.44106875
712.70950597,0.44288883
712.94488025,0.44487438
713.18026553,0.45124467
713.41566181,0.43192696
713.65106908,0.44446072
713.88648736,0.43775950
714.12191662,0.42292996
714.35735688,0.41455343
714.59280812,0.41074780
714.82827034,0.41070644
715.06374355,0.40295040
715.29922774,0.40392249
715.53472290,0.39689035
715.77022903,0.39308471
716.00574614,0.39589757
716.24127421,0.39432568
716.47681324,0.39221604
716.71236324,0.37190556
716.94792420,0.37291901
717.18349611,0.34838924
717.41907898,0.34445952
717.65467280,0.33641392
717.89027757,0.33229805
718.12589328,0.32927836
718.36151993,0.31748918
718.59715752,0.30987792
718.83280605,0.30859559
719.06846552,0.30402470
719.30413591,0.31449018
719.53981724,0.30356967
719.77550949,0.31413857
720.01121266,0.32716872
720.24692676,0.33813059
720.48265177,0.34698281
720.71838769,0.35302218
720.95413453,0.34526614
721.18989228,0.35746898
721.42566093,0.34096413
721.66144049,0.33935087
721.89723095,0.32524522
722.13303231,0.32900948
722.36884456,0.32336309
722.60466770,0.31873015
722.84050173,0.32071569
723.07634666,0.31988838
723.31220246,0.31465564
723.54806915,0.31819239
723.78394671,0.31043635
724.01983515,0.30398333
724.25573447,0.29732348
724.49164465,0.29622729
724.72756571,0.29306283
724.96349762,0.29087045
725.19944040,0.29651685
725.43539404,0.29322829
725.67135854,0.28073589
725.90733388,0.27881240
726.14332008,0.28373490
726.37931713,0.27254552
726.61532503,0.26799531
726.85134376,0.26729209
727.08737334,0.25881215
727.32341375,0.25843986
727.55946500,0.25680592
727.79552708,0.25269005
728.03159998,0.25086997
728.26768372,0.24745731
728.50377827,0.26596839
728.73988365,0.27519291
728.97599985,0.27742665
729.21212686,0.28629956
729.44826468,0.28483108
729.68441331,0.28418992
729.92057275,0.28516201
730.15674299,0.28352807
730.39292403,0.28749916
730.62911587,0.27951561
730.86531851,0.26778848
731.10153194,0.25856396
731.33775616,0.24962900
731.57399117,0.23457194
731.81023696,0.21091085
732.04649353,0.20576084
732.28276088,0.18753932
732.51903901,0.17889392
732.75532791,0.16658767
732.99162758,0.16340252
733.22793802,0.15821115
733.46425923,0.15099286
733.70059119,0.14772498
733.93693392,0.13847978
734.17328740,0.13833500
734.40965164,0.13595648
734.64602662,0.13130286
734.88241236,0.13250246
735.11880884,0.13595648
735.35521607,0.13246109
735.59163403,0.13808681
735.82806273,0.13852115
736.06450217,0.14319545
736.30095234,0.15136515
736.53741323,0.15978304
736.77388486,0.17697042
737.01036720,0.18381642
737.24686027,0.20195521
737.48336406,0.21554379
737.71987856,0.23994947
737.95640377,0.26410694
738.19293969,0.28274212
738.42948632,0.29064294
738.66604365,0.29932971
738.90261169,0.30319738
739.13919042,0.30886446
739.37577985,0.31134640
739.61237997,0.31639299
739.84899078,0.31916448
740.08561228,0.31434540
740.32224446,0.30249417
740.55888732,0.28557566
740.79554087,0.27496540
741.03220509,0.26375534
741.26887998,0.25142840
741.50556555,0.24301052
741.74226178,0.23107656
741.97896868,0.22396168
742.21568624,0.21922533
742.45241446,0.20964920
742.68915333,0.20276184
742.92590286,0.20567811
743.16266304,0.20228614
743.39943387,0.19825300
743.63621535,0.19595721
743.87300747,0.19378552
744.10981023,0.18869755
744.34662363,0.18677406
744.58344766,0.19446805
744.82028232,0.19328913
745.05712761,0.19442668
745.29398353,0.18075537
745.53085007,0.18551241
745.76772724,0.18824253
746.00461502,0.17810797
746.24151341,0.17353708
746.47842242,0.17177905
746.71534204,0.17006238
746.95227227,0.16909029
747.18921310,0.17086900
747.42616453,0.17345435
747.66312656,0.18149995
747.90009918,0.17597765
748.13708240,0.18323730
748.37407621,0.19471624
748.61108061,0.18857346
748.84809559,0.18394052
749.08512115,0.19188270
749.32215730,0.17711520
749.55920401,0.18118971
749.79626131,0.18540899
750.03332917,0.19231704
750.27040760,0.18931804
750.50749660,0.19639155
750.74459616,0.19872870
750.98170628,0.19581243
751.21882695,0.19988693
751.45595818,0.19161383
751.69309997,0.19858392
751.93025230,0.19649496
752.16741517,0.19328913
752.40458859,0.19213089
752.64177256,0.18838731
752.87896705,0.19237909
753.11617209,0.18491261
753.35338765,0.19632950
753.59061374,0.19742568
753.82785037,0.21089017
754.06509751,0.21810846
754.30235518,0.22220365
754.53962336,0.23715729
754.77690206,0.25209025
755.01419127,0.25542018
755.25149099,0.26694048
755.48880122,0.26590634
755.72612195,0.27535837
755.96345319,0.28538952
756.20079492,0.27746801
756.43814715,0.27031178
756.67550987,0.26592703
756.91288309,0.26005312
757.15026679,0.26152160
757.38766097,0.25343463
757.62506564,0.24565791
757.86248079,0.24640249
758.09990641,0.23136611
758.33734251,0.23138680
758.57478908,0.23091109
758.81224612,0.23453058
759.04971362,0.22520265
759.28719159,0.22272072
759.52468001,0.20818073
759.76217889,0.20708454
759.99968823,0.19535741
760.23720802,0.18501602
760.47473826,0.18631904
760.71227894,0.18092083
760.94983007,0.17523307
761.18739164,0.17064149
761.42496364,0.16472622
761.66254608,0.16815956
761.90013895,0.16991760
762.13774226,0.17002101
762.37535598,0.16693928
762.61298014,0.17291660
762.85061471,0.16882141
763.08825970,0.17866641
763.32591511,0.17684633
763.56358093,0.17934894
763.80125716,0.18673269
764.03894380,0.20112790
764.27664084,0.20809799
764.51434829,0.21422010
764.75206613,0.21368234
764.98979437,0.21461307
765.22753300,0.22071449
765.46528203,0.22164521
765.70304144,0.21947352
765.94081124,0.21992854
766.17859142,0.22636088
766.41638197,0.22346530
766.65418291,0.22241047
766.89199422,0.21690886
767.12981590,0.21428214
767.36764795,0.21033173
767.60549036,0.20532650
767.84334314,0.20975262
768.08120628,0.20238955
768.31907977,0.20025922
768.55696362,0.19663974
768.79485782,0.18962828
769.03276238,0.18249272
769.27067727,0.18522285
769.50860251,0.17343367
769.74653809,0.18096220
769.98448401,0.18083810
770.22244027,0.18137585
770.46040685,0.19308230
770.69838377,0.19608130
770.93637101,0.19326845
771.17436858,0.19732227
771.41237647,0.20770502
771.65039468,0.21372371
771.88842320,0.21012491
772.12646204,0.21595745
772.36451118,0.21248274
772.60257064,0.20487148
772.84064039,0.19978352
773.07872045,0.20402349
773.31681081,0.19750842
773.55491147,0.19419917
773.79302242,0.20493353
774.03114366,0.19157246
774.26927519,0.18516080
774.50741700,0.18077605
774.74556910,0.18389915
774.98373147,0.18588470
775.22190413,0.18747727
775.46008705,0.18629835
775.69828025,0.18793229
775.93648372,0.18797366
776.17469745,0.18038308
776.41292145,0.18116902
776.65115570,0.18075537
776.88940022,0.18669133
777.12765499,0.17779773
777.36592001,0.18332003
777.60419528,0.17771500
777.84248079,0.17343367
778.08077655,0.16886277
778.31908256,0.16958667
778.55739879,0.16247180
778.79572527,0.16307160
779.03406198,0.16135493
779.27240891,0.15608082
779.51076608,0.14679426
779.74913346,0.15031033
779.98751107,0.14846956
780.22589890,0.16472622
780.46429695,0.14638060
780.70270520,0.14594626
780.94112367,0.14435369
781.17955235,0.15250270
781.41799123,0.14834546
781.65644031,0.15150993
781.89489959,0.14394003
782.13336907,0.14913141
782.37184874,0.14778703
782.61033861,0.14758020
782.84883866,0.14931755
783.08734890,0.14604968
783.32586931,0.14784908
783.56439991,0.14443642
783.80294069,0.14596695
784.04149164,0.15109627
784.28005276,0.15316455
784.51862406,0.16673245
784.75720551,0.16340252
784.99579713,0.16391959
785.23439891,0.16702201
785.47301085,0.16789068
785.71163295,0.16538807
785.95026519,0.16745635
786.18890759,0.16627743
786.42756013,0.16118947
786.66622282,0.15250270
786.90489564,0.15469508
787.14357861,0.14530510
787.38227171,0.14154083
787.62097494,0.13248178
787.85968831,0.13173720
788.09841180,0.12660787
788.33714541,0.12840727
788.57588915,0.12021689
788.81464301,0.11974119
789.05340698,0.12195425
789.29218106,0.12609080
789.53096526,0.12631831
789.76975956,0.12937936
790.00856397,0.13690789
790.24737848,0.14073420
790.48620309,0.13126149
790.72503780,0.15006213
790.96388260,0.14909004
791.20273749,0.15531556
791.44160247,0.15130310
791.68047754,0.15068262
791.91936269,0.14431232
792.15825792,0.14245087
792.39716323,0.13736291
792.63607861,0.13355728
792.87500406,0.13289543
793.11393958,0.13883139
793.35288517,0.13250246
793.59184082,0.12973097
793.83080653,0.12952414
794.06978230,0.12892434
794.30876813,0.13173720
794.54776401,0.12549100
794.78676993,0.12298838
795.02578591,0.13204744
795.26481193,0.12745586
795.50384798,0.12917253
795.74289408,0.12613217
795.98195022,0.12776611
796.22101638,0.13049623
796.46009258,0.12739382
796.69917880,0.12702153
796.93827505,0.13339182
797.17738132,0.13279202
797.41649761,0.12584261
797.65562392,0.13922436
797.89476024,0.14408481
798.13390657,0.13907958
798.37306290,0.14582217
798.61222925,0.14195449
798.85140559,0.15053784
799.09059194,0.14716655
799.32978828,0.15444688
799.56899462,0.14731133
799.80821094,0.15504668
800.04743726,0.15014487
800.28667356,0.14729064
800.52591985,0.14971053
800.76517611,0.15093081
801.00444236,0.15031033
801.24371857,0.14735269
801.48300476,0.15426074
801.72230092,0.15159266
801.96160705,0.15188222
802.20092314,0.16497441
802.44024919,0.16871800
802.67958519,0.18005216
802.91893116,0.17988669
803.15828707,0.18216180
803.39765294,0.18582265
803.63702875,0.19581243
803.87641450,0.19539877
804.11581020,0.19703271
804.35521584,0.19647428
804.59463141,0.19355801
804.83405692,0.18826322
805.07349235,0.19091061
805.31293772,0.18787024
805.55239300,0.19051764
805.79185821,0.18232726
806.03133334,0.18884233
806.27081839,0.18021762
806.51031335,0.17680496
806.74981822,0.17537785
806.98933300,0.17626721
807.22885768,0.16789068
807.46839227,0.17239953
807.70793675,0.17405415
807.94749114,0.16536739
808.18705542,0.15998987
808.42662959,0.16418847
808.66621364,0.16098264
808.90580759,0.16365072
809.14541141,0.16571899
809.38502512,0.15599809
809.62464871,0.15283363
809.86428217,0.15721837
810.10392550,0.14631855
810.34357870,0.13605990
810.58324177,0.13111671
810.82291470,0.12418799
811.06259749,0.11583215
811.30229015,0.11742472
811.54199265,0.10729016
811.78170501,0.09945139
812.02142722,0.09421865
812.26115928,0.08557325
812.50090118,0.08199513
812.74065292,0.07506640
812.98041450,0.06822040
813.22018592,0.06896498
813.45996717,0.05752741
813.69975825,0.05794106
813.93955916,0.05794106
814.17936989,0.05589347
814.41919045,0.05254286
814.65902083,0.05562459
814.89886102,0.04815811
815.13871102,0.05105370
815.37857084,0.04927498
815.61844047,0.05032980
815.85831990,0.04956454
816.09820913,0.04600710
816.33810817,0.04184987
816.57801700,0.04412497
816.81793562,0.04290469
817.05786404,0.04462136
817.29780225,0.03758922
817.53775024,0.03845789
817.77770801,0.03794082
818.01767557,0.03272876
818.25765290,0.03221170
818.49764001,0.03322515
818.73763689,0.03663781
818.97764354,0.03368017
819.21765996,0.03492114
819.45768614,0.03097073
819.69772209,0.02702032
819.93776779,0.03028820
820.17782324,0.02888177
820.41788845,0.03262535
820.65796341,0.03049502
820.89804812,0.02931611
821.13814257,0.03264603
821.37824677,0.03742375
821.61836070,0.03802355
821.85848437,0.04069163
822.09861777,0.04635871
822.33876090,0.05494206
822.57891376,0.06244991
822.81907635,0.06710353
823.05924866,0.07732082
823.29943069,0.09080599
823.53962243,0.10588373
823.77982389,0.12116830
824.02003506,0.13678379
824.26025594,0.15845934
824.50048652,0.18700157
824.74072681,0.19080720
824.98097680,0.21370303
825.22123648,0.22406510
825.46150586,0.24714707
825.70178493,0.25062178
825.94207369,0.25275210
826.18237214,0.26894671
826.42268027,0.27235937
826.66299808,0.27343487
826.90332557,0.28559634
827.14366273,0.28441743
827.38400957,0.29318692
827.62436608,0.28725097
827.86473225,0.29581363
828.10510809,0.29250439
828.34549359,0.28952607
828.58588874,0.28512064
828.82629356,0.28882286
829.06670802,0.27589612
829.30713214,0.27295917
829.54756590,0.26251437
829.78800931,0.25552359
830.02846236,0.25666115
830.26892505,0.25436536
830.50939738,0.25500652
830.74987934,0.25146977
830.99037093,0.24623703
831.23087215,0.24826394
831.47138299,0.24485128
831.71190346,0.24524425
831.95243355,0.24112838
832.19297325,0.23777777
832.43352257,0.22731229
832.67408150,0.22495445
832.91465003,0.22404441
833.15522818,0.20472670
833.39581592,0.20241023
833.63641327,0.19744637
833.87702022,0.18158268
834.11763676,0.17072422
834.35826289,0.16478827
834.59889861,0.16344389
834.83954392,0.14758020
835.08019881,0.13754906
835.32086328,0.13452937
835.56153733,0.13337114
835.80222095,0.12346409
836.04291415,0.11775564
836.28361692,0.11177832
836.52432926,0.10913093
836.76505116,0.10393955
837.00578262,0.10096123
837.24652364,0.09459094
837.48727421,0.08834474
837.72803434,0.08590417
837.96880402,0.08197445
838.20958325,0.07717604
838.45037202,0.07980276
838.69117033,0.07792062
838.93197819,0.08151943
839.17279558,0.07924432
839.41362250,0.08819996
839.65445896,0.08571803
839.89530494,0.09080599
840.13616045,0.09173672
840.37702548,0.09328792
840.61790003,0.09870681
840.85878410,0.10102328
841.09967768,0.09765199
841.34058078,0.09792086
841.58149338,0.09483913
841.82241549,0.09949275
842.06334710,0.09308110
842.30428821,0.09010278
842.54523883,0.08871703
842.78619893,0.08927547
843.02716853,0.08398068
843.26814762,0.07976139
843.50913619,0.07415636
843.75013425,0.07821018
843.99114179,0.07357724
844.23215881,0.07589371
844.47318530,0.07183989
844.71422127,0.08371180
844.95526670,0.07804472
845.19632161,0.07566620
845.43738597,0.07365997
845.67845980,0.07808609
845.91954309,0.07428045
846.16063584,0.07663829
846.40173803,0.07084711
846.64284968,0.07450797
846.88397078,0.06679329
847.12510132,0.07004049
847.36624130,0.07109531
847.60739073,0.06844791
847.84854959,0.07303949
848.08971788,0.07523186
848.33089561,0.07299812
848.57208276,0.07653488
848.81327934,0.08484935
849.05448534,0.08518028
849.29570076,0.08805518
849.53692560,0.09976163
849.77815986,0.10619397
850.01940353,0.11715584
850.26065660,0.11651468
850.50191908,0.12615285
850.74319097,0.12638036
850.98447225,0.13856251
851.22576294,0.13936914
851.46706301,0.13899685
851.70837248,0.14873844
851.94969135,0.15457098
852.19101959,0.15982440
852.43235722,0.17446781
852.67370424,0.18278228
852.91506063,0.18696020
853.15642640,0.19060037
853.39780154,0.19188270
853.63918605,0.19322708
853.88057992,0.19736364
854.12198317,0.20131405
854.36339577,0.19976284
854.60481773,0.19457146
854.84624905,0.19521263
855.08768973,0.19595721
855.32913975,0.19364074
855.57059912,0.18704293
855.81206784,0.18571923
856.05354590,0.18410598
856.29503330,0.18108629
856.53653004,0.18075537
856.77803611,0.17521239
857.01955151,0.16607060
857.26107624,0.19599857
857.50261030,0.16917302
857.74415367,0.16240975
857.98570637,0.14675289
858.22726839,0.14884185
858.46883972,0.14460188
858.71042037,0.13767315
858.95201032,0.13283338
859.19360958,0.12557373
859.43521814,0.11943095
859.67683601,0.12129240
859.91846317,0.13190266
860.16009963,0.10855181
860.40174538,0.11022711
860.64340042,0.10896546
860.88506474,0.10842771
861.12673835,0.10838635
861.36842125,0.10253312
861.61011342,0.10462208
861.85181487,0.10654558
862.09352559,0.10915161
862.33524558,0.10799337
862.57697484,0.10573895
862.81871336,0.10764177
863.06046114,0.11740404
863.30221819,0.11887251
863.54398449,0.11897593
863.78576004,0.10979278
864.02754485,0.11126125
864.26933890,0.10563554
864.51114220,0.10890342
864.75295474,0.10939980
864.99477653,0.12265746
865.23660755,0.11217129
865.47844780,0.10708333
865.72029728,0.10220220
865.96215600,0.10410501
866.20402394,0.10127147
866.44590110,0.10178854
866.68778748,0.09727970
866.92968308,0.09918251
867.17158790,0.09690741
867.41350193,0.09976163
867.65542516,0.09738311
867.89735761,0.09852066
868.13929926,0.09787950
868.38125011,0.10236766
868.62321015,0.10143694
868.86517940,0.10482891
869.10715783,0.10220220
869.34914546,0.10623534
869.59114227,0.10948253
869.83314827,0.10942049
870.07516344,0.10859318
870.31718780,0.10420843
870.55922133,0.10656626
870.80126404,0.10956527
871.04331592,0.10733153
871.28537696,0.10526325
871.52744717,0.10129216
871.76952655,0.10116806
872.01161508,0.10619397
872.25371277,0.10143694
872.49581961,0.09556303
872.73793560,0.09905842
872.98006075,0.09310178
873.22219503,0.09074394
873.46433846,0.09109555
873.70649103,0.09204696
873.94865274,0.08362907
874.19082358,0.08063007
874.43300356,0.08199513
874.67519266,0.08071280
874.91739089,0.07301881
875.15959824,0.07113667
875.40181471,0.06662783
875.64404031,0.06799289
875.88627501,0.06811699
876.12851883,0.06350473
876.37077176,0.06222240
876.61303379,0.05852018
876.85530493,0.06069187
877.09758517,0.05579006
877.33987451,0.05808584
877.58217294,0.05992661
877.82448047,0.06242923
878.06679709,0.06834450
878.30912279,0.06637964
878.55145758,0.07496299
878.79380145,0.07529391
879.03615440,0.07525255
879.27851643,0.07667966
879.52088753,0.07827223
879.76326770,0.07827223
880.00565694,0.08908932
880.24805524,0.08536642
880.49046260,0.08648329
880.73287903,0.08294654
880.97530451,0.09283290
881.21773905,0.08722787
881.46018264,0.08958571
881.70263527,0.09177808
881.94509695,0.08919273
882.18756768,0.08921342
882.43004744,0.09426001
882.67253625,0.09655580
882.91503409,0.09208832
883.15754095,0.09037165
883.40005685,0.08911000
883.64258178,0.09136443
883.88511573,0.08468389
884.12765869,0.08178830
884.37021068,0.08356702
884.61277168,0.08441501
884.85534170,0.07694853
885.09792072,0.07802404
885.34050876,0.07498367
885.58310579,0.07663829
885.82571183,0.07343246
886.06832686,0.06815835
886.31095090,0.07082643
886.55358392,0.06704148
886.79622594,0.05957500
887.03887694,0.05469387
887.28153693,0.05574869
887.52420589,0.05692761
887.76688384,0.05496275
888.00957077,0.05351495
888.25226667,0.04780651
888.49497154,0.04892338
888.73768537,0.04484887
888.98040818,0.03982296
889.22313994,0.04036071
889.46588067,0.04257376
889.70863035,0.03804424
889.95138899,0.03769263
890.19415657,0.03729966
890.43693311,0.03566572
890.67971859,0.03022615
890.92251302,0.03086731
891.16531639,0.02912996
891.40812869,0.02896450
891.65094993,0.02747534
891.89378010,0.02966771
892.13661920,0.02642052
892.37946723,0.03092936
892.62232418,0.02673076
892.86519005,0.03547957
893.10806484,0.03128097
893.35094854,0.03767195
893.59384116,0.03312174
893.83674269,0.04224284
894.07965312,0.03891291
894.32257246,0.04296674
894.56550070,0.04662759
894.80843784,0.05767219
895.05138388,0.05343222
895.29433881,0.06089870
895.53730263,0.05417680
895.78027533,0.05928544
896.02325692,0.05682419
896.26624740,0.05701034
896.50924675,0.06062982
896.75225498,0.06466297
896.99527208,0.06253264
897.23829806,0.06286356
897.48133290,0.06580052
897.72437661,0.06149850
897.96742918,0.05943022
898.21049061,0.06205694
898.45356090,0.06137440
898.69664005,0.06323585
898.93972804,0.05893384
899.18282488,0.06532481
899.42593057,0.06344268
899.66904511,0.06431136
899.91216848,0.06716558
900.15530069,0.06166396
900.39844174,0.06586257
900.64159162,0.06178806
900.88475033,0.06429068
901.12791786,0.07103326
901.37109422,0.06844791
901.61427940,0.06867542
901.85747340,0.07514913
902.10067621,0.07570757
902.34388784,0.08040256
902.58710827,0.08263630
902.83033752,0.07862384
903.07357557,0.08507686
903.31682242,0.08141601
903.56007807,0.08472526
903.80334251,0.08646261
904.04661575,0.08367043
904.28989778,0.09006141
904.53318860,0.09337065
904.77648820,0.08966844
905.01979659,0.09558371
905.26311375,0.09787950
905.50643969,0.09905842
905.74977441,0.10013392
905.99311789,0.09916183
906.23647015,0.10456003
906.47983117,0.10369136
906.72320095,0.09754857
906.96657950,0.10172649
907.20996680,0.09597668
907.45336285,0.10259517
907.69676766,0.09719697
907.94018122,0.10373272
908.18360352,0.10431184
908.42703457,0.10557349
908.67047435,0.09754857
908.91392288,0.09705219
909.15738014,0.09684536
909.40084613,0.09297768
909.64432085,0.09351543
909.88780430,0.09258471
910.13129648,0.09326724
910.37479737,0.08970980
910.61830699,0.08813791
910.86182531,0.08509755
911.10535236,0.08077485
911.34888811,0.08615237
911.59243257,0.07651419
911.83598573,0.07818950
912.07954760,0.07295676
912.32311816,0.07901681
912.56669743,0.08532506
912.81028538,0.07903749
913.05388203,0.07655556
913.29748736,0.08513891
913.54110138,0.07934773
913.78472408,0.08011300
914.02835547,0.07312222
914.27199552,0.07961661
914.51564426,0.07372202
914.75930166,0.07355656
915.00296774,0.07448728
915.24664247,0.07969934
915.49032588,0.07901681
915.73401794,0.07765175
915.97771866,0.08114714
916.22142803,0.08497345
916.46514606,0.09119896
916.70887274,0.08846884
916.95260806,0.08859293
917.19635202,0.09725902
917.44010463,0.09430138
917.68386588,0.10509779
917.92763576,0.10482891
918.17141427,0.11649399
918.41520141,0.12478779
918.65899718,0.12389843
918.90280158,0.13037213
919.14661459,0.13591512
919.39043623,0.13965870
919.63426648,0.14658743
919.87810534,0.15680472
920.12195281,0.15864549
920.36580890,0.15515010
920.60967358,0.16567763
920.85354687,0.17355776
921.09742876,0.17064149
921.34131924,0.16495373
921.58521832,0.16487100
921.82912599,0.16003123
922.07304225,0.15703223
922.31696709,0.14780771
922.56090052,0.14042396
922.80484252,0.13272997
923.04879310,0.13059965
923.29275226,0.12443618
923.53671999,0.11550122
923.78069629,0.10493232
924.02468115,0.10592510
924.26867458,0.09694877
924.51267656,0.08952366
924.75668711,0.08300859
925.00070621,0.08100236
925.24473386,0.07849974
925.48877006,0.07217081
925.73281481,0.07142623
925.97686810,0.06255332
926.22092994,0.05953364
926.46500031,0.05545913
926.70907921,0.04865450
926.95316665,0.04894406
927.19726262,0.04329766
927.44136712,0.04178782
927.68548014,0.03678259
927.92960168,0.03701010
928.17373175,0.03336993
928.41787032,0.03266672
928.66201741,0.03078458
928.90617302,0.02879904
929.15033713,0.02728920
929.39450974,0.02826129
929.63869086,0.02598618
929.88288047,0.02509682
930.12707859,0.02577935
930.37128520,0.03359744
930.61550029,0.02890245
930.85972388,0.03241852
931.10395595,0.03041229
931.34819651,0.03157053
931.59244554,0.03177736
931.83670306,0.03245989
932.08096904,0.03589323
932.32524350,0.04118802
932.56952643,0.04445590
932.81381782,0.04838562
933.05811768,0.04321493
933.30242600,0.05243945
933.54674278,0.04813743
933.79106801,0.05649327
934.03540169,0.05150872
934.27974382,0.05616235
934.52409440,0.06141577
934.76845343,0.06269810
935.01282089,0.06151918
935.25719680,0.06348405
935.50158114,0.06288425
935.74597391,0.06354610
935.99037511,0.06300834
936.23478474,0.06660715
936.47920279,0.06482843
936.72362927,0.07727946
936.96806417,0.06886157
937.21250748,0.07308085
937.45695920,0.07163306
937.70141934,0.06853064
937.94588788,0.06561437
938.19036483,0.06304971
938.43485019,0.06577984
938.67934394,0.06069187
938.92384608,0.05818926
939.16835663,0.06065051
939.41287556,0.06271878
939.65740288,0.06687602
939.90193859,0.06058846
940.14648268,0.06168465
940.39103515,0.05688624
940.63559600,0.05818926
940.88016523,0.05572801
941.12474282,0.05849950
941.36932879,0.05721717
941.61392312,0.05889247
941.85852581,0.05812721
942.10313687,0.05442499
942.34775628,0.05221194
942.59238405,0.04975069
942.83702017,0.04993683
943.08166464,0.05268764
943.32631746,0.05386656
943.57097862,0.04906815
943.81564813,0.05111575
944.06032597,0.05281174
944.30501215,0.05061936
944.54970666,0.05413543
944.79440950,0.04983342
945.03912067,0.04780651
945.28384016,0.05239808
945.52856798,0.04811675
945.77330412,0.04782719
946.01804857,0.03992637
946.26280133,0.03967818
946.50756241,0.04065027
946.75233179,0.04352517
946.99710948,0.03947135
947.24189548,0.04230489
947.48668977,0.03930589
947.73149236,0.04433180
947.97630324,0.04096051
948.22112242,0.04329766
948.46594988,0.04296674
948.71078563,0.03897496
948.95562966,0.04497297
949.20048198,0.04106392
949.44534257,0.04135348
949.69021144,0.04298742
949.93508857,0.04255308
950.17997398,0.04098119
950.42486766,0.03802355
950.66976959,0.04354585
950.91467979,0.04038139
951.15959825,0.04071231
951.40452496,0.03990569
951.64945993,0.03889223
951.89440314,0.04098119
952.13935461,0.03163258
952.38431431,0.03103278
952.62928226,0.02896450
952.87425845,0.02863358
953.11924287,0.03177736
953.36423553,0.02784763
953.60923642,0.02507614
953.85424553,0.02530365
954.09926287,0.02406268
954.34428843,0.02007091
954.58932222,0.02110505
954.83436421,0.02302854
955.07941443,0.02056729
955.32447285,0.01678235
955.56953948,0.02228396
955.81461432,0.02220123
956.05969736,0.01738215
956.30478860,0.01423837
956.54988803,0.01667893
956.79499567,0.01510704
957.04011149,0.01752693
957.28523550,0.01190121
957.53036770,0.01204599
957.77550808,0.01320423
958.02065664,0.01332832
958.26581338,0.01272852
958.51097830,0.01434178
958.75615139,0.01401086
959.00133264,0.01829219
959.24652207,0.01140483
959.49171965,0.01961589
959.73692540,0.01653415
959.98213931,0.01750624
960.22736137,0.01806468
960.47259159,0.02294581
960.71782995,0.04939908
960.96307647,0.02344220
961.20833112,0.02559321
961.45359392,0.03392837
961.69886486,0.02906791
961.94414394,0.03181872
962.18943115,0.03409383
962.43472648,0.03212896
962.68002995,0.03492114
962.92534154,0.03434202
963.17066126,0.03210828
963.41598909,0.03454885
963.66132504,0.03638962
963.90666911,0.03645166
964.15202128,0.03723761
964.39738157,0.04352517
964.64274996,0.04139485
964.88812645,0.04513843
965.13351104,0.04317356
965.37890374,0.04493160
965.62430452,0.04350449
965.86971340,0.04375268
966.11513036,0.04917157
966.36055542,0.04848904
966.60598855,0.04677237
966.85142977,0.04580028
967.09687907,0.04329766
967.34233644,0.04205669
967.58780188,0.04652417
967.83327539,0.04718602
968.07875697,0.05173623
968.32424661,0.05659668
968.56974432,0.04892338
968.81525008,0.04960591
969.06076390,0.05057800
969.30628577,0.05256354
969.55181570,0.05204647
969.79735367,0.05612098
970.04289968,0.04728944
970.28845374,0.05014366
970.53401583,0.04879928
970.77958597,0.05490070
971.02516413,0.04803402
971.27075033,0.04904747
971.51634455,0.04774446
971.76194680,0.04884064
972.00755708,0.04921293
972.25317537,0.05066073
972.49880168,0.04931635
972.74443600,0.05107438
972.99007834,0.05442499
973.23572868,0.05872701
973.48138703,0.06079529
973.72705338,0.05907862
973.97272774,0.06249127
974.21841009,0.06567642
974.46410043,0.06848928
974.70979877,0.06871679
974.95550510,0.06404248
975.20121941,0.06426999
975.44694171,0.06431136
975.69267199,0.06096075
975.93841024,0.06036095
976.18415647,0.06464228
976.42991068,0.05938886
976.67567285,0.05692761
976.92144299,0.05680351
977.16722110,0.05320471
977.41300717,0.05868564
977.65880119,0.05506616
977.90460317,0.05032980
978.15041311,0.06000934
978.39623099,0.05392861
978.64205683,0.05535572
978.88789061,0.05396997
979.13373233,0.04991615
979.37958199,0.04749626
979.62543958,0.04668964
979.87130511,0.04673100
980.11717857,0.04896474
980.36305996,0.04302879
980.60894928,0.04298742
980.85484651,0.04096051
981.10075167,0.04050549
981.34666475,0.03825106
981.59258573,0.03593459
981.83851463,0.03427997
982.08445144,0.03392837
982.33039616,0.03097073
982.57634878,0.02956430
982.82230930,0.02598618
983.06827771,0.03303901
983.31425403,0.03101209
983.56023823,0.02751671
983.80623032,0.02904723
984.05223031,0.02451770
984.29823817,0.02555184
984.54425391,0.02553116
984.79027754,0.02110505
985.03630904,0.02373176
985.28234841,0.02319401
985.52839565,0.02745466
985.77445076,0.02706168
986.02051374,0.03163258
986.26658457,0.02699964
986.51266327,0.03235647
986.75874982,0.03012274
987.00484422,0.03053639
987.25094647,0.03566572
987.49705658,0.03227374
987.74317452,0.03444543
987.98930031,0.03198418
988.23543394,0.03487977
988.48157541,0.03663781
988.72772471,0.03756853
988.97388184,0.04240830
989.22004680,0.03454885
989.46621959,0.03949203
989.71240020,0.04172577
989.95858862,0.04236694
990.20478487,0.03831311
990.45098893,0.04747558
990.69720080,0.04168441
990.94342048,0.04426975
991.18964797,0.03990569
991.43588326,0.04387678
991.68212635,0.03771331
991.92837724,0.03872677
992.17463593,0.03721693
992.42090240,0.03552094
992.66717667,0.03401110
992.91345872,0.03417656
993.15974856,0.02989522
993.40604618,0.03324583
993.65235158,0.03084663
993.89866475,0.02923338
994.14498570,0.03055707
994.39131441,0.02832333
994.63765090,0.02788900
994.88399515,0.02586208
995.13034716,0.02869562
995.37670693,0.02635847
995.62307445,0.02424883
995.86944973,0.02048456
996.11583276,0.02083617
996.36222354,0.02338015
996.60862206,0.02540706
996.85502833,0.02414541
997.10144233,0.02096027
997.34786408,0.01487953
997.59429355,0.01914018
997.84073076,0.01814741
998.08717570,0.01250101
998.33362836,0.01680303
998.58008875,0.01303876
998.82655685,0.01585162
999.07303267,0.02021569
999.31951621,0.01847833
999.56600746,0.01467270
999.81250642,0.01531387
1000.05901309,0.01291467
1000.30552746,0.01665825
1000.55204953,0.01140483
1000.79857929,0.01669962
1001.04511676,0.01657552
1001.29166191,0.01785785
1001.53821476,0.01119800
1001.78477529,0.01601708
1002.03134351,0.01473475
1002.27791941,0.01481748
1002.52450299,0.01744420
1002.77109424,0.01620323
1003.01769317,0.01415563
1003.26429976,0.01709259
1003.51091403,0.01628596
1003.75753596,0.01475543
1004.00416555,0.01316286
1004.25080280,0.02011227
1004.49744771,0.01758897
1004.74410027,0.01535524
1004.99076048,0.01403154
1005.23742834,0.01434178
1005.48410384,0.01959520
1005.73078699,0.01498295
1005.97747778,0.01626528
1006.22417620,0.01744420
1006.47088226,0.01634801
1006.71759595,0.01820946
1006.96431727,0.01887131
1007.21104622,0.01676166
1007.45778279,0.01901609
1007.70452698,0.01239760
1007.95127879,0.01552070
1008.19803821,0.01587230
1008.44480524,0.01926428
1008.69157988,0.01893335
1008.93836213,0.02249079
1009.18515199,0.01372130
1009.43194944,0.01574821
1009.67875450,0.01748556
1009.92556715,0.01359720
1010.17238739,0.01796126
1010.41921522,0.01518977
1010.66605064,0.01533455
1010.91289364,0.01380403
1011.15974422,0.01142551
1011.40660239,0.01396949
1011.65346813,0.01332832
1011.90034144,0.01880926
1012.14722232,0.01787853
1012.39411078,0.01585162
1012.64100679,0.01758897
1012.88791037,0.01876789
1013.13482151,0.01781649
1013.38174020,0.01926428
1013.62866645,0.02397995
1013.87560025,0.02476590
1014.12254160,0.02025705
1014.36949049,0.02278035
1014.61644693,0.02819924
1014.86341091,0.02176689
1015.11038242,0.02087754
1015.35736147,0.02565526
1015.60434805,0.02358698
1015.85134216,0.02375244
1016.09834379,0.02153938
1016.34535295,0.02371108
1016.59236963,0.02282172
1016.83939383,0.02114641
1017.08642554,0.02273899
1017.33346476,0.02156007
1017.58051150,0.01932633
1017.82756574,0.01655484
1018.07462748,0.01419700
1018.32169673,0.01887131
1018.56877347,0.01405222
1018.81585771,0.01961589
1019.06294945,0.01620323
1019.31004867,0.01003976
1019.55715538,0.00931587
1019.80426957,0.01318354
1020.05139125,0.01535524
1020.29852041,0.01386608
1020.54565704,0.01126005
1020.79280114,0.00852992
1021.03995272,0.00693735
1021.28711177,0.01419700
1021.53427828,0.01022591
1021.78145225,0.01059820
1022.02863368,0.00739237
1022.27582257,0.00819900
1022.52301891,0.01399017
1022.77022270,0.01157029
1023.01743395,0.00929518
1023.26465263,0.01051547
1023.51187876,0.00309035
1023.75911234,0.00695803
1024.00635335,0.00590321
1024.25360179,0.00582048
1024.50085766,0.00623413
1024.74812097,0.00863333
1024.99539170,0.00621345
1025.24266985,0.00946064
1025.48995543,0.00488975
1025.73724842,0.00720622
1025.98454883,0.00755783
1026.23185665,0.00375220
1026.47917188,0.00377288
1026.72649452,0.00923313
1026.97382456,0.00852992
1027.22116200,0.00464156
1027.46850685,0.00406244
1027.71585908,0.00706144
1027.96321872,0.00584116
1028.21058574,0.00203553
1028.45796014,-0.01120145
1028.70534194,-0.01037413
1028.95273111,-0.01262856
1029.20012767,-0.01082916
1029.44753160,-0.01035345
1029.69494290,-0.01078779
