198.80933475,0.00848935
199.01143578,0.00861389
199.21355429,0.00188883
199.41569028,0.00058118
199.61784374,0.00168127
199.82001468,0.00157748
200.02220309,0.00311345
200.22440896,0.00267757
200.42663230,0.00080950
200.62887310,0.00396447
200.83113136,0.00531363
201.03340708,-0.00012454
201.23570025,0.00400598
201.43801087,0.00597783
201.64033894,0.00485699
201.84268445,0.00348707
202.04504741,0.00294740
202.24742780,0.00228320
202.44982564,0.00230396
202.65224090,-0.00303043
202.85467360,0.00604010
203.05712372,0.00087177
203.25959128,-0.00149446
203.46207625,0.00242849
203.66457864,0.00024908
203.86709846,0.00568724
204.06963568,0.00672506
204.27219032,0.00290589
204.47476237,0.00340404
204.67735182,0.00224169
204.87995868,0.01122919
205.08258293,0.00568724
205.28522459,0.00336253
205.48788364,0.00211715
205.69056008,0.00257379
205.89325391,0.00749305
206.09596513,0.00066420
206.29869374,0.00741002
206.50143972,0.00535514
206.70420308,0.00230396
206.90698382,0.00263606
207.10978194,0.00062269
207.31259742,0.00591556
207.51543027,-0.00039437
207.71828048,0.00363236
207.92114806,0.00417203
208.12403299,0.00840633
208.32693528,0.00174353
208.52985493,0.00215866
208.73279193,-0.00178505
208.93574627,0.00948566
209.13871796,0.00527212
209.34170699,0.00365312
209.54471336,-0.00012454
209.74773707,0.00423430
209.95077811,0.00126614
210.15383649,0.00255303
210.35691219,0.00253228
210.56000522,0.00450413
210.76311557,0.00087177
210.96624324,0.00454564
211.16938823,0.00047740
211.37255053,0.00224169
211.57573015,0.00093404
211.77892707,0.00267757
211.98214130,0.00072647
212.18537284,0.00240774
212.38862167,0.00091328
212.59188781,0.00116236
212.79517124,0.00058118
212.99847196,-0.00217942
213.20178997,0.00425505
213.40512527,0.00778364
213.60847785,0.00220017
213.81184772,0.00159824
214.01523486,-0.00141143
214.21863928,0.00404749
214.42206097,0.00583254
214.62549993,0.00417203
214.82895616,0.00053967
215.03242966,0.00265681
215.23592042,-0.00064345
215.43942843,0.00300967
215.64295370,0.00330026
215.84649623,0.00377766
216.05005601,0.00938188
216.25363303,0.00311345
216.45722731,0.00217942
216.66083882,0.00122463
216.86446757,0.00305119
217.06811356,0.00060193
217.27177679,0.00610237
217.47545724,0.00253228
217.67915493,0.00056042
217.88286984,0.00309270
218.08660198,0.00481548
218.29035133,0.00875918
218.49411790,0.00809498
218.69790169,0.00300967
218.90170269,0.00375690
219.10552090,0.00664204
219.30935632,0.00550044
219.51320894,0.00118311
219.71707876,0.00207564
219.92096578,0.00489850
220.12486999,0.00128689
220.32879140,0.00595708
220.53272999,0.00010378
220.73668578,0.00404749
220.94065875,0.00518909
221.14464890,0.00236623
221.34865623,0.00398522
221.55268073,0.00053967
221.75672241,-0.00178505
221.96078126,0.00110009
222.16485728,-0.00056042
222.36895046,0.00043588
222.57306080,0.00483623
222.77718831,0.00257379
222.98133297,-0.00184732
223.18549478,0.00566649
223.38967375,-0.00141143
223.59386986,0.00035286
223.79808312,0.00068496
224.00231352,0.00413052
224.20656106,0.00583254
224.41082574,0.00535514
224.61510756,0.00967246
224.81940650,0.00058118
225.02372258,0.00004151
225.22805578,0.00238698
225.43240610,-0.00066420
225.63677355,0.00392295
225.84115811,-0.00097555
226.04555979,0.00230396
226.24997858,0.00029059
226.45441448,0.00292665
226.65886748,0.00745153
226.86333759,0.00280211
227.06782480,0.00132841
227.27232911,0.00442111
227.47685052,0.00220017
227.68138902,0.00535514
227.88594461,-0.00066420
228.09051728,0.00305119
228.29510704,0.00336253
228.49971389,0.00724397
228.70433781,0.00533438
228.90897881,0.00307194
229.11363688,0.00053967
229.31831202,0.00649674
229.52300423,0.00340404
229.72771350,0.00209639
229.93243984,0.00112084
230.13718324,0.00253228
230.34194369,0.00203412
230.54672120,0.00581178
230.75151576,-0.00064345
230.95632737,0.00664204
231.16115602,0.00166051
231.36600172,0.00110009
231.57086446,0.00168127
231.77574423,0.00346631
231.98064104,-0.00209639
232.18555488,0.00139068
232.39048575,0.00512682
232.59543365,0.00056042
232.80039857,-0.00101706
233.00538051,0.00427581
233.21037947,0.00547968
233.41539544,0.01818257
233.62042843,0.00220017
233.82547842,0.00151521
234.03054543,0.00680809
234.23562943,0.00166051
234.44073044,0.00128689
234.64584845,0.00533438
234.85098345,0.00284362
235.05613545,0.00338329
235.26130444,0.00510607
235.46649041,0.00174353
235.67169337,0.00518909
235.87691331,0.00711943
236.08215023,0.00101706
236.28740413,0.00379841
236.49267500,0.00199261
236.69796284,-0.00018681
236.90326765,0.00467018
237.10858942,0.00307194
237.31392816,0.00431732
237.51928386,0.00471169
237.72465651,0.00014529
237.93004612,0.00053967
238.13545268,0.00201337
238.34087619,0.00560422
238.54631664,0.00371539
238.75177404,0.00139068
238.95724838,-0.00132841
239.16273965,0.00136992
239.36824786,0.00641372
239.57377300,0.00290589
239.77931508,0.00514758
239.98487407,0.00448337
240.19045000,0.00431732
240.39604284,0.00383993
240.60165260,-0.00317572
240.80727928,0.00290589
241.01292287,0.00261530
241.21858337,0.00390220
241.42426077,0.00217942
241.62995508,0.00458716
241.83566630,-0.00056042
242.04139441,0.00350783
242.24713941,0.00228320
242.45290131,0.00070572
242.65868010,0.00236623
242.86447578,0.00024908
243.07028835,0.00633069
243.27611779,0.00711943
243.48196412,0.00552119
243.68782732,0.00151521
243.89370739,0.00176429
244.09960434,-0.00022832
244.30551816,0.00365312
244.51144884,0.00400598
244.71739638,0.00116236
244.92336078,0.00373615
245.12934204,0.00410976
245.33534016,0.00334177
245.54135512,0.00130765
245.74738694,0.00172278
245.95343560,0.00249076
246.15950110,0.00635145
246.36558345,0.00182656
246.57168263,0.00359085
246.77779865,0.00303043
246.98393150,0.00657977
247.19008118,0.00035286
247.39624769,0.00560422
247.60243102,0.00257379
247.80863117,0.00786666
248.01484814,0.00186807
248.22108192,0.00431732
248.42733252,-0.00083025
248.63359993,0.00342480
248.83988415,-0.00064345
249.04618517,0.00647598
249.25250299,-0.00091328
249.45883761,-0.00155673
249.66518903,0.00282287
249.87155724,0.00043588
250.07794224,0.00568724
250.28434403,0.00446262
250.49076260,0.00865540
250.69719796,-0.00047740
250.90365009,-0.00080950
251.11011901,-0.00014529
251.31660469,0.00373615
251.52310715,0.00163975
251.72962638,0.00408900
251.93616237,0.00190959
252.14271513,0.00255303
252.34928464,0.00068496
252.55587091,-0.00122463
252.76247394,0.00242849
252.96909372,0.00226244
253.17573025,0.00199261
253.38238352,0.00217942
253.58905354,0.00325875
253.79574030,0.00186807
254.00244380,0.00464943
254.20916403,0.00915356
254.41590099,0.00579102
254.62265469,0.00134916
254.82942511,-0.00018681
255.03621225,0.00188883
255.24301612,0.00211715
255.44983670,-0.00029059
255.65667400,0.00303043
255.86352802,0.00049815
256.07039874,0.00049815
256.27728617,0.00112084
256.48419031,0.00471169
256.69111115,0.00473245
256.89804868,0.00354934
257.10500292,0.00029059
257.31197384,0.00315497
257.51896146,0.00855162
257.72596577,-0.00346631
257.93298676,0.00413052
258.14002443,0.00489850
258.34707878,0.00296816
258.55414981,0.00143219
258.76123752,0.00022832
258.96834190,0.00633069
259.17546294,-0.00145295
259.38260065,-0.00143219
259.58975502,-0.00060193
259.79692606,0.00112084
260.00411375,0.00139068
260.21131810,-0.00282287
260.41853909,0.00431732
260.62577674,0.00130765
260.83303103,0.00232471
261.04030197,-0.00346631
261.24758955,-0.00085101
261.45489377,0.00039437
261.66221462,0.00334177
261.86955210,0.00583254
262.07690622,0.00286438
262.28427696,-0.00178505
262.49166433,-0.00215866
262.69906831,0.00473245
262.90648892,-0.00083025
263.11392614,0.00211715
263.32137998,0.00413052
263.52885042,0.00379841
263.73633747,0.00523060
263.94384113,0.00010378
264.15136139,0.00427581
264.35889825,0.00792893
264.56645171,0.00564573
264.77402176,0.00220017
264.98160840,0.00332102
265.18921163,0.00058118
265.39683144,0.00004151
265.60446784,0.00741002
265.81212081,0.00101706
266.01979037,0.00421354
266.22747650,0.00043588
266.43517920,0.00174353
266.64289847,-0.00213791
266.85063430,0.00215866
267.05838670,0.00041513
267.26615566,0.00296816
267.47394117,-0.00357009
267.68174324,-0.00022832
267.88956187,0.00452489
268.09739704,0.00340404
268.30524876,0.00599859
268.51311702,0.00873843
268.72100183,-0.00244925
268.92890317,-0.00085101
269.13682105,-0.00103782
269.34475546,-0.00205488
269.55270640,0.00157748
269.76067387,0.00286438
269.96865786,-0.00143219
270.17665838,0.00045664
270.38467541,0.00076799
270.59270896,0.00190959
270.80075902,0.00078874
271.00882560,0.00053967
271.21690868,0.00018681
271.42500826,0.00273984
271.63312435,0.00433808
271.84125694,0.00010378
272.04940602,0.00726473
272.25757160,0.00145295
272.46575367,0.00473245
272.67395223,0.00369463
272.88216727,0.00087177
273.09039880,0.00736851
273.29864681,0.00124538
273.50691129,0.00234547
273.71519225,0.00269833
273.92348968,0.00207564
274.13180358,-0.00008303
274.34013395,-0.00130765
274.54848077,0.00321724
274.75684406,0.00199261
274.96522381,0.00269833
275.17362001,-0.00120387
275.38203267,0.00633069
275.59046177,0.00448337
275.79890732,0.00340404
276.00736932,0.00203412
276.21584776,-0.00199261
276.42434263,0.00220017
276.63285394,-0.00386068
276.84138169,0.00045664
277.04992586,0.00305119
277.25848646,0.00232471
277.46706349,0.00068496
277.67565694,-0.00313421
277.88426680,-0.00136992
278.09289309,-0.00012454
278.30153578,-0.00130765
278.51019489,0.00601934
278.71887041,0.00093404
278.92756233,0.00419279
279.13627065,0.00311345
279.34499537,0.00031135
279.55373649,0.00410976
279.76249401,0.01147827
279.97126791,0.00334177
280.18005820,0.00161900
280.38886488,0.00215866
280.59768795,-0.00053967
280.80652739,0.00203412
281.01538321,0.00087177
281.22425540,0.00170202
281.43314397,0.00330026
281.64204891,0.00060193
281.85097021,0.00222093
282.05990788,0.00224169
282.26886190,0.00163975
282.47783229,-0.00300967
282.68681903,0.00300967
282.89582212,0.00091328
283.10484156,0.00099631
283.31387735,0.00091328
283.52292949,-0.00047740
283.73199796,0.00143219
283.94108277,0.00321724
284.15018392,-0.00072647
284.35930141,0.00155673
284.56843522,0.00271908
284.77758536,0.00639296
284.98675183,0.00188883
285.19593461,0.00799120
285.40513372,0.00404749
285.61434914,0.00676657
285.82358088,-0.00431732
286.03282893,0.00101706
286.24209328,0.00448337
286.45137395,0.00087177
286.66067091,0.00203412
286.86998417,0.00313421
287.07931373,0.00352858
287.28865959,0.00334177
287.49802174,0.00132841
287.70740017,0.00043588
287.91679489,0.00151521
288.12620590,0.00124538
288.33563318,-0.00174353
288.54507675,0.00383993
288.75453658,0.00066420
288.96401269,0.00058118
289.17350507,0.00078874
289.38301372,0.00446262
289.59253863,0.00188883
289.80207980,0.00599859
290.01163723,0.00261530
290.22121091,0.00273984
290.43080085,0.00373615
290.64040703,0.00060193
290.85002947,0.00309270
291.05966815,0.00319648
291.26932307,0.00508531
291.47899422,0.00319648
291.68868162,0.00502304
291.89838525,0.00184732
292.10810511,0.00668355
292.31784119,0.00058118
292.52759350,-0.00118311
292.73736204,0.00402673
292.94714679,0.00342480
293.15694776,-0.00074723
293.36676494,0.00319648
293.57659834,0.00143219
293.78644794,-0.00155673
293.99631375,0.00107933
294.20619576,0.00500228
294.41609397,0.00672506
294.62600838,0.00325875
294.83593898,0.00153597
295.04588578,0.00012454
295.25584876,0.00020756
295.46582793,0.00010378
295.67582328,0.00139068
295.88583481,-0.00240774
296.09586253,0.00101706
296.30590641,0.00286438
296.51596647,0.00182656
296.72604270,-0.00253228
296.93613509,0.00485699
297.14624365,-0.00402673
297.35636837,0.00126614
297.56650925,0.00263606
297.77666629,0.00070572
297.98683947,-0.00230396
298.19702881,0.00323799
298.40723429,0.00130765
298.61745592,0.00373615
298.82769369,0.00462867
299.03794760,0.00653825
299.24821765,-0.00095479
299.45850383,0.00251152
299.66880614,0.00188883
299.87912458,-0.00139068
300.08945914,-0.00286438
300.29980983,0.00417203
300.51017663,0.00134916
300.72055955,0.00904977
300.93095859,0.00201337
301.14137374,0.00037361
301.35180499,-0.00151521
301.56225235,0.00107933
301.77271582,-0.00377766
301.98319538,0.00963095
302.19369105,-0.00247001
302.40420280,0.00132841
302.61473065,0.00307194
302.82527459,0.00350783
303.03583461,-0.00136992
303.24641072,0.00026983
303.45700291,0.00217942
303.66761117,0.00259455
303.87823552,0.00591556
304.08887593,0.00056042
304.29953241,-0.00041513
304.51020496,-0.00307194
304.72089358,0.00587405
304.93159825,0.00512682
305.14231899,-0.00076799
305.35305578,0.00404749
305.56380862,0.00226244
305.77457752,0.00392295
305.98536246,0.00157748
306.19616344,0.00217942
306.40698047,0.00485699
306.61781354,0.00141143
306.82866264,0.00425505
307.03952778,0.00190959
307.25040895,0.00190959
307.46130614,0.00377766
307.67221937,0.00197185
307.88314861,0.00116236
308.09409387,0.00394371
308.30505515,0.00338329
308.51603245,0.00442111
308.72702576,0.00037361
308.93803507,0.00095479
309.14906039,0.00267757
309.36010172,0.00282287
309.57115904,0.00375690
309.78223236,0.00201337
309.99332168,0.00043588
310.20442699,0.00419279
310.41554829,0.00116236
310.62668557,-0.00105857
310.83783884,0.00126614
311.04900809,-0.00309270
311.26019332,0.00060193
311.47139452,0.00232471
311.68261169,0.00265681
311.89384484,0.00396447
312.10509395,0.00153597
312.31635903,0.00217942
312.52764007,0.00010378
312.73893706,0.00093404
312.95025002,0.00091328
313.16157892,0.00037361
313.37292378,0.00473245
313.58428458,0.00303043
313.79566133,0.00209639
314.00705402,0.00242849
314.21846266,0.00064345
314.42988722,-0.00195110
314.64132772,0.00284362
314.85278416,0.00031135
315.06425652,0.00848935
315.27574480,-0.00139068
315.48724901,0.00257379
315.69876914,0.00058118
315.91030518,0.00201337
316.12185715,-0.00116236
316.33342502,0.00209639
316.54500880,0.00253228
316.75660848,0.00330026
316.96822407,0.00458716
317.17985556,-0.00018681
317.39150295,0.00114160
317.60316624,0.00220017
317.81484541,0.00016605
318.02654048,0.00359085
318.23825143,0.00419279
318.44997826,0.00193034
318.66172098,0.00400598
318.87347957,0.00504380
319.08525404,0.00186807
319.29704439,0.00325875
319.50885060,0.00051891
319.72067268,0.00413052
319.93251063,0.00103782
320.14436443,0.00178505
320.35623410,0.00755532
320.56811962,0.00525136
320.78002100,-0.00110009
320.99193822,-0.00105857
321.20387130,-0.00159824
321.41582021,0.00112084
321.62778498,0.00597783
321.83976558,0.00276060
322.05176201,0.00265681
322.26377428,-0.00006227
322.47580239,0.00670430
322.68784632,0.00386068
322.89990607,0.00068496
323.11198165,0.00037361
323.32407305,0.00319648
323.53618027,0.00261530
323.74830330,0.00035286
323.96044215,0.00383993
324.17259680,0.00745153
324.38476726,0.00446262
324.59695352,0.00205488
324.80915558,0.00159824
325.02137344,0.00078874
325.23360710,0.00139068
325.44585655,0.00612313
325.65812178,0.00444186
325.87040281,-0.00085101
326.08269962,0.00458716
326.29501221,-0.00141143
326.50734058,0.00379841
326.71968472,-0.00039437
326.93204464,0.00635145
327.14442032,0.00564573
327.35681178,0.00566649
327.56921900,0.00130765
327.78164198,0.00031135
327.99408072,0.00010378
328.20653522,0.00151521
328.41900547,0.00008303
328.63149147,0.00383993
328.84399322,0.00112084
329.05651071,0.00309270
329.26904395,0.00151521
329.48159293,0.00406825
329.69415764,0.00122463
329.90673809,0.00319648
330.11933427,0.00033210
330.33194617,0.00330026
330.54457381,0.00087177
330.75721716,-0.00118311
330.96987624,-0.00004151
331.18255104,0.00303043
331.39524154,0.00628918
331.60794777,0.00197185
331.82066970,-0.00122463
332.03340733,0.00101706
332.24616067,0.00738926
332.45892971,0.00267757
332.67171445,0.00228320
332.88451489,0.00300967
333.09733102,0.00236623
333.31016283,0.00060193
333.52301034,-0.00141143
333.73587352,-0.00130765
333.94875239,-0.00330026
334.16164694,-0.00008303
334.37455717,-0.00315497
334.58748306,0.00199261
334.80042463,0.00568724
335.01338187,-0.00186807
335.22635477,0.00197185
335.43934333,0.00101706
335.65234755,0.00701565
335.86536743,0.00435884
336.07840296,0.00083025
336.29145415,-0.00118311
336.50452098,0.00193034
336.71760345,0.00311345
336.93070157,0.00336253
337.14381533,-0.00068496
337.35694473,-0.00078874
337.57008976,0.00525136
337.78325042,0.00002076
337.99642671,0.00186807
338.20961863,0.00282287
338.42282617,0.00222093
338.63604933,-0.00116236
338.84928810,0.00002076
339.06254250,0.00373615
339.27581250,0.00315497
339.48909812,0.00213791
339.70239934,0.00259455
339.91571616,0.00255303
340.12904859,0.00161900
340.34239661,-0.00327951
340.55576023,0.00303043
340.76913945,0.00483623
340.98253425,0.00184732
341.19594464,0.00161900
341.40937061,0.00041513
341.62281217,0.00145295
341.83626930,0.00736851
342.04974201,0.00217942
342.26323030,-0.00213791
342.47673415,0.00336253
342.69025357,0.00990078
342.90378856,-0.00037361
343.11733911,0.00398522
343.33090522,0.00284362
343.54448688,0.00257379
343.75808410,0.00157748
343.97169687,0.00280211
344.18532519,0.00141143
344.39896906,0.00300967
344.61262847,-0.00213791
344.82630341,0.00595708
345.03999390,0.00276060
345.25369992,0.00512682
345.46742147,0.00803271
345.68115855,0.00400598
345.89491115,0.00442111
346.10867928,0.00064345
346.32246293,0.00307194
346.53626210,-0.00294740
346.75007679,-0.00039437
346.96390698,0.00313421
347.17775269,0.00325875
347.39161390,-0.00116236
347.60549061,0.00207564
347.81938283,0.00151521
348.03329055,0.00321724
348.24721376,0.00238698
348.46115246,0.00440035
348.67510665,0.00022832
348.88907634,0.00130765
349.10306150,-0.00122463
349.31706215,-0.00024908
349.53107828,0.00315497
349.74510988,0.00186807
349.95915696,0.00226244
350.17321950,0.00398522
350.38729752,0.00608161
350.60139100,-0.00182656
350.81549994,0.00074723
351.02962435,-0.00120387
351.24376421,0.00224169
351.45791952,0.00083025
351.67209028,0.00056042
351.88627650,0.00012454
352.10047816,-0.00072647
352.31469526,0.00184732
352.52892780,0.00220017
352.74317578,0.00406825
352.95743919,0.00261530
353.17171804,0.00159824
353.38601232,0.00506455
353.60032202,-0.00020756
353.81464714,0.00533438
354.02898769,-0.00136992
354.24334365,-0.00091328
354.45771503,-0.00323799
354.67210182,0.00359085
354.88650403,0.00442111
355.10092164,0.00585329
355.31535465,0.00085101
355.52980306,0.00898750
355.74426687,0.00136992
355.95874608,0.00359085
356.17324069,0.00230396
356.38775068,-0.00087177
356.60227606,0.00234547
356.81681682,-0.00338329
357.03137297,-0.00020756
357.24594449,0.00296816
357.46053139,0.00456640
357.67513367,0.00537590
357.88975132,0.00269833
358.10438433,-0.00035286
358.31903271,0.00253228
358.53369645,0.00110009
358.74837556,-0.00236623
358.96307002,0.00286438
359.17777983,-0.00153597
359.39250499,0.00278135
359.60724551,0.00433808
359.82200137,0.00338329
360.03677257,-0.00215866
360.25155911,0.00101706
360.46636100,0.00280211
360.68117821,-0.00477396
360.89601076,-0.00128689
361.11085864,0.00284362
361.32572184,-0.00375690
361.54060037,0.00124538
361.75549422,0.00093404
361.97040338,0.00718170
362.18532786,0.00487775
362.40026766,-0.00053967
362.61522276,0.00261530
362.83019318,0.00745153
363.04517889,0.00112084
363.26017991,0.00053967
363.47519623,0.00053967
363.69022784,0.00481548
363.90527474,0.00095479
364.12033694,0.00641372
364.33541442,-0.00060193
364.55050719,-0.00089252
364.76561524,0.00112084
364.98073857,0.00186807
365.19587718,0.00049815
365.41103106,0.00261530
365.62620021,-0.00058118
365.84138463,0.00147370
366.05658432,0.00222093
366.27179927,0.00525136
366.48702948,0.00006227
366.70227494,0.00070572
366.91753566,0.00161900
367.13281163,0.00209639
367.34810285,-0.00193034
367.56340932,0.00124538
367.77873103,0.00190959
367.99406798,0.00300967
368.20942017,-0.00386068
368.42478759,0.00157748
368.64017025,0.00110009
368.85556813,0.00379841
369.07098125,0.00053967
369.28640958,0.00217942
369.50185314,0.00114160
369.71731191,0.00342480
369.93278590,-0.00315497
370.14827511,0.00359085
370.36377952,-0.00188883
370.57929914,0.00193034
370.79483397,0.00410976
371.01038400,0.00161900
371.22594922,-0.00093404
371.44152965,0.00170202
371.65712526,0.00132841
371.87273607,-0.00161900
372.08836206,0.00311345
372.30400324,0.00469094
372.51965960,-0.00031135
372.73533114,0.00427581
372.95101786,-0.00143219
373.16671976,0.00321724
373.38243682,0.00516833
373.59816905,0.00298892
373.81391645,-0.00296816
374.02967901,0.00234547
374.24545673,0.00006227
374.46124961,-0.00062269
374.67705764,0.00118311
374.89288082,0.00097555
375.10871916,0.00132841
375.32457264,0.00209639
375.54044126,-0.00101706
375.75632503,0.00587405
375.97222393,0.00220017
376.18813797,-0.00273984
376.40406713,0.00134916
376.62001143,0.00053967
376.83597086,-0.00388144
377.05194541,0.00026983
377.26793508,0.00371539
377.48393987,0.00340404
377.69995978,0.00323799
377.91599480,-0.00149446
378.13204493,0.00205488
378.34811016,0.00226244
378.56419050,0.00396447
378.78028595,0.00352858
378.99639649,0.00128689
379.21252213,-0.00016605
379.42866286,0.00105857
379.64481868,0.00016605
379.86098960,0.00736851
380.07717559,0.00317572
380.29337667,0.00037361
380.50959283,-0.00118311
380.72582407,0.00147370
380.94207038,0.00226244
381.15833176,0.00008303
381.37460821,0.00263606
381.59089972,0.00093404
381.80720630,0.00296816
382.02352794,0.00172278
382.23986464,0.00153597
382.45621639,0.00240774
382.67258319,0.00157748
382.88896505,0.00112084
383.10536195,0.00408900
383.32177389,0.00099631
383.53820087,0.00107933
383.75464289,-0.00066420
383.97109995,0.00010378
384.18757204,-0.00087177
384.40405916,0.00132841
384.62056131,-0.00410976
384.83707848,0.00238698
385.05361067,0.00226244
385.27015788,0.00101706
385.48672011,0.00479472
385.70329735,0.00531363
385.91988960,0.00294740
386.13649686,-0.00197185
386.35311912,0.00298892
386.56975639,0.00215866
386.78640865,0.00265681
387.00307592,0.00184732
387.21975817,0.00078874
387.43645542,0.00226244
387.65316765,0.00211715
387.86989487,0.00469094
388.08663707,0.00095479
388.30339426,0.00049815
388.52016641,0.00525136
388.73695355,0.00487775
388.95375565,0.00251152
389.17057273,0.00068496
389.38740477,0.00662128
389.60425177,0.00435884
389.82111374,-0.00182656
390.03799066,0.00581178
390.25488253,0.00128689
390.47178936,-0.00024908
390.68871114,0.00286438
390.90564787,0.00163975
391.12259954,0.00000000
391.33956614,0.00176429
391.55654769,-0.00087177
391.77354418,0.00089252
391.99055559,0.00172278
392.20758194,0.00053967
392.42462321,0.00332102
392.64167941,0.00406825
392.85875053,0.00554195
393.07583657,0.00085101
393.29293752,0.00371539
393.51005339,0.00500228
393.72718417,0.00305119
393.94432986,0.00485699
394.16149045,0.00087177
394.37866594,0.00178505
394.59585634,0.00440035
394.81306163,0.00392295
395.03028181,0.00429657
395.24751689,0.00948566
395.46476685,0.00294740
395.68203170,0.00234547
395.89931143,0.00714019
396.11660604,0.00298892
396.33391553,0.00533438
396.55123990,0.00083025
396.76857913,0.00471169
396.98593324,0.00464943
397.20330221,-0.00253228
397.42068604,0.00363236
397.63808474,-0.00132841
397.85549829,0.00516833
398.07292670,0.00651750
398.29036996,0.00635145
398.50782807,0.00531363
398.72530103,0.00547968
398.94278883,0.00471169
399.16029147,0.00479472
399.37780895,0.00145295
399.59534127,0.00622691
399.81288841,0.00431732
400.03045039,0.00707792
400.24802720,0.00599859
400.46561883,0.00149446
400.68322529,0.00155673
400.90084656,0.00313421
401.11848265,0.00697414
401.33613355,0.00294740
401.55379926,0.00242849
401.77147978,0.00741002
401.98917511,0.00900826
402.20688524,0.00166051
402.42461017,0.00307194
402.64234989,0.00581178
402.86010441,0.00118311
403.07787372,0.00809498
403.29565782,0.00388144
403.51345670,0.00365312
403.73127037,0.00738926
403.94909882,0.00172278
404.16694205,0.00664204
404.38480005,0.00199261
404.60267282,0.00402673
404.82056036,0.00159824
405.03846267,0.00601934
405.25637974,0.00956868
405.47431157,0.00711943
405.69225816,0.00253228
405.91021951,0.00508531
406.12819561,0.00043588
406.34618645,0.00207564
406.56419205,0.00348707
406.78221239,0.00209639
407.00024747,0.00832330
407.21829729,0.00151521
407.43636184,0.00896675
407.65444113,0.00589481
407.87253515,0.00759683
408.09064390,0.00502304
408.30876737,0.00635145
408.52690556,0.00761758
408.74505847,0.00471169
408.96322610,0.00618540
409.18140844,0.00535514
409.39960550,0.00369463
409.61781726,0.00531363
409.83604372,0.00570800
410.05428489,0.00909129
410.27254076,0.00184732
410.49081133,0.00867616
410.70909659,0.00458716
410.92739654,0.00340404
411.14571118,0.00983852
411.36404051,0.00556270
411.58238452,0.00896675
411.80074321,0.00477396
412.01911658,0.00801196
412.23750462,0.01008759
412.45590734,0.00579102
412.67432472,0.00533438
412.89275677,0.00664204
413.11120349,0.00350783
413.32966486,0.00269833
413.54814090,0.00359085
413.76663159,0.00583254
413.98513693,0.00325875
414.20365692,0.00043588
414.42219156,0.00637220
414.64074084,0.00226244
414.85930477,0.00518909
415.07788333,0.00201337
415.29647653,0.00674582
415.51508437,0.00410976
415.73370683,0.00419279
415.95234392,0.00547968
416.17099564,0.00680809
416.38966198,0.00633069
416.60834294,0.00425505
416.82703851,0.00757607
417.04574870,0.00120387
417.26447350,0.00429657
417.48321291,0.00687036
417.70196692,0.00205488
417.92073554,0.00745153
418.13951875,0.00832330
418.35831657,0.00197185
418.57712898,0.00236623
418.79595598,0.01033667
419.01479757,0.00763834
419.23365374,0.00535514
419.45252450,0.00327951
419.67140984,0.00929885
419.89030975,0.00809498
420.10922425,0.01041969
420.32815331,0.00404749
420.54709694,0.00815725
420.76605514,0.00660052
420.98502791,0.00545892
421.20401523,0.00222093
421.42301712,0.00718170
421.64203356,0.00907053
421.86106455,0.00300967
422.08011009,0.00325875
422.29917018,0.00678733
422.51824482,0.00678733
422.73733399,0.00406825
422.95643771,0.00668355
423.17555596,0.00425505
423.39468875,0.00595708
423.61383606,0.00446262
423.83299790,0.00381917
424.05217427,0.00624766
424.27136516,0.00832330
424.49057057,0.00433808
424.70979050,0.00606086
424.92902494,0.00637220
425.14827390,0.00535514
425.36753736,0.00662128
425.58681532,0.01112541
425.80610779,0.00736851
426.02541476,0.01054423
426.24473623,0.00267757
426.46407219,0.00774212
426.68342265,0.00253228
426.90278759,0.00633069
427.12216702,0.00581178
427.34156093,0.00620615
427.56096933,0.00867616
427.78039220,0.01058574
427.99982955,0.00759683
428.21928137,0.00620615
428.43874766,0.00319648
428.65822841,0.00772137
428.87772363,0.00755532
429.09723331,0.00620615
429.31675745,0.00161900
429.53629605,0.00334177
429.75584910,0.00585329
429.97541660,0.00836481
430.19499854,0.00421354
430.41459494,0.01021213
430.63420577,0.00734775
430.85383104,0.00757607
431.07347075,0.00792893
431.29312489,0.01120844
431.51279347,0.00666279
431.73247647,0.00726473
431.95217390,0.00595708
432.17188574,0.00956868
432.39161201,0.00408900
432.61135270,0.00433808
432.83110780,0.00780439
433.05087731,0.01255760
433.27066123,0.00572876
433.49045956,0.00842708
433.71027229,0.00786666
433.93009942,0.00774212
434.14994095,0.00730624
434.36979687,0.00761758
434.58966718,0.00630993
434.80955189,0.00842708
435.02945098,0.01056499
435.24936445,0.01496534
435.46929230,0.00813649
435.68923454,0.00801196
435.90919115,0.01166508
436.12916213,0.00940263
436.34914748,0.01029516
436.56914720,0.00865540
436.78916128,0.00832330
437.00918972,0.00840633
437.22923252,0.00747229
437.44928968,0.00888372
437.66936119,0.01073104
437.88944706,0.01288970
438.10954727,0.01044045
438.32966182,0.01068953
438.54979072,0.01041969
438.76993395,0.01772593
438.99009153,0.01523517
439.21026343,0.01515214
439.43044967,0.01455021
439.65065024,0.01957325
439.87086513,0.01046121
440.09109434,0.00925734
440.31133788,0.00958944
440.53159573,0.01521441
440.75186789,0.00884221
440.97215437,0.01147827
441.19245516,0.01409357
441.41277025,0.01181037
441.63309964,0.01276516
441.85344334,0.01560878
442.07380133,0.01384449
442.29417362,0.01324256
442.51456020,0.01075180
442.73496107,0.01405206
442.95537623,0.01405206
443.17580567,0.01419735
443.39624939,0.01818257
443.61670739,0.01415584
443.83717967,0.01365769
444.05766622,0.01471626
444.27816704,0.01938644
444.49868212,0.01124995
444.71921147,0.01249533
444.93975509,0.01355390
445.16031296,0.01459172
445.38088508,0.01592013
445.60147147,0.01604467
445.82207210,0.01378222
446.04268698,0.01639753
446.26331610,0.02196023
446.48395947,0.01185188
446.70461707,0.01444643
446.92528892,0.01044045
447.14597499,0.01560878
447.36667530,0.00983852
447.58738984,0.01803728
447.80811860,0.01291046
448.02886158,0.00948566
448.24961879,0.01299348
448.47039021,0.01401054
448.69117585,0.02079787
448.91197570,0.01571257
449.13278975,0.01008759
449.35361802,0.01255760
449.57446049,0.01475777
449.79531715,0.00919507
450.01618802,0.01060650
450.23707308,0.01108390
450.45797234,0.01699946
450.67888578,0.01073104
450.89981341,0.01239155
451.12075522,0.01388601
451.34171122,0.01488231
451.56268139,0.01853543
451.78366574,0.01753913
452.00466426,0.01571257
452.22567696,0.00961020
452.44670382,0.01131222
452.66774484,0.00824028
452.88880003,0.01782971
453.10986938,0.01214247
453.33095288,0.01349164
453.55205053,0.01293121
453.77316234,0.00983852
453.99428830,0.01369920
454.21542840,0.01208020
454.43658264,0.01413508
454.65775102,0.01002532
454.87893354,0.01284819
455.10013019,0.01396903
455.32134098,0.01795425
455.54256589,0.01805803
455.76380493,0.01226701
455.98505809,0.01490307
456.20632537,0.01841089
456.42760677,0.01656358
456.64890229,0.01338785
456.87021191,0.01946947
457.09153565,0.01556727
457.31287349,0.01702022
457.53422544,0.02166964
457.75559149,0.01847316
457.97697163,0.01307651
458.19836587,0.01982233
458.41977420,0.01758064
458.64119663,0.02162813
458.86263313,0.01608618
459.08408373,0.02121300
459.30554840,0.01986384
459.52702716,0.02478310
459.74851999,0.01521441
459.97002689,0.02559259
460.19154786,0.01994686
460.41308290,0.02158662
460.63463201,0.01924115
460.85619518,0.01519366
461.07777241,0.01841089
461.29936369,0.01957325
461.52096903,0.02144132
461.74258841,0.02139981
461.96422185,0.01986384
462.18586933,0.02212628
462.40753086,0.02449251
462.62920642,0.02071485
462.85089602,0.01747686
463.07259966,0.01996762
463.29431733,0.01683341
463.51604902,0.01872224
463.73779475,0.01724854
463.95955449,0.02245838
464.18132826,0.02478310
464.40311604,0.01768442
464.62491784,0.02042426
464.84673365,0.01990535
465.06856347,0.02279049
465.29040730,0.01917888
465.51226513,0.02002989
465.73413696,0.01743534
465.95602279,0.02258292
466.17792261,0.02196023
466.39983643,0.02781352
466.62176424,0.02384906
466.84370603,0.02872680
467.06566181,0.02322637
467.28763157,0.02633982
467.50961531,0.02677571
467.73161303,0.02615302
467.95362472,0.02359998
468.17565038,0.02893437
468.39769001,0.02580016
468.61974360,0.02440948
468.84181116,0.02644360
469.06389267,0.02941176
469.28598814,0.02793806
469.50809757,0.03173648
469.73022094,0.03229690
469.95235827,0.02835319
470.17450954,0.02368301
470.39667475,0.02368301
470.61885390,0.02611150
470.84104699,0.02800033
471.06325402,0.03254598
471.28547498,0.02633982
471.50770986,0.02820790
471.72995867,0.02588318
471.95222141,0.02117149
472.17449806,0.02212628
472.39678864,0.02042426
472.61909313,0.02216779
472.84141153,0.02065258
473.06374384,0.03142513
473.28609005,0.02621528
473.50845017,0.02291502
473.73082420,0.02584167
473.95321212,0.02386982
474.17561393,0.02918344
474.39802964,0.02544730
474.62045924,0.02841546
474.84290273,0.02256217
475.06536010,0.02797958
475.28783136,0.02899664
475.51031649,0.02640209
475.73281550,0.02127527
475.95532838,0.02088090
476.17785513,0.02409814
476.40039575,0.02526049
476.62295024,0.02386982
476.84551859,0.02482461
477.06810080,0.02252065
477.29069686,0.02355847
477.51330678,0.02434721
477.73593055,0.03005521
477.95856817,0.02409814
478.18121963,0.02621528
478.40388494,0.02862302
478.62656409,0.03258749
478.84925707,0.02625680
479.07196389,0.02652663
479.29468455,0.02660966
479.51741903,0.03076093
479.74016733,0.02347545
479.96292946,0.02588318
480.18570542,0.02513595
480.40849519,0.02220931
480.63129877,0.02648512
480.85411617,0.02627755
481.07694738,0.02297729
481.29979239,0.02633982
481.52265121,0.02330939
481.74552383,0.02499066
481.96841025,0.02609075
482.19131046,0.02355847
482.41422447,0.02279049
482.63715227,0.02561335
482.86009385,0.02212628
483.08304922,0.01957325
483.30601837,0.01982233
483.52900130,0.02411889
483.75199801,0.02002989
483.97500849,0.02438873
484.19803274,0.02571713
484.42107076,0.02256217
484.64412255,0.02592470
484.86718810,0.02644360
485.09026741,0.01897131
485.31336047,0.02021670
485.53646729,0.02335091
485.75958786,0.01892980
485.98272218,0.02052804
486.20587024,0.01826560
486.42903205,0.02108846
486.65220760,0.02038275
486.87539689,0.02820790
487.09859991,0.02457553
487.32181666,0.02231309
487.54504715,0.02702478
487.76829136,0.02494915
487.99154929,0.02980614
488.21482094,0.02750218
488.43810631,0.02781352
488.66140540,0.03372909
488.88471820,0.02866454
489.10804471,0.02982689
489.33138493,0.02961933
489.55473885,0.03090622
489.77810647,0.03362531
490.00148780,0.03565943
490.22488281,0.03541035
490.44829153,0.03756901
490.67171393,0.03717464
490.89515002,0.03902196
491.11859979,0.04178256
491.34206325,0.04188634
491.56554038,0.03738221
491.78903120,0.04234298
492.01253568,0.04005978
492.23605384,0.04163726
492.45958567,0.04157499
492.68313116,0.04240525
492.90669031,0.03933331
493.13026312,0.03678027
493.35384960,0.03358379
493.57744972,0.03447632
493.80106350,0.03148740
494.02469092,0.03275354
494.24833200,0.03551414
494.47198671,0.03725767
494.69565507,0.03231766
494.91933706,0.03962389
495.14303269,0.03416497
495.36674195,0.03107227
495.59046484,0.03215160
495.81420136,0.03491220
496.03795150,0.02768899
496.26171526,0.02540579
496.48549264,0.02854000
496.70928364,0.02658890
496.93308825,0.03026278
497.15690647,0.03312715
497.38073830,0.03186102
497.60458373,0.03902196
497.82844276,0.04674333
498.05231539,0.03916725
498.27620162,0.03904272
498.50010144,0.03740296
498.72401485,0.03738221
498.94794185,0.04115987
499.17188244,0.03588775
499.39583661,0.03702935
499.61980435,0.03163270
499.84378568,0.03819171
500.06778058,0.03827473
500.29178904,0.03997675
500.51581108,0.03422724
500.73984668,0.04070323
500.96389585,0.03922952
501.18795858,0.03765204
501.41203486,0.04645274
501.63612470,0.04163726
501.86022809,0.04618291
502.08434503,0.04636971
502.30847551,0.04431483
502.53261954,0.04261281
502.75677711,0.04138819
502.98094822,0.04292416
503.20513286,0.04047491
503.42933104,0.03937482
503.65354274,0.03532733
503.87776797,0.03522355
504.10200673,0.03364606
504.32625901,0.03748599
504.55052480,0.03715389
504.77480411,0.03167421
504.99909694,0.03171572
505.22340327,0.03458010
505.44772312,0.03202707
505.67205646,0.02847773
505.89640331,0.03269127
506.12076366,0.02606999
506.34513750,0.02951555
506.56952484,0.02868529
506.79392567,0.02839470
507.01833999,0.02797958
507.24276779,0.03341774
507.46720907,0.03040807
507.69166384,0.03017975
507.91613208,0.02766823
508.14061380,0.03150816
508.36510898,0.03204782
508.58961764,0.03325169
508.81413976,0.03219312
509.03867534,0.03538960
509.26322439,0.03171572
509.48778689,0.03281581
509.71236285,0.03999751
509.93695226,0.03391590
510.16155512,0.03597078
510.38617142,0.03698784
510.61080117,0.03269127
510.83544436,0.03555565
511.06010099,0.03362531
511.28477105,0.04101457
511.50945454,0.03806717
511.73415147,0.03802565
511.95886182,0.03524430
512.18358560,0.03356304
512.40832280,0.03127984
512.63307341,0.03300262
512.85783745,0.03167421
513.08261489,0.02897588
513.30740575,0.03173648
513.53221001,0.03065715
513.75702768,0.03254598
513.98185875,0.02816638
514.20670322,0.02870605
514.43156109,0.02868529
514.65643235,0.02748142
514.88131700,0.02754369
515.10621504,0.03474615
515.33112647,0.03177799
515.55605128,0.03063639
515.78098946,0.03246295
516.00594103,0.02885134
516.23090597,0.02793806
516.45588428,0.03574246
516.68087596,0.02636058
516.90588100,0.03007597
517.13089941,0.02577940
517.35593118,0.02895512
517.58097631,0.02729462
517.80603479,0.02802109
518.03110663,0.02453402
518.25619181,0.02708705
518.48129034,0.02399435
518.70640222,0.02758520
518.93152743,0.02739840
519.15666598,0.02598697
519.38181787,0.02407738
519.60698310,0.02833243
519.83216165,0.02249990
520.05735353,0.02077712
520.28255873,0.02185645
520.50777726,0.02071485
520.73300910,0.02548881
520.95825426,0.02465856
521.18351273,0.02725310
521.40878452,0.02679646
521.63406961,0.02382830
521.85936801,0.02580016
522.08467971,0.02220931
522.31000471,0.02391133
522.53534300,0.02494915
522.76069459,0.02712856
522.98605947,0.02611150
523.21143764,0.02937025
523.43682910,0.03314791
523.66223383,0.02941176
523.88765185,0.03227614
524.11308315,0.02972311
524.33852772,0.03505750
524.56398556,0.02966084
524.78945667,0.03092698
525.01494104,0.03458010
525.24043868,0.03389514
525.46594959,0.03578397
525.69147374,0.04387895
525.91701116,0.03675952
526.14256182,0.03424800
526.36812574,0.03321018
526.59370290,0.03584624
526.81929331,0.03260824
527.04489696,0.03484993
527.27051384,0.03339699
527.49614396,0.03007597
527.72178732,0.02897588
527.94744390,0.02957782
528.17311372,0.02903815
528.39879675,0.03300262
528.62449301,0.03252522
528.85020249,0.04047491
529.07592518,0.03785960
529.30166109,0.03665573
529.52741021,0.04346382
529.75317254,0.04431483
529.97894807,0.03723691
530.20473680,0.04462618
530.43053874,0.04354685
530.65635387,0.05539873
530.88218219,0.04603761
531.10802371,0.05103989
531.33387841,0.04840384
531.55974630,0.04881896
531.78562738,0.05160032
532.01152163,0.05211922
532.23742906,0.04746980
532.46334967,0.04657728
532.68928344,0.04921333
532.91523039,0.04865291
533.14119051,0.05263813
533.36716378,0.04946241
533.59315022,0.05056250
533.81914982,0.04927560
534.04516257,0.05884429
534.27118847,0.05023040
534.49722752,0.05018888
534.72327973,0.05332309
534.94934507,0.05274192
535.17542356,0.05791025
535.40151518,0.05546100
535.62761994,0.04767736
535.85373784,0.04886048
536.07986886,0.05747437
536.30601301,0.05419486
536.53217029,0.05328158
536.75834069,0.04583005
536.98452420,0.05224376
537.21072084,0.05350990
537.43693059,0.05311553
537.66315345,0.05124746
537.88938941,0.05124746
538.11563848,0.05456848
538.34190066,0.05670638
538.56817593,0.05305326
538.79446431,0.05400805
539.02076577,0.05137200
539.24708033,0.05803479
539.47340798,0.05460999
539.69974871,0.05492133
539.92610252,0.05407032
540.15246942,0.05099838
540.37884939,0.05371746
540.60524244,0.05903109
540.83164856,0.05355141
541.05806775,0.06044253
541.28450001,0.06241438
541.51094533,0.06903566
541.73740371,0.06752045
541.96387515,0.06689775
542.19035965,0.06108597
542.41685719,0.07177550
542.64336779,0.07086222
542.86989144,0.07223214
543.09642813,0.06054631
543.32297786,0.06872431
543.54954063,0.06187471
543.77611643,0.06806011
544.00270527,0.06303707
544.22930714,0.06772801
544.45592204,0.06766574
544.68254996,0.06654490
544.90919091,0.06413716
545.13584487,0.06785255
545.36251185,0.06328615
545.58919184,0.06164639
545.81588485,0.06164639
546.04259086,0.06027647
546.26930988,0.05871975
546.49604191,0.06231060
546.72278693,0.06305783
546.94954495,0.06409565
547.17631596,0.06461455
547.40309997,0.06581842
547.62989696,0.06289178
547.85670694,0.06722986
548.08352991,0.07796090
548.31036585,0.06922247
548.53721477,0.07077919
548.76407667,0.08319150
548.99095154,0.07957989
549.21783938,0.07447383
549.44474018,0.07887417
549.67165395,0.07729669
549.89858069,0.07858359
550.12552038,0.07331147
550.35247302,0.07175474
550.57943862,0.07277180
550.80641717,0.06999045
551.03340866,0.07351903
551.26041310,0.07904023
551.48743048,0.08258956
551.71446081,0.08022334
551.94150406,0.08916933
552.16856025,0.09128648
552.39562937,0.09348665
552.62271142,0.08950143
552.84980640,0.08945992
553.07691429,0.09286396
553.30403511,0.09128648
553.53116884,0.09400556
553.75831549,0.09475279
553.98547505,0.09770020
554.21264752,0.09902860
554.43983289,0.09749263
554.66703116,0.10226659
554.89424234,0.10504795
555.12146641,0.10795384
555.34870338,0.10724812
555.57595324,0.11386940
555.80321599,0.11644319
556.03049162,0.11102578
556.25778014,0.10820291
556.48508154,0.11243721
556.71239582,0.11312217
556.93972297,0.10888787
557.16706300,0.10457055
557.39441589,0.10841048
557.62178165,0.11536386
557.84916028,0.11256175
558.07655177,0.11677529
558.30395611,0.12024160
558.53137331,0.11920379
558.75880337,0.11766782
558.98624627,0.11353730
559.21370202,0.11442982
559.44117062,0.10799535
559.66865206,0.11235419
559.89614634,0.11420150
560.12365345,0.10843123
560.35117340,0.11054838
560.57870618,0.11096351
560.80625179,0.10479887
561.03381022,0.11171074
561.26138148,0.11204284
561.48896555,0.11183528
561.71656244,0.10940678
561.94417215,0.11117107
562.17179467,0.10870107
562.39942999,0.10971813
562.62707812,0.11056914
562.85473906,0.11658848
563.08241279,0.11287310
563.31009933,0.11519781
563.53779866,0.12360413
563.76551078,0.11673378
563.99323568,0.11337125
564.22097338,0.11727344
564.44872386,0.11368259
564.67648712,0.11924530
564.90426316,0.11706588
565.13205197,0.11297688
565.35985356,0.11544688
565.58766792,0.12447590
565.81549504,0.12117564
566.04333493,0.12439288
566.27118758,0.11173150
566.49905298,0.11227116
566.72693115,0.10855577
566.95482207,0.10961435
567.18272573,0.10589896
567.41064215,0.10841048
567.63857131,0.10830670
567.86651321,0.10961435
568.09446785,0.10299307
568.32243523,0.11081822
568.55041534,0.11013326
568.77840819,0.11220889
569.00641376,0.11002947
569.23443206,0.10919922
569.46246308,0.11210511
569.69050682,0.11312217
569.91856327,0.11330898
570.14663244,0.11384864
570.37471433,0.11362032
570.60280892,0.11631865
570.83091622,0.10847275
571.05903622,0.11279007
571.28716892,0.11050687
571.51531432,0.11710739
571.74347241,0.11650546
571.97164320,0.11123334
572.19982667,0.11268629
572.42802284,0.10851426
572.65623168,0.11243721
572.88445321,0.11447134
573.11268742,0.10513097
573.34093430,0.10313836
573.56919385,0.10390635
573.79746608,0.10116651
574.02575097,0.10517249
574.25404853,0.10785006
574.48235874,0.10836897
574.71068162,0.11233343
574.93901715,0.10785006
575.16736534,0.11679605
575.39572618,0.11563369
575.62409966,0.12551372
575.85248579,0.12551372
576.08088456,0.12557599
576.30929597,0.12611565
576.53772002,0.12331355
576.76615671,0.12731952
576.99460602,0.12572128
577.22306796,0.12520237
577.45154253,0.12920835
577.68002972,0.12725725
577.90852953,0.12528540
578.13704196,0.12316825
578.36556700,0.12291917
578.59410465,0.12186060
578.82265492,0.12605339
579.05121779,0.12441363
579.27979326,0.12024160
579.50838133,0.11864336
579.73698201,0.11115032
579.96559527,0.10975964
580.19422113,0.11517705
580.42285958,0.11276931
580.65151062,0.10618955
580.88017424,0.10448753
581.10885044,0.10467433
581.33753922,0.11312217
581.56624057,0.10679148
581.79495450,0.10674997
582.02368100,0.09981734
582.25242007,0.10234962
582.48117170,0.10542156
582.70993589,0.10585745
582.93871264,0.10417618
583.16750195,0.09834364
583.39630381,0.10228735
583.62511822,0.10361576
583.85394518,0.09873801
584.08278469,0.10307609
584.31163674,0.09828137
584.54050133,0.10116651
584.76937845,0.10774627
584.99826811,0.11005023
585.22717030,0.11225040
585.45608502,0.10787081
585.68501226,0.11617336
585.91395203,0.11835278
586.14290432,0.12138320
586.37186912,0.12009631
586.60084644,0.12771389
586.82983628,0.12773465
587.05883862,0.13252937
587.28785347,0.13514467
587.51688082,0.13996015
587.74592067,0.13709577
587.97497302,0.13663913
588.20403787,0.13512392
588.43311520,0.13981485
588.66220503,0.14444352
588.89130735,0.14093570
589.12042215,0.14506621
589.34954943,0.15322346
589.57868919,0.14564739
589.80784142,0.15245548
590.03700613,0.14946656
590.26618331,0.15050438
590.49537296,0.15031757
590.72457507,0.14243015
590.95378964,0.14205654
591.18301667,0.14687202
591.41225616,0.14263772
591.64150811,0.14126780
591.87077250,0.14359251
592.10004934,0.14521151
592.32933863,0.14475487
592.55864036,0.13954502
592.78795453,0.13939973
593.01728114,0.14589647
593.24662018,0.14450579
593.47597165,0.14058284
593.70533555,0.14340570
593.93471188,0.14840799
594.16410063,0.14639462
594.39350180,0.14423596
594.62291539,0.14162066
594.85234140,0.13829964
595.08177981,0.14535680
595.31123064,0.13609946
595.54069387,0.14440201
595.77016951,0.15110631
595.99965755,0.15162522
596.22915798,0.15428204
596.45867081,0.14992320
596.68819604,0.15316119
596.91773365,0.14660218
597.14728365,0.15079497
597.37684603,0.14786832
597.60642080,0.15467641
597.83600795,0.16557350
598.06560747,0.16721325
598.29521936,0.16310349
598.52484363,0.16800199
598.75448026,0.16513761
598.98412926,0.16650753
599.21379062,0.17287974
599.44346434,0.17397982
599.67315042,0.18562414
599.90284885,0.19396820
600.13255963,0.19934410
600.36228276,0.20611067
600.59201824,0.21289800
600.82176606,0.21219229
601.05152622,0.21486986
601.28129871,0.21964382
601.51108354,0.22848603
601.74088070,0.23068621
601.97069019,0.23597908
602.20051201,0.23983976
602.43034615,0.24264187
602.66019261,0.24635726
602.89005139,0.24743659
603.11992249,0.23965295
603.34980589,0.24255884
603.57970161,0.23543941
603.80960963,0.23500353
604.03952996,0.24679314
604.26946259,0.26713438
604.49940751,0.27674457
604.72936474,0.28081282
604.95933425,0.29156461
605.18931606,0.29067209
605.41931015,0.29544605
605.64931653,0.28739259
605.87933519,0.28230728
606.10936612,0.29073436
606.33940934,0.28452821
606.56946483,0.28948898
606.79953259,0.27915231
607.02961261,0.28463199
607.25970490,0.29090041
607.48980946,0.28741334
607.71992627,0.28097887
607.95005534,0.29233260
608.18019667,0.29702354
608.41035024,0.30694508
608.64051607,0.30474490
608.87069414,0.31398149
609.10088445,0.30808668
609.33108700,0.31950268
609.56130179,0.32043671
609.79152882,0.33455104
610.02176808,0.34164972
610.25201956,0.34233468
610.48228328,0.34629914
610.71255921,0.33656441
610.94284737,0.33133380
611.17314775,0.33675121
611.40346034,0.33004691
611.63378514,0.32948649
611.86412215,0.31838183
612.09447137,0.30846029
612.32483280,0.31049442
612.55520642,0.29044377
612.78559225,0.26713438
613.01599027,0.24762340
613.24640048,0.24021338
613.47682288,0.22634813
613.70725747,0.22794637
613.93770425,0.21657188
614.16816321,0.22331770
614.39863434,0.22514426
614.62911766,0.22454232
614.85961314,0.22325543
615.09012080,0.23338453
615.32064063,0.23431857
615.55117262,0.22948234
615.78171677,0.22838225
616.01227308,0.22917099
616.24284156,0.22912948
616.47342218,0.22244593
616.70401496,0.23201461
616.93461988,0.22844452
617.16523695,0.23541866
617.39586617,0.21868903
617.62650752,0.21275271
617.85716101,0.20893354
618.08782664,0.20335008
618.31850440,0.18653742
618.54919429,0.18512599
618.77989630,0.17900286
619.01061044,0.17128150
619.24133670,0.16528291
619.47207508,0.16395450
619.70282557,0.15766532
619.93358818,0.16345635
620.16436289,0.15206111
620.39514972,0.15774835
620.62594864,0.14844950
620.85675967,0.14633235
621.08758280,0.14417369
621.31841802,0.13925443
621.54926534,0.13518618
621.78012475,0.12787995
622.01099624,0.11876790
622.24187982,0.12335506
622.47277549,0.12069824
622.70368323,0.12067749
622.93460305,0.10791233
623.16553494,0.10706131
623.39647890,0.10278550
623.62743493,0.10591971
623.85840303,0.10596123
624.08938319,0.10569139
624.32037541,0.10496492
624.55137968,0.10911619
624.78239602,0.10297231
625.01342440,0.10297231
625.24446483,0.10286853
625.47551731,0.10050230
625.70658183,0.09981734
625.93765839,0.10124953
626.16874699,0.10550459
626.39984763,0.09765868
626.63096029,0.10467433
626.86208499,0.10010793
627.09322171,0.10245340
627.32437046,0.10401013
627.55553123,0.11038233
627.78670401,0.11168998
628.01788882,0.12103035
628.24908563,0.13246710
628.48029446,0.12985180
628.71151529,0.13528997
628.94274813,0.13445971
629.17399296,0.14317738
629.40524980,0.14133007
629.63651863,0.14527378
629.86779946,0.14624933
630.09909228,0.15444809
630.33039709,0.16364316
630.56171388,0.17258915
630.79304265,0.16856241
631.02438340,0.17051351
631.25573613,0.17728009
631.48710084,0.18238615
631.71847751,0.17823488
631.94986615,0.18630910
632.18126676,0.19344929
632.41267933,0.20069326
632.64410387,0.19232845
632.87554035,0.20592387
633.10698880,0.21763045
633.33844919,0.22315165
633.56992154,0.23699614
633.80140583,0.25023870
634.03290207,0.24123044
634.26441024,0.23168251
634.49593035,0.23184856
634.72746240,0.22350450
634.95900638,0.22595375
635.19056229,0.23195234
635.42213013,0.24733281
635.65370989,0.25549006
635.88530158,0.25225207
636.11690518,0.25362199
636.34852069,0.26281705
636.58014812,0.27004027
636.81178746,0.28967579
637.04343871,0.30132010
637.27510187,0.30142389
637.50677692,0.31638922
637.73846387,0.30908298
637.97016272,0.31416829
638.20187347,0.31939890
638.43359610,0.31286064
638.66533062,0.33197725
638.89707703,0.32905060
639.12883532,0.32467101
639.36060549,0.32238781
639.59238754,0.31534218
639.82418146,0.33255241
640.05598725,0.32452697
640.28780491,0.32020336
640.51963444,0.33218510
640.75147583,0.30632354
640.98332908,0.30963674
641.21519419,0.31272914
641.44707115,0.31246579
641.67895997,0.30699943
641.91086063,0.29502353
642.14277314,0.29316175
642.37469750,0.27830701
642.60663369,0.27375200
642.83858172,0.28763694
643.07054159,0.29858700
643.30251329,0.30644812
643.53449683,0.30577881
643.76649218,0.28905153
643.99849937,0.27886923
644.23051837,0.28422084
644.46254919,0.26936519
644.69459183,0.27958115
644.92664628,0.27857077
645.15871254,0.27200036
645.39079061,0.26142296
645.62288049,0.25948771
645.85498217,0.26450623
646.08709564,0.25771518
646.31922091,0.24980306
646.55135798,0.25497526
646.78350684,0.25614897
647.01566748,0.24356746
647.24783991,0.24707352
647.48002413,0.25074113
647.71222012,0.24666758
647.94442789,0.25551233
648.17664744,0.24755443
648.40887875,0.24962078
648.64112184,0.23976929
648.87337669,0.24603937
649.10564331,0.23842448
649.33792168,0.24230545
649.57021181,0.23968822
649.80251370,0.23349589
650.03482734,0.23817709
650.26715273,0.25065718
650.49948987,0.24846684
650.73183875,0.24459772
650.96419937,0.23316369
651.19657173,0.23597556
651.42895582,0.24159650
651.66135165,0.25512437
651.89375921,0.23777156
652.12617849,0.23682663
652.35860950,0.23168182
652.59105224,0.23530336
652.82350669,0.23560737
653.05597285,0.23729985
653.28845073,0.23508969
653.52094032,0.23260396
653.75344162,0.23688012
653.98595462,0.23545198
654.21847933,0.23855345
654.45101573,0.23912293
654.68356383,0.24472699
654.91612363,0.25910570
655.14869511,0.24609204
655.38127829,0.26250769
655.61387315,0.25726265
655.84647969,0.26590093
656.07909792,0.26474541
656.31172782,0.25301030
656.54436939,0.25352215
656.77702264,0.25479890
657.00968756,0.25025474
657.24236414,0.25557580
657.47505238,0.26506975
657.70775229,0.26303806
657.94046385,0.25929609
658.17318707,0.26596523
658.40592195,0.26189720
658.63866847,0.26347807
658.87142663,0.26829642
659.10419645,0.27338263
659.33697790,0.27171264
659.56977099,0.27243463
659.80257572,0.25975972
660.03539208,0.25889665
660.26822007,0.25303386
660.50105969,0.25399534
660.73391093,0.26302975
660.96677380,0.25863339
661.19964828,0.27088958
661.43253438,0.27321163
661.66543209,0.28026370
661.89834142,0.27733526
662.13126235,0.27984499
662.36419489,0.28404871
662.59713903,0.30457603
662.83009477,0.28984859
663.06306210,0.27788156
663.29604103,0.28312791
663.52903155,0.28136720
663.76203367,0.26971942
663.99504736,0.26218281
664.22807264,0.25679449
664.46110950,0.25634821
664.69415794,0.25539775
664.92721795,0.25581762
665.16028953,0.25600619
665.39337269,0.25974248
665.62646740,0.26173108
665.85957369,0.25893178
666.09269153,0.25425782
666.32582093,0.25375745
666.55896189,0.24325039
666.79211440,0.23726597
667.02527846,0.24166632
667.25845406,0.23492050
667.49164121,0.23278260
667.72483991,0.22802939
667.95805014,0.22458383
668.19127190,0.21478683
668.42450520,0.22122130
668.65775003,0.20860144
668.89100639,0.20667109
669.12427427,0.20999211
669.35755368,0.20793723
669.59084460,0.20017435
669.82414704,0.20918261
670.05746099,0.20943169
670.29078646,0.21059405
670.52412343,0.20885051
670.75747191,0.22784258
670.99083189,0.23215991
671.22420337,0.23863589
671.45758635,0.25590518
671.69098082,0.25432770
671.92438678,0.26829673
672.15780424,0.27751256
672.39123317,0.28477728
672.62467360,0.29949354
672.85812550,0.30100876
673.09158888,0.31836108
673.32506373,0.31535141
673.55855006,0.31171904
673.79204785,0.31304745
674.02555712,0.31178131
674.25907784,0.32018764
674.49261003,0.32382000
674.72615367,0.31120013
674.95970878,0.32103865
675.19327533,0.32479555
675.42685333,0.33581718
675.66044278,0.32900909
675.89404368,0.33868156
676.12765601,0.33558886
676.36127979,0.34081946
676.59491500,0.35393748
676.82856165,0.34656897
677.06221972,0.33928349
677.29588922,0.33050355
677.52957015,0.33272448
677.76326250,0.33299431
677.99696627,0.30914525
678.23068146,0.30650920
678.46440806,0.29793682
678.69814607,0.28654157
678.93189549,0.27603886
679.16565631,0.28577359
679.39942854,0.27114035
679.63321217,0.27915231
679.86700720,0.26860808
680.10081361,0.27238574
680.33463143,0.26663622
680.56846063,0.27408776
680.80230121,0.26877413
681.03615318,0.27161775
681.27001653,0.26808917
681.50389126,0.26921001
681.73777736,0.26974968
681.97167484,0.26325294
682.20558368,0.26970817
682.43950390,0.26499647
682.67343547,0.25827141
682.90737841,0.24677239
683.14133270,0.23616588
683.37529836,0.23118436
683.60927536,0.22526879
683.84326371,0.22064013
684.07726341,0.20833160
684.31127446,0.20642202
684.54529685,0.20347461
684.77933057,0.20594462
685.01337564,0.20598613
685.24743203,0.21547179
685.48149976,0.23184856
685.71557881,0.23797169
685.94966919,0.24515339
686.18377090,0.25318610
686.41788392,0.26514177
686.65200826,0.27186683
686.88614391,0.26759102
687.12029088,0.27477272
687.35444915,0.26746648
687.58861873,0.27282162
687.82279961,0.26617958
688.05699179,0.27010254
688.29119527,0.26570219
688.52541004,0.27205363
688.75963611,0.28097887
688.99387346,0.28058450
689.22812210,0.29463656
689.46238203,0.30945660
689.69665323,0.31028685
689.93093571,0.32218025
690.16522947,0.32506538
690.39953450,0.33203952
690.63385080,0.33890988
690.86817837,0.34629914
691.10251720,0.34067417
691.33686730,0.34910125
691.57122865,0.34663124
691.80560125,0.35157126
692.03998511,0.34270829
692.27438023,0.34555191
692.50878658,0.33264145
692.74320419,0.33662668
692.97763303,0.32917514
693.21207312,0.33942878
693.44652444,0.32921665
693.68098699,0.33573415
693.91546077,0.34117232
694.14994579,0.34700486
694.38444203,0.34250073
694.61894949,0.34551040
694.85346817,0.36122296
695.08799806,0.36593466
695.32253918,0.36414961
695.55709150,0.37932251
695.79165503,0.38561169
696.02622977,0.39028187
696.26081571,0.40308855
696.49541285,0.41545934
696.73002119,0.41819918
696.96464072,0.41354975
697.19927145,0.41301009
697.43391336,0.43005106
697.66856647,0.43241729
697.90323075,0.43492881
698.13790622,0.43550998
698.37259286,0.44613724
698.60729068,0.44839968
698.84199967,0.46083275
699.07671984,0.47168832
699.31145117,0.47393001
699.54619366,0.47077504
699.78094731,0.47316202
700.01571213,0.48659139
700.25048810,0.49155216
700.48527522,0.49919050
700.72007349,0.49389763
700.95488292,0.49699033
701.18970348,0.49369007
701.42453519,0.50512682
701.65937804,0.49952260
701.89423202,0.50491926
702.12909714,0.51633526
702.36397339,0.50848935
702.59886077,0.51699946
702.83375927,0.52007140
703.06866889,0.50907053
703.30358964,0.51473702
703.53852150,0.49856781
703.77346448,0.50535514
704.00841857,0.49632612
704.24338376,0.50527212
704.47836007,0.49420898
704.71334748,0.48347794
704.94834598,0.47262236
705.18335559,0.48310432
705.41837629,0.48320810
705.65340808,0.48779526
705.88845096,0.49354477
706.12350493,0.50981776
706.35856998,0.52341318
706.59364612,0.53470464
706.82873333,0.55627050
707.06383161,0.58248578
707.29894097,0.58682386
707.53406141,0.61667151
707.76919290,0.63174063
708.00433546,0.66175433
708.23948909,0.68794886
708.47465377,0.68630910
708.70982951,0.67894060
708.94501630,0.71080161
709.18021414,0.69701939
709.41542303,0.70320478
709.65064297,0.66903981
709.88587395,0.65077421
710.12111597,0.62132093
710.35636902,0.58945992
710.59163311,0.56725061
710.82690823,0.54695089
711.06219437,0.52712856
711.29749155,0.52910042
711.53279974,0.53302337
711.76811896,0.52440948
712.00344920,0.51907510
712.23879044,0.53377060
712.47414270,0.54086928
712.70950597,0.55033418
712.94488025,0.54533189
713.18026553,0.56980364
713.41566181,0.54954544
713.65106908,0.54842459
713.88648736,0.54207315
714.12191662,0.53769355
714.35735688,0.52793806
714.59280812,0.52789655
714.82827034,0.51455021
715.06374355,0.50095479
715.29922774,0.49252771
715.53472290,0.50508531
715.77022903,0.49285981
716.00574614,0.51235004
716.24127421,0.50300967
716.47681324,0.48713106
716.71236324,0.48725559
716.94792420,0.48250239
717.18349611,0.46224418
717.41907898,0.46485948
717.65467280,0.45512475
717.89027757,0.45693055
718.12589328,0.45105650
718.36151993,0.44792229
718.59715752,0.44128025
718.83280605,0.42951140
719.06846552,0.42357508
719.30413591,0.42444684
719.53981724,0.40964756
719.77550949,0.41309311
720.01121266,0.41707833
720.24692676,0.42243348
720.48265177,0.42482046
720.71838769,0.43067375
720.95413453,0.43254182
721.18989228,0.42396945
721.42566093,0.41473287
721.66144049,0.41384034
721.89723095,0.40761343
722.13303231,0.40404334
722.36884456,0.40603595
722.60466770,0.41531404
722.84050173,0.41288555
723.07634666,0.41923700
723.31220246,0.42704139
723.54806915,0.43696293
723.78394671,0.43189838
724.01983515,0.42039935
724.25573447,0.41828220
724.49164465,0.40304703
724.72756571,0.38476068
724.96349762,0.37114451
725.19944040,0.36444020
725.43539404,0.35302420
725.67135854,0.33608701
725.90733388,0.33108473
726.14332008,0.33048279
726.37931713,0.32763917
726.61532503,0.31792519
726.85134376,0.31640998
727.08737334,0.31881772
727.32341375,0.31956495
727.55946500,0.31831956
727.79552708,0.31867242
728.03159998,0.31692889
728.26768372,0.31325501
728.50377827,0.31956495
728.73988365,0.32068579
728.97599985,0.31790444
729.21212686,0.31744780
729.44826468,0.30559592
729.68441331,0.29451202
729.92057275,0.29015318
730.15674299,0.28591888
730.39292403,0.28726805
730.62911587,0.27184607
730.86531851,0.26534933
731.10153194,0.26153016
731.33775616,0.24587986
731.57399117,0.23886421
731.81023696,0.22437627
732.04649353,0.22865208
732.28276088,0.21219229
732.51903901,0.21661339
732.75532791,0.20731454
732.99162758,0.20656731
733.22793802,0.19828552
733.46425923,0.19442484
733.70059119,0.18529204
733.93693392,0.17894060
734.17328740,0.17987463
734.40965164,0.17402134
734.64602662,0.17115696
734.88241236,0.16962099
735.11880884,0.17088713
735.35521607,0.16723401
735.59163403,0.16192038
735.82806273,0.16436963
736.06450217,0.16872847
736.30095234,0.16962099
736.53741323,0.17896135
736.77388486,0.20069326
737.01036720,0.20779194
737.24686027,0.22560090
737.48336406,0.24123044
737.71987856,0.25414089
737.95640377,0.26537009
738.19293969,0.26821371
738.42948632,0.27933912
738.66604365,0.28753788
738.90261169,0.27992030
739.13919042,0.27732575
739.37577985,0.27336129
739.61237997,0.27402549
739.84899078,0.27151397
740.08561228,0.27053842
740.32224446,0.26057537
740.55888732,0.24899332
740.79554087,0.24228901
741.03220509,0.23157873
741.26887998,0.21412263
741.50556555,0.20388974
741.74226178,0.19872141
741.97896868,0.19708166
742.21568624,0.18498070
742.45241446,0.17721782
742.68915333,0.17354394
742.92590286,0.17605546
743.16266304,0.17161360
743.39943387,0.16864544
743.63621535,0.16264685
743.87300747,0.15770684
744.10981023,0.15401220
744.34662363,0.15305741
744.58344766,0.15864087
744.82028232,0.16505459
745.05712761,0.16127693
745.29398353,0.15756154
745.53085007,0.15382540
745.76772724,0.16169206
746.00461502,0.16463946
746.24151341,0.15980323
746.47842242,0.15334800
746.71534204,0.15451036
746.95227227,0.15368010
747.18921310,0.15588028
747.42616453,0.15127236
747.66312656,0.15747852
747.90009918,0.15625389
748.13708240,0.16719249
748.37407621,0.17744614
748.61108061,0.17561958
748.84809559,0.18028976
749.08512115,0.17754992
749.32215730,0.17302503
749.55920401,0.17470630
749.79626131,0.17420814
750.03332917,0.17717630
750.27040760,0.16918511
750.50749660,0.17397982
750.74459616,0.16522064
750.98170628,0.16246004
751.21882695,0.16418282
751.45595818,0.15509154
751.69309997,0.16999460
751.93025230,0.16478476
752.16741517,0.16580182
752.40458859,0.16744157
752.64177256,0.15778986
752.87896705,0.16283366
753.11617209,0.15868239
753.35338765,0.16262609
753.59061374,0.16299971
753.82785037,0.16675661
754.06509751,0.17215326
754.30235518,0.17437420
754.53962336,0.18726390
754.77690206,0.19654199
755.01419127,0.20550874
755.25149099,0.22024576
755.48880122,0.22443854
755.72612195,0.21906264
755.96345319,0.22464610
756.20079492,0.22105525
756.43814715,0.22603678
756.67550987,0.22371207
756.91288309,0.22717838
757.15026679,0.22701233
757.38766097,0.22236290
757.62506564,0.21428868
757.86248079,0.19988376
758.09990641,0.19100004
758.33734251,0.19554568
758.57478908,0.18763751
758.81224612,0.19309643
759.04971362,0.18089169
759.28719159,0.17725933
759.52468001,0.16316576
759.76217889,0.17402134
759.99968823,0.16694342
760.23720802,0.16189962
760.47473826,0.15770684
760.71227894,0.15361783
760.94983007,0.15245548
761.18739164,0.14562663
761.42496364,0.14087343
761.66254608,0.13493711
761.90013895,0.14342646
762.13774226,0.14676823
762.37535598,0.13869401
762.61298014,0.13539375
762.85061471,0.13495786
763.08825970,0.14232637
763.32591511,0.14257545
763.56358093,0.14865706
763.80125716,0.15316119
764.03894380,0.16490929
764.27664084,0.17217402
764.51434829,0.16609241
764.75206613,0.18425422
764.98979437,0.19411350
765.22753300,0.20031965
765.46528203,0.21854373
765.70304144,0.21551330
765.94081124,0.20704471
766.17859142,0.21059405
766.41638197,0.21470381
766.65418291,0.21316784
766.89199422,0.21435095
767.12981590,0.20644277
767.36764795,0.19961393
767.60549036,0.19575325
767.84334314,0.19838931
768.08120628,0.18950558
768.31907977,0.18983769
768.55696362,0.19014903
768.79485782,0.18853003
769.03276238,0.17999917
769.27067727,0.18278052
769.50860251,0.17231932
769.74653809,0.17927270
769.98448401,0.18948483
770.22244027,0.17983312
770.46040685,0.18483540
770.69838377,0.18053884
770.93637101,0.18983769
771.17436858,0.18481465
771.41237647,0.18450330
771.65039468,0.19241147
771.88842320,0.19048113
772.12646204,0.19658350
772.36451118,0.19627216
772.60257064,0.19822326
772.84064039,0.18859230
773.07872045,0.18595625
773.31681081,0.18892441
773.55491147,0.18579019
773.79302242,0.18753373
774.03114366,0.17400058
774.26927519,0.17638756
774.50741700,0.17304579
774.74556910,0.16775292
774.98373147,0.16760762
775.22190413,0.16534518
775.46008705,0.16710947
775.69828025,0.16652829
775.93648372,0.16135996
776.17469745,0.15841255
776.41292145,0.15969945
776.65115570,0.15558969
776.88940022,0.16310349
777.12765499,0.15210262
777.36592001,0.15866163
777.60419528,0.14718336
777.84248079,0.14276226
778.08077655,0.13987712
778.31908256,0.14680975
778.55739879,0.13470879
778.79572527,0.13387853
779.03406198,0.13111794
779.27240891,0.12746482
779.51076608,0.12304371
779.74913346,0.12167379
779.98751107,0.12460044
780.22589890,0.14680975
780.46429695,0.12441363
780.70270520,0.12814978
780.94112367,0.12651003
781.17955235,0.13113869
781.41799123,0.12821205
781.65644031,0.13136701
781.89489959,0.12200589
782.13336907,0.12420607
782.37184874,0.12576280
782.61033861,0.12686288
782.84883866,0.13298601
783.08734890,0.12962348
783.32586931,0.12976877
783.56439991,0.12677986
783.80294069,0.12132093
784.04149164,0.12563826
784.28005276,0.11999253
784.51862406,0.12572128
784.75720551,0.12098883
784.99579713,0.11895471
785.23439891,0.12374943
785.47301085,0.13138777
785.71163295,0.13232181
785.95026519,0.13848645
786.18890759,0.13873552
786.42756013,0.14243015
786.66622282,0.13410685
786.90489564,0.14180746
787.14357861,0.13690896
787.38227171,0.14047906
787.62097494,0.13225954
787.85968831,0.13165760
788.09841180,0.12636473
788.33714541,0.12677986
788.57588915,0.11812446
788.81464301,0.11472041
789.05340698,0.11700361
789.29218106,0.11658848
789.53096526,0.12208892
789.76975956,0.12109261
790.00856397,0.12159077
790.24737848,0.13080659
790.48620309,0.12536843
790.72503780,0.13385778
790.96388260,0.13724106
791.20273749,0.14043754
791.44160247,0.14093570
791.68047754,0.13385778
791.91936269,0.13012163
792.15825792,0.12592885
792.39716323,0.12783843
792.63607861,0.11941135
792.87500406,0.11993026
793.11393958,0.12779692
793.35288517,0.11839429
793.59184082,0.11428453
793.83080653,0.11295612
794.06978230,0.11451285
794.30876813,0.12028312
794.54776401,0.11436755
794.78676993,0.11519781
795.02578591,0.12183984
795.26481193,0.11739798
795.50384798,0.11310142
795.74289408,0.11193906
795.98195022,0.11339200
796.22101638,0.12022085
796.46009258,0.11766782
796.69917880,0.12036614
796.93827505,0.12298144
797.17738132,0.12383245
797.41649761,0.12667608
797.65562392,0.14027149
797.89476024,0.13499938
798.13390657,0.13551829
798.37306290,0.13578812
798.61222925,0.12983104
798.85140559,0.13163685
799.09059194,0.13084810
799.32978828,0.13813359
799.56899462,0.12657229
799.80821094,0.13352568
800.04743726,0.12877247
800.28667356,0.12682137
800.52591985,0.12505708
800.76517611,0.13005936
801.00444236,0.12939516
801.24371857,0.13435593
801.48300476,0.14035452
801.72230092,0.14170368
801.96160705,0.14570966
802.20092314,0.15430279
802.44024919,0.15505002
802.67958519,0.15712566
802.91893116,0.16144298
803.15828707,0.16200340
803.39765294,0.16918511
803.63702875,0.17655361
803.87641450,0.17024368
804.11581020,0.17711404
804.35521584,0.17694798
804.59463141,0.18435801
804.83405692,0.17730084
805.07349235,0.18325792
805.31293772,0.17653286
805.55239300,0.17242310
805.79185821,0.16495081
806.03133334,0.16424509
806.27081839,0.15841255
806.51031335,0.15216489
806.74981822,0.14751546
806.98933300,0.14060360
807.22885768,0.13759392
807.46839227,0.12798373
807.70793675,0.12198514
807.94749114,0.12298144
808.18705542,0.11856034
808.42662959,0.12090581
808.66621364,0.11982648
808.90580759,0.12289842
809.14541141,0.12360413
809.38502512,0.11687907
809.62464871,0.11420150
809.86428217,0.11523932
810.10392550,0.10670846
810.34357870,0.10210054
810.58324177,0.10598198
810.82291470,0.09784549
811.06259749,0.09415086
811.30229015,0.09591515
811.54199265,0.09346590
811.78170501,0.08422932
812.02142722,0.07659098
812.26115928,0.07092449
812.50090118,0.06882810
812.74065292,0.06519573
812.98041450,0.06314085
813.22018592,0.07028104
813.45996717,0.05815933
813.69975825,0.05647806
813.93955916,0.05770269
814.17936989,0.05487982
814.41919045,0.04952468
814.65902083,0.05730831
814.89886102,0.04583005
815.13871102,0.04591307
815.37857084,0.04468845
815.61844047,0.04910955
815.85831990,0.04676408
816.09820913,0.04454315
816.33810817,0.04093155
816.57801700,0.03891818
816.81793562,0.04294491
817.05786404,0.03927104
817.29780225,0.03136286
817.53775024,0.02982689
817.77770801,0.03181950
818.01767557,0.02862302
818.25765290,0.02866454
818.49764001,0.02654739
818.73763689,0.03078168
818.97764354,0.03161194
819.21765996,0.02932874
819.45768614,0.02735688
819.69772209,0.02737764
819.93776779,0.02615302
820.17782324,0.02364150
820.41788845,0.02436797
820.65796341,0.01994686
820.89804812,0.01641828
821.13814257,0.01870148
821.37824677,0.02102619
821.61836070,0.02069409
821.85848437,0.01951098
822.09861777,0.02675495
822.33876090,0.02854000
822.57891376,0.02999294
822.81907635,0.03451783
823.05924866,0.03860683
823.29943069,0.04827930
823.53962243,0.05859521
823.77982389,0.06974138
824.02003506,0.08061771
824.26025594,0.09338287
824.50048652,0.11696210
824.74072681,0.12462120
824.98097680,0.14334343
825.22123648,0.15172900
825.46150586,0.17948026
825.70178493,0.17414588
825.94207369,0.17231932
826.18237214,0.18062186
826.42268027,0.18674499
826.66299808,0.19479846
826.90332557,0.20528042
827.14366273,0.20434638
827.38400957,0.21306405
827.62436608,0.21337540
827.86473225,0.21958155
828.10510809,0.22086845
828.34549359,0.21972685
828.58588874,0.22194778
828.82629356,0.22369131
829.06670802,0.21802482
829.30713214,0.21943626
829.54756590,0.20936942
829.78800931,0.20899581
830.02846236,0.21455851
830.26892505,0.21343767
830.50939738,0.21148657
830.74987934,0.21870978
830.99037093,0.22205156
831.23087215,0.22327618
831.47138299,0.22377434
831.71190346,0.22537258
831.95243355,0.21648885
832.19297325,0.21603221
832.43352257,0.21817012
832.67408150,0.21835693
832.91465003,0.21763045
833.15522818,0.19757981
833.39581592,0.19789115
833.63641327,0.19475694
833.87702022,0.18257296
834.11763676,0.17144755
834.35826289,0.16605089
834.59889861,0.16117315
834.83954392,0.14830421
835.08019881,0.14251318
835.32086328,0.14074889
835.56153733,0.14016771
835.80222095,0.12829507
836.04291415,0.12408153
836.28361692,0.11799992
836.52432926,0.11457512
836.76505116,0.10766325
837.00578262,0.10374030
837.24652364,0.09201295
837.48727421,0.08437461
837.72803434,0.08383495
837.96880402,0.08269335
838.20958325,0.08306696
838.45037202,0.08190460
838.69117033,0.08348209
838.93197819,0.08275561
839.17279558,0.08435385
839.41362250,0.08906555
839.65445896,0.08908630
839.89530494,0.09342438
840.13616045,0.09112043
840.37702548,0.09666238
840.61790003,0.09734734
840.85878410,0.10257794
841.09967768,0.09848894
841.34058078,0.09965129
841.58149338,0.09205446
841.82241549,0.09359044
842.06334710,0.09325833
842.30428821,0.09332060
842.54523883,0.08779941
842.78619893,0.08827681
843.02716853,0.08304620
843.26814762,0.08987505
843.50913619,0.08113662
843.75013425,0.08273486
843.99114179,0.08439537
844.23215881,0.08456142
844.47318530,0.08047241
844.71422127,0.09112043
844.95526670,0.08379343
845.19632161,0.08607663
845.43738597,0.07675703
845.67845980,0.08217444
845.91954309,0.07787787
846.16063584,0.07148491
846.40173803,0.06754120
846.64284968,0.07652871
846.88397078,0.06870356
847.12510132,0.06918095
847.36624130,0.06895263
847.60739073,0.07123583
847.84854959,0.07181701
848.08971788,0.07171323
848.33089561,0.07073768
848.57208276,0.07488895
848.81327934,0.08211217
849.05448534,0.08478974
849.29570076,0.08570302
849.53692560,0.09909087
849.77815986,0.09948524
850.01940353,0.11038233
850.26065660,0.11233343
850.50191908,0.12441363
850.74319097,0.12204741
850.98447225,0.12673835
851.22576294,0.13636930
851.46706301,0.14394537
851.70837248,0.14475487
851.94969135,0.15830877
852.19101959,0.15926356
852.43235722,0.18188800
852.67370424,0.18321641
852.91506063,0.18971315
853.15642640,0.19525510
853.39780154,0.19768359
853.63918605,0.20179335
853.88057992,0.20528042
854.12198317,0.20335008
854.36339577,0.20386899
854.60481773,0.20048570
854.84624905,0.20019511
855.08768973,0.19461165
855.32913975,0.19326248
855.57059912,0.18510523
855.81206784,0.19701939
856.05354590,0.19411350
856.29503330,0.19658350
856.53653004,0.20019511
856.77803611,0.20150276
857.01955151,0.19432106
857.26107624,0.22288181
857.50261030,0.19654199
857.74415367,0.19535888
857.98570637,0.18211632
858.22726839,0.18967163
858.46883972,0.17975009
858.71042037,0.17599319
858.95201032,0.16991158
859.19360958,0.15185354
859.43521814,0.14977791
859.67683601,0.14369629
859.91846317,0.15390842
860.16009963,0.13288223
860.40174538,0.12796297
860.64340042,0.12169455
860.88506474,0.12107186
861.12673835,0.11883017
861.36842125,0.11247872
861.61011342,0.11386940
861.85181487,0.11127486
862.09352559,0.10691602
862.33524558,0.11758479
862.57697484,0.11397318
862.81871336,0.11563369
863.06046114,0.11963967
863.30221819,0.11951513
863.54398449,0.12478725
863.78576004,0.11623563
864.02754485,0.11409772
864.26933890,0.11266553
864.51114220,0.11876790
864.75295474,0.11961891
864.99477653,0.12387397
865.23660755,0.11295612
865.47844780,0.10863880
865.72029728,0.10529702
865.96215600,0.10664619
866.20402394,0.10494417
866.44590110,0.10280626
866.68778748,0.09315455
866.92968308,0.09444145
867.17158790,0.09016564
867.41350193,0.09136950
867.65542516,0.08896177
867.89735761,0.09381876
868.13929926,0.09031093
868.38125011,0.09450372
868.62321015,0.09267716
868.86517940,0.09718129
869.10715783,0.09622649
869.34914546,0.10116651
869.59114227,0.10405164
869.83314827,0.10376105
870.07516344,0.10951056
870.31718780,0.10766325
870.55922133,0.11708664
870.80126404,0.11932832
871.04331592,0.11891320
871.28537696,0.10948981
871.52744717,0.10459131
871.76952655,0.10023247
872.01161508,0.10394786
872.25371277,0.09726431
872.49581961,0.08738428
872.73793560,0.08885798
872.98006075,0.08439537
873.22219503,0.08269335
873.46433846,0.07773258
873.70649103,0.07605131
873.94865274,0.07322844
874.19082358,0.07208684
874.43300356,0.07488895
874.67519266,0.07140188
874.91739089,0.06314085
875.15959824,0.06536178
875.40181471,0.06035950
875.64404031,0.06175018
875.88627501,0.05840840
876.12851883,0.05259662
876.37077176,0.05093611
876.61303379,0.04460542
876.85530493,0.04765661
877.09758517,0.04340155
877.33987451,0.04109760
877.58217294,0.04207315
877.82448047,0.04371290
878.06679709,0.05141351
878.30912279,0.04726224
878.55145758,0.05359293
878.79380145,0.05863672
879.03615440,0.05751588
879.27851643,0.06577691
879.52088753,0.06801860
879.76326770,0.06725061
880.00565694,0.07499274
880.24805524,0.07401719
880.49046260,0.07742123
880.73287903,0.07619660
880.97530451,0.08238200
881.21773905,0.07874964
881.46018264,0.07476442
881.70263527,0.08277637
881.94509695,0.08200839
882.18756768,0.07879115
882.43004744,0.07904023
882.67253625,0.07775333
882.91503409,0.07752501
883.15754095,0.07613434
883.40005685,0.07090373
883.64258178,0.07634190
883.88511573,0.06633733
884.12765869,0.06469758
884.37021068,0.06453153
884.61277168,0.06482212
884.85534170,0.06046328
885.09792072,0.05838765
885.34050876,0.05454772
885.58310579,0.05884429
885.82571183,0.05685168
886.06832686,0.05778571
886.31095090,0.06293329
886.55358392,0.05925941
886.79622594,0.05589688
887.03887694,0.05282494
887.28153693,0.05419486
887.52420589,0.05546100
887.76688384,0.05492133
888.00957077,0.05045872
888.25226667,0.04556021
888.49497154,0.04529038
888.73768537,0.04396197
888.98040818,0.04113911
889.22313994,0.03985221
889.46588067,0.04512433
889.70863035,0.03968616
889.95138899,0.03889742
890.19415657,0.03916725
890.43693311,0.03350077
890.67971859,0.03333472
890.92251302,0.03065715
891.16531639,0.02787579
891.40812869,0.02633982
891.65094993,0.02422267
891.89378010,0.02735688
892.13661920,0.02299805
892.37946723,0.02752294
892.62232418,0.02374528
892.86519005,0.02878907
893.10806484,0.02704554
893.35094854,0.03391590
893.59384116,0.02530201
893.83674269,0.03150816
894.07965312,0.03123832
894.32257246,0.03474615
894.56550070,0.03393665
894.80843784,0.04728299
895.05138388,0.04340155
895.29433881,0.04684711
895.53730263,0.04267508
895.78027533,0.04966997
896.02325692,0.04626593
896.26624740,0.04803022
896.50924675,0.05500436
896.75225498,0.05525344
896.99527208,0.05384200
897.23829806,0.05950849
897.48133290,0.06062933
897.72437661,0.05824235
897.96742918,0.05909336
898.21049061,0.06006891
898.45356090,0.05749512
898.69664005,0.06334842
898.93972804,0.05270040
899.18282488,0.06129354
899.42593057,0.06301631
899.66904511,0.05737058
899.91216848,0.06033874
900.15530069,0.05392503
900.39844174,0.05990286
900.64159162,0.05184939
900.88475033,0.05641579
901.12791786,0.06305783
901.37109422,0.06141807
901.61427940,0.06365976
901.85747340,0.06295405
902.10067621,0.06666943
902.34388784,0.07212836
902.58710827,0.07138113
902.83033752,0.06629582
903.07357557,0.06733364
903.31682242,0.06270497
903.56007807,0.06565237
903.80334251,0.06683549
904.04661575,0.06164639
904.28989778,0.07001121
904.53318860,0.07412097
904.77648820,0.06749969
905.01979659,0.07326996
905.26311375,0.07214911
905.50643969,0.07729669
905.74977441,0.08281788
905.99311789,0.08240276
906.23647015,0.08809000
906.47983117,0.09031093
906.72320095,0.08647100
906.96657950,0.09363195
907.20996680,0.08779941
907.45336285,0.09462825
907.69676766,0.09222052
907.94018122,0.09402632
908.18360352,0.09290548
908.42703457,0.09541700
908.67047435,0.08744655
908.91392288,0.08958446
909.15738014,0.09141102
909.40084613,0.08829756
909.64432085,0.09020715
909.88780430,0.08765412
910.13129648,0.08566151
910.37479737,0.08609739
910.61830699,0.08408402
910.86182531,0.07951762
911.10535236,0.07721367
911.34888811,0.08250654
911.59243257,0.07115281
911.83598573,0.07401719
912.07954760,0.07150567
912.32311816,0.07358130
912.56669743,0.07717215
912.81028538,0.07312466
913.05388203,0.07202458
913.29748736,0.07642492
913.54110138,0.07106978
913.78472408,0.06781103
914.02835547,0.06752045
914.27199552,0.06984516
914.51564426,0.06455229
914.75930166,0.06216530
915.00296774,0.05799327
915.24664247,0.06505044
915.49032588,0.06029723
915.73401794,0.06318237
915.97771866,0.06303707
916.22142803,0.07482668
916.46514606,0.07877039
916.70887274,0.07534559
916.95260806,0.06830919
917.19635202,0.07800241
917.44010463,0.07459836
917.68386588,0.08429159
917.92763576,0.08188385
918.17141427,0.09363195
918.41520141,0.09657935
918.65899718,0.09363195
918.90280158,0.09755490
919.14661459,0.09894558
919.39043623,0.10913695
919.63426648,0.11305990
919.87810534,0.12181909
920.12195281,0.12767238
920.36580890,0.12540994
920.60967358,0.13676367
920.85354687,0.14008469
921.09742876,0.14375856
921.34131924,0.15125161
921.58521832,0.15623314
921.82912599,0.15073270
922.07304225,0.14739093
922.31696709,0.13670140
922.56090052,0.13547677
922.80484252,0.12879323
923.04879310,0.12906306
923.29275226,0.12076051
923.53671999,0.11337125
923.78069629,0.10386483
924.02468115,0.10270248
924.26867458,0.09002034
924.51267656,0.08231973
924.75668711,0.07268878
925.00070621,0.07096600
925.24473386,0.07007348
925.48877006,0.06837146
925.73281481,0.06957532
925.97686810,0.06635809
926.22092994,0.06453153
926.46500031,0.06405413
926.70907921,0.05631201
926.95316665,0.05622898
927.19726262,0.05232679
927.44136712,0.05417410
927.68548014,0.04993981
927.92960168,0.04969073
928.17373175,0.04340155
928.41787032,0.04140894
928.66201741,0.03895969
928.90617302,0.03611607
929.15033713,0.03368758
929.39450974,0.03101000
929.63869086,0.02924571
929.88288047,0.02810411
930.12707859,0.02976462
930.37128520,0.03773507
930.61550029,0.02876832
930.85972388,0.03240068
931.10395595,0.03084395
931.34819651,0.02831168
931.59244554,0.03204782
931.83670306,0.03231766
932.08096904,0.03868986
932.32524350,0.04410727
932.56952643,0.04556021
932.81381782,0.05016813
933.05811768,0.04759434
933.30242600,0.06006891
933.54674278,0.05834613
933.79106801,0.06345220
934.03540169,0.06000664
934.27974382,0.06540330
934.52409440,0.06872431
934.76845343,0.07285483
935.01282089,0.06876583
935.25719680,0.07102827
935.50158114,0.07285483
935.74597391,0.07053012
935.99037511,0.06739591
936.23478474,0.06451077
936.47920279,0.06446926
936.72362927,0.07005272
936.96806417,0.06199925
937.21250748,0.05766117
937.45695920,0.05973681
937.70141934,0.05365520
937.94588788,0.05276267
938.19036483,0.05220225
938.43485019,0.06008967
938.67934394,0.05373822
938.92384608,0.05050023
939.16835663,0.05000208
939.41287556,0.05004359
939.65740288,0.05348914
939.90193859,0.04255054
940.14648268,0.04711694
940.39103515,0.04383744
940.63559600,0.04832081
940.88016523,0.04387895
941.12474282,0.04742829
941.36932879,0.04890199
941.61392312,0.04979451
941.85852581,0.04761509
942.10313687,0.04526963
942.34775628,0.04566400
942.59238405,0.04510357
942.83702017,0.04520736
943.08166464,0.04865291
943.32631746,0.04840384
943.57097862,0.04450164
943.81564813,0.04385819
944.06032597,0.04823778
944.30501215,0.04553946
944.54970666,0.05039645
944.79440950,0.04703392
945.03912067,0.04499979
945.28384016,0.05128897
945.52856798,0.04350533
945.77330412,0.04742829
946.01804857,0.03970692
946.26280133,0.03794263
946.50756241,0.03970692
946.75233179,0.04400349
946.99710948,0.03715389
947.24189548,0.04167877
947.48668977,0.03978995
947.73149236,0.03993524
947.97630324,0.03952011
948.22112242,0.03947860
948.46594988,0.04082776
948.71078563,0.03902196
948.95562966,0.04877745
949.20048198,0.04267508
949.44534257,0.04394122
949.69021144,0.04215617
949.93508857,0.04661879
950.17997398,0.04398273
950.42486766,0.04315248
950.66976959,0.04684711
950.91467979,0.04431483
951.15959825,0.04371290
951.40452496,0.04387895
951.64945993,0.04136743
951.89440314,0.04591307
952.13935461,0.03991448
952.38431431,0.03694632
952.62928226,0.03310640
952.87425845,0.03665573
953.11924287,0.04041264
953.36423553,0.03323094
953.60923642,0.03169496
953.85424553,0.03599153
954.09926287,0.02970235
954.34428843,0.02988916
954.58932222,0.02893437
954.83436421,0.02889286
955.07941443,0.02868529
955.32447285,0.02403587
955.56953948,0.02600772
955.81461432,0.02687949
956.05969736,0.02225082
956.30478860,0.01699946
956.54988803,0.01876375
956.79499567,0.01755988
957.04011149,0.02152435
957.28523550,0.01365769
957.53036770,0.01419735
957.77550808,0.01693719
958.02065664,0.01421811
958.26581338,0.01050272
958.51097830,0.01562954
958.75615139,0.01457097
959.00133264,0.01770518
959.24652207,0.01021213
959.49171965,0.01799577
959.73692540,0.01556727
959.98213931,0.01156129
960.22736137,0.01351239
960.47259159,0.01801652
960.71782995,0.05047947
960.96307647,0.01772593
961.20833112,0.01980157
961.45359392,0.02486612
961.69886486,0.02440948
961.94414394,0.02764747
962.18943115,0.02773050
962.43472648,0.02889286
962.68002995,0.03476691
962.92534154,0.03588775
963.17066126,0.03273278
963.41598909,0.03744448
963.66132504,0.03993524
963.90666911,0.04010129
964.15202128,0.04020507
964.39738157,0.05328158
964.64274996,0.04553946
964.88812645,0.05448545
965.13351104,0.05006434
965.37890374,0.05259662
965.62430452,0.05135124
965.86971340,0.05045872
966.11513036,0.05292872
966.36055542,0.05371746
966.60598855,0.05301175
966.85142977,0.04921333
967.09687907,0.04666030
967.34233644,0.04979451
967.58780188,0.04956619
967.83327539,0.04867367
968.07875697,0.04917182
968.32424661,0.05643655
968.56974432,0.05087384
968.81525008,0.04759434
969.06076390,0.05263813
969.30628577,0.04896426
969.55181570,0.05047947
969.79735367,0.05274192
970.04289968,0.04703392
970.28845374,0.05045872
970.53401583,0.05346839
970.77958597,0.06069160
971.02516413,0.05255511
971.27075033,0.05077006
971.51634455,0.05081157
971.76194680,0.05822159
972.00755708,0.05087384
972.25317537,0.05479680
972.49880168,0.05566856
972.74443600,0.05193242
972.99007834,0.05500436
973.23572868,0.05573083
973.48138703,0.05423637
973.72705338,0.05463074
973.97272774,0.05764042
974.21841009,0.05791025
974.46410043,0.05874050
974.70979877,0.05788949
974.95550510,0.05278343
975.20121941,0.05732907
975.44694171,0.05828386
975.69267199,0.05728756
975.93841024,0.05801403
976.18415647,0.06453153
976.42991068,0.05844991
976.67567285,0.05548176
976.92144299,0.05390427
977.16722110,0.04859064
977.41300717,0.05973681
977.65880119,0.05637428
977.90460317,0.04883972
978.15041311,0.06040101
978.39623099,0.05465150
978.64205683,0.05409108
978.88789061,0.05274192
979.13373233,0.05334385
979.37958199,0.04726224
979.62543958,0.04288264
979.87130511,0.04421105
980.11717857,0.04703392
980.36305996,0.03997675
980.60894928,0.04028810
980.85484651,0.03707086
981.10075167,0.03922952
981.34666475,0.03898045
981.59258573,0.03887667
981.83851463,0.03640666
982.08445144,0.03804641
982.33039616,0.03484993
982.57634878,0.03171572
982.82230930,0.03437254
983.06827771,0.03617834
983.31425403,0.03578397
983.56023823,0.03692557
983.80623032,0.03738221
984.05223031,0.03300262
984.29823817,0.03628212
984.54425391,0.03462161
984.79027754,0.02843622
985.03630904,0.03464237
985.28234841,0.03341774
985.52839565,0.03972768
985.77445076,0.03684254
986.02051374,0.04049566
986.26658457,0.03804641
986.51266327,0.04765661
986.75874982,0.04589232
987.00484422,0.04352609
987.25094647,0.04776039
987.49705658,0.04502055
987.74317452,0.04448088
987.98930031,0.04392046
988.23543394,0.05002283
988.48157541,0.04163726
988.72772471,0.04365063
988.97388184,0.05172485
989.22004680,0.04136743
989.46621959,0.04618291
989.71240020,0.04564324
989.95858862,0.04433559
990.20478487,0.04205239
990.45098893,0.04798871
990.69720080,0.03968616
990.94342048,0.03995600
991.18964797,0.03771431
991.43588326,0.03848229
991.68212635,0.03308564
991.92837724,0.03632363
992.17463593,0.03406119
992.42090240,0.03246295
992.66717667,0.02926647
992.91345872,0.02858151
993.15974856,0.02229233
993.40604618,0.02804184
993.65235158,0.02411889
993.89866475,0.02505293
994.14498570,0.02438873
994.39131441,0.02580016
994.63765090,0.02785504
994.88399515,0.02299805
995.13034716,0.02474158
995.37670693,0.02758520
995.62307445,0.02505293
995.86944973,0.02235460
996.11583276,0.02129603
996.36222354,0.02800033
996.60862206,0.02389057
996.85502833,0.02644360
997.10144233,0.02121300
997.34786408,0.01963552
997.59429355,0.02260368
997.84073076,0.02088090
998.08717570,0.01388601
998.33362836,0.01809955
998.58008875,0.01519366
998.82655685,0.01687492
999.07303267,0.02343393
999.31951621,0.01724854
999.56600746,0.01098012
999.81250642,0.01469550
1000.05901309,0.01031591
1000.30552746,0.01222550
1000.55204953,0.01081406
1000.79857929,0.01305575
1001.04511676,0.01525593
1001.29166191,0.01760139
1001.53821476,0.01021213
1001.78477529,0.01212172
1002.03134351,0.01461248
1002.27791941,0.01363693
1002.52450299,0.01390676
1002.77109424,0.01459172
1003.01769317,0.00950641
1003.26429976,0.01444643
1003.51091403,0.01212172
1003.75753596,0.01349164
1004.00416555,0.01205945
1004.25080280,0.02034123
1004.49744771,0.01531820
1004.74410027,0.01374071
1004.99076048,0.01253684
1005.23742834,0.01438416
1005.48410384,0.01760139
1005.73078699,0.01413508
1005.97747778,0.01571257
1006.22417620,0.01494458
1006.47088226,0.01378222
1006.71759595,0.01598240
1006.96431727,0.02027897
1007.21104622,0.01521441
1007.45778279,0.01814106
1007.70452698,0.01073104
1007.95127879,0.01836938
1008.19803821,0.01664660
1008.44480524,0.01878451
1008.69157988,0.01984308
1008.93836213,0.02106771
1009.18515199,0.01496534
1009.43194944,0.01733156
1009.67875450,0.01766366
1009.92556715,0.01807879
1010.17238739,0.02117149
1010.41921522,0.02235460
1010.66605064,0.01928266
1010.91289364,0.01965627
1011.15974422,0.01656358
1011.40660239,0.01851467
1011.65346813,0.01865997
1011.90034144,0.02621528
1012.14722232,0.02125451
1012.39411078,0.01712400
1012.64100679,0.01880526
1012.88791037,0.01971854
1013.13482151,0.01870148
1013.38174020,0.01959401
1013.62866645,0.02582091
1013.87560025,0.02592470
1014.12254160,0.02295654
1014.36949049,0.02679646
1014.61644693,0.02976462
1014.86341091,0.02445099
1015.11038242,0.02249990
1015.35736147,0.02700403
1015.60434805,0.02386982
1015.85134216,0.02216779
1016.09834379,0.02017518
1016.34535295,0.02243763
1016.59236963,0.02270746
1016.83939383,0.02117149
1017.08642554,0.01988459
1017.33346476,0.01901283
1017.58051150,0.01654282
1017.82756574,0.01612769
1018.07462748,0.01467475
1018.32169673,0.01633526
1018.56877347,0.01133297
1018.81585771,0.02042426
1019.06294945,0.01681265
1019.31004867,0.01100087
1019.55715538,0.00830254
1019.80426957,0.01641828
1020.05139125,0.01917888
1020.29852041,0.01525593
1020.54565704,0.00971398
1020.79280114,0.01095936
1021.03995272,0.00647598
1021.28711177,0.01569181
1021.53427828,0.01311802
1021.78145225,0.01264062
1022.02863368,0.01008759
1022.27582257,0.00751380
1022.52301891,0.01484080
1022.77022270,0.01199718
1023.01743395,0.01147827
1023.26465263,0.01266138
1023.51187876,0.00379841
1023.75911234,0.00730624
1024.00635335,0.00778364
1024.25360179,0.00662128
1024.50085766,0.00747229
1024.74812097,0.00853086
1024.99539170,0.00628918
1025.24266985,0.00844784
1025.48995543,0.00616464
1025.73724842,0.00543817
1025.98454883,0.00697414
1026.23185665,0.00365312
1026.47917188,0.00282287
1026.72649452,0.00774212
1026.97382456,0.00772137
1027.22116200,0.00392295
1027.46850685,0.00286438
1027.71585908,0.00520985
1027.96321872,0.00500228
1028.21058574,0.00271908
1028.45796014,-0.01270289
1028.70534194,-0.01195566
1028.95273111,-0.01328407
1029.20012767,-0.01284819
1029.44753160,-0.01257836
1029.69494290,-0.01124995
