198.80933475,0.00940415
199.01143578,0.00703798
199.21355429,0.00243017
199.41569028,0.00062441
199.61784374,0.00222261
199.82001468,0.00276226
200.02220309,0.00303209
200.22440896,0.00319814
200.42663230,-0.00010205
200.62887310,0.00195278
200.83113136,0.00562658
201.03340708,0.00049987
201.23570025,0.00367552
201.43801087,0.00436047
201.64033894,0.00427744
201.84268445,0.00411140
202.04504741,0.00377930
202.24742780,0.00205656
202.44982564,0.00425669
202.65224090,-0.00194932
202.85467360,0.00649832
203.05712372,0.00369628
203.25959128,0.00008475
203.46207625,0.00361326
203.66457864,0.00255470
203.86709846,0.00481710
204.06963568,0.00525297
204.27219032,0.00506617
204.47476237,0.00180749
204.67735182,0.00228488
204.87995868,0.01189486
205.08258293,0.00568884
205.28522459,0.00278302
205.48788364,0.00135086
205.69056008,0.00294907
205.89325391,0.00579262
206.09596513,0.00207732
206.29869374,0.00778519
206.50143972,0.00577187
206.70420308,0.00529448
206.90698382,0.00274151
207.10978194,0.00203581
207.31259742,0.00712100
207.51543027,0.00056214
207.71828048,0.00245093
207.92114806,0.00338494
208.12403299,0.00925886
208.32693528,0.00195278
208.52985493,0.00191127
208.73279193,-0.00197008
208.93574627,0.00805502
209.13871796,0.00473407
209.34170699,0.00475483
209.54471336,0.00031307
209.74773707,0.00514919
209.95077811,0.00203581
210.15383649,0.00282453
210.35691219,0.00402837
210.56000522,0.00384157
210.76311557,0.00068667
210.96624324,0.00537751
211.16938823,-0.00155496
211.37255053,0.00226412
211.57573015,0.00172447
211.77892707,0.00436047
211.98214130,0.00164145
212.18537284,0.00396611
212.38862167,0.00081121
212.59188781,0.00081121
212.79517124,0.00072819
212.99847196,-0.00155496
213.20178997,0.00380006
213.40512527,0.00776443
213.60847785,0.00018853
213.81184772,0.00251319
214.01523486,-0.00159647
214.21863928,0.00450576
214.42206097,0.00452651
214.62549993,0.00249244
214.82895616,0.00106028
215.03242966,0.00649832
215.23592042,-0.00080775
215.43942843,0.00402837
215.64295370,0.00350948
215.84649623,0.00284529
216.05005601,0.00836636
216.25363303,0.00079045
216.45722731,0.00257546
216.66083882,0.00004324
216.86446757,0.00253395
217.06811356,0.00124708
217.27177679,0.00714176
217.47545724,0.00363401
217.67915493,0.00243017
217.88286984,0.00267924
218.08660198,0.00500390
218.29035133,0.00873996
218.49411790,0.00973624
218.69790169,0.00438122
218.90170269,0.00369628
219.10552090,0.00624925
219.30935632,0.00693420
219.51320894,0.00371703
219.71707876,0.00037534
219.92096578,0.00516995
220.12486999,0.00074894
220.32879140,0.00467181
220.53272999,0.00087348
220.73668578,0.00492088
220.94065875,0.00521146
221.14464890,-0.00006054
221.34865623,0.00311511
221.55268073,-0.00020583
221.75672241,-0.00045490
221.96078126,0.00033382
222.16485728,-0.00111909
222.36895046,0.00076970
222.57306080,0.00421518
222.77718831,0.00350948
222.98133297,-0.00284183
223.18549478,0.00745310
223.38967375,0.00056214
223.59386986,0.00045836
223.79808312,0.00195278
224.00231352,0.00303209
224.20656106,0.00282453
224.41082574,0.00427744
224.61510756,0.01033817
224.81940650,0.00000173
225.02372258,-0.00134740
225.22805578,0.00164145
225.43240610,-0.00101531
225.63677355,0.00404913
225.84115811,-0.00155496
226.04555979,0.00398686
226.24997858,0.00064516
226.45441448,0.00274151
226.65886748,0.00421518
226.86333759,0.00313587
227.06782480,0.00238866
227.27232911,0.00114330
227.47685052,0.00037534
227.68138902,0.00359250
227.88594461,0.00049987
228.09051728,0.00321889
228.29510704,0.00402837
228.49971389,0.00710025
228.70433781,0.00685118
228.90897881,0.00577187
229.11363688,0.00037534
229.31831202,0.00537751
229.52300423,0.00415291
229.72771350,0.00296982
229.93243984,0.00108104
230.13718324,0.00276226
230.34194369,0.00232639
230.54672120,0.00824182
230.75151576,0.00205656
230.95632737,0.00577187
231.16115602,0.00292831
231.36600172,-0.00022659
231.57086446,0.00089423
231.77574423,0.00371703
231.98064104,-0.00296636
232.18555488,0.00211883
232.39048575,0.00355099
232.59543365,-0.00012281
232.80039857,0.00054138
233.00538051,0.00340570
233.21037947,0.00523222
233.41539544,0.01803860
233.62042843,0.00130935
233.82547842,0.00367552
234.03054543,0.00763990
234.23562943,0.00064516
234.44073044,0.00274151
234.64584845,0.00529448
234.85098345,0.00205656
235.05613545,0.00554355
235.26130444,0.00288680
235.46649041,0.00232639
235.67169337,0.00562658
235.87691331,0.00869845
236.08215023,0.00056214
236.28740413,0.00330192
236.49267500,0.00218110
236.69796284,-0.00170025
236.90326765,0.00330192
237.10858942,0.00396611
237.31392816,0.00541902
237.51928386,0.00763990
237.72465651,0.00145464
237.93004612,0.00205656
238.13545268,-0.00051717
238.34087619,0.00566809
238.54631664,0.00070743
238.75177404,0.00074894
238.95724838,-0.00078699
239.16273965,0.00371703
239.36824786,0.00639455
239.57377300,0.00442274
239.77931508,0.00537751
239.98487407,0.00334343
240.19045000,0.00529448
240.39604284,0.00384157
240.60165260,-0.00136816
240.80727928,0.00338494
241.01292287,0.00197354
241.21858337,0.00535675
241.42426077,0.00191127
241.62995508,0.00296982
241.83566630,0.00039609
242.04139441,0.00487937
242.24713941,0.00280378
242.45290131,0.00182825
242.65868010,0.00402837
242.86447578,0.00085272
243.07028835,0.00697571
243.27611779,0.00805502
243.48196412,0.00359250
243.68782732,0.00153767
243.89370739,0.00079045
244.09960434,0.00108104
244.30551816,0.00492088
244.51144884,0.00166220
244.71739638,0.00317738
244.92336078,0.00272075
245.12934204,0.00145464
245.33534016,0.00234715
245.54135512,-0.00091153
245.74738694,0.00251319
245.95343560,0.00355099
246.15950110,0.00741158
246.36558345,0.00213959
246.57168263,0.00392459
246.77779865,0.00404913
246.98393150,0.00419442
247.19008118,0.00116406
247.39624769,0.00539826
247.60243102,0.00371703
247.80863117,0.00653984
248.01484814,0.00286604
248.22108192,0.00429820
248.42733252,-0.00151345
248.63359993,0.00062441
248.83988415,-0.00103607
249.04618517,0.00479634
249.25250299,-0.00018507
249.45883761,-0.00124362
249.66518903,0.00220185
249.87155724,0.00081121
250.07794224,0.00616623
250.28434403,0.00296982
250.49076260,0.00778519
250.69719796,-0.00309090
250.90365009,-0.00064170
251.11011901,0.00147540
251.31660469,0.00446425
251.52310715,0.00402837
251.72962638,0.00369628
251.93616237,0.00166220
252.14271513,0.00280378
252.34928464,0.00207732
252.55587091,-0.00043414
252.76247394,0.00288680
252.96909372,0.00267924
253.17573025,0.00176598
253.38238352,0.00060365
253.58905354,0.00398686
253.79574030,0.00041685
254.00244380,0.00471332
254.20916403,0.00932113
254.41590099,0.00543977
254.62265469,0.00243017
254.82942511,0.00041685
255.03621225,0.00118482
255.24301612,0.00265848
255.44983670,0.00133011
255.65667400,0.00469256
255.86352802,0.00128860
256.07039874,0.00025080
256.27728617,0.00143389
256.48419031,0.00213959
256.69111115,0.00342645
256.89804868,0.00305285
257.10500292,0.00031307
257.31197384,0.00292831
257.51896146,0.00853240
257.72596577,-0.00217764
257.93298676,0.00261697
258.14002443,0.00299058
258.34707878,0.00209808
258.55414981,0.00296982
258.76123752,-0.00122287
258.96834190,0.00780595
259.17546294,-0.00045490
259.38260065,-0.00012281
259.58975502,0.00178674
259.79692606,0.00228488
260.00411375,0.00072819
260.21131810,-0.00381736
260.41853909,0.00386233
260.62577674,0.00122633
260.83303103,0.00338494
261.04030197,-0.00140967
261.24758955,0.00083197
261.45489377,0.00220185
261.66221462,0.00477559
261.86955210,0.00450576
262.07690622,0.00166220
262.28427696,-0.00024734
262.49166433,-0.00298712
262.69906831,0.00568884
262.90648892,-0.00068321
263.11392614,0.00207732
263.32137998,0.00442274
263.52885042,0.00469256
263.73633747,0.00629077
263.94384113,-0.00026810
264.15136139,0.00400762
264.35889825,0.00759839
264.56645171,0.00641530
264.77402176,0.00305285
264.98160840,0.00402837
265.18921163,-0.00026810
265.39683144,-0.00072473
265.60446784,0.00811728
265.81212081,-0.00064170
266.01979037,0.00330192
266.22747650,0.00008475
266.43517920,0.00319814
266.64289847,-0.00076624
266.85063430,0.00066592
267.05838670,-0.00197008
267.26615566,0.00377930
267.47394117,-0.00242671
267.68174324,-0.00344375
267.88956187,0.00546053
268.09739704,0.00342645
268.30524876,0.00471332
268.51311702,0.00670588
268.72100183,-0.00286258
268.92890317,-0.00047566
269.13682105,-0.00143043
269.34475546,0.00066592
269.55270640,0.00286604
269.76067387,0.00089423
269.96865786,-0.00030961
270.17665838,-0.00103607
270.38467541,0.00168296
270.59270896,0.00180749
270.80075902,0.00126784
271.00882560,0.00234715
271.21690868,0.00076970
271.42500826,0.00421518
271.63312435,0.00209808
271.84125694,0.00116406
272.04940602,0.00795124
272.25757160,0.00251319
272.46575367,0.00487937
272.67395223,0.00189052
272.88216727,0.00052063
273.09039880,0.00701722
273.29864681,0.00203581
273.50691129,0.00319814
273.71519225,0.00259622
273.92348968,0.00058289
274.13180358,0.00159993
274.34013395,0.00043760
274.54848077,0.00363401
274.75684406,0.00205656
274.96522381,0.00382081
275.17362001,-0.00363055
275.38203267,0.00444349
275.59046177,0.00253395
275.79890732,0.00153767
276.00736932,0.00294907
276.21584776,-0.00167950
276.42434263,0.00037534
276.63285394,-0.00331921
276.84138169,-0.00103607
277.04992586,0.00255470
277.25848646,0.00431896
277.46706349,0.00093574
277.67565694,-0.00340224
277.88426680,-0.00093229
278.09289309,-0.00126438
278.30153578,-0.00030961
278.51019489,0.00608321
278.71887041,0.00081121
278.92756233,0.00411140
279.13627065,0.00469256
279.34499537,0.00342645
279.55373649,0.00355099
279.76249401,0.00930037
279.97126791,0.00332267
280.18005820,0.00116406
280.38886488,0.00261697
280.59768795,-0.00120211
280.80652739,0.00211883
281.01538321,0.00070743
281.22425540,0.00309436
281.43314397,0.00263773
281.64204891,-0.00014356
281.85097021,0.00344721
282.05990788,0.00224337
282.26886190,0.00083197
282.47783229,-0.00367206
282.68681903,0.00384157
282.89582212,-0.00149269
283.10484156,0.00238866
283.31387735,0.00008475
283.52292949,0.00162069
283.73199796,0.00062441
283.94108277,0.00508692
284.15018392,-0.00111909
284.35930141,0.00259622
284.56843522,0.00081121
284.77758536,0.00321889
284.98675183,0.00155842
285.19593461,0.00653984
285.40513372,0.00519070
285.61434914,0.00490012
285.82358088,-0.00383811
286.03282893,-0.00006054
286.24209328,0.00388308
286.45137395,-0.00068321
286.66067091,0.00222261
286.86998417,0.00255470
287.07931373,0.00299058
287.28865959,0.00317738
287.49802174,0.00290755
287.70740017,0.00008475
287.91679489,0.00076970
288.12620590,0.00350948
288.33563318,-0.00018507
288.54507675,0.00390384
288.75453658,0.00124708
288.96401269,-0.00006054
289.17350507,0.00128860
289.38301372,0.00585489
289.59253863,0.00230563
289.80207980,0.00695495
290.01163723,0.00222261
290.22121091,0.00213959
290.43080085,0.00365477
290.64040703,0.00135086
290.85002947,0.00425669
291.05966815,0.00350948
291.26932307,0.00608321
291.47899422,0.00118482
291.68868162,0.00371703
291.89838525,0.00240941
292.10810511,0.00678891
292.31784119,0.00106028
292.52759350,-0.00226066
292.73736204,0.00334343
292.94714679,0.00120557
293.15694776,-0.00003978
293.36676494,0.00031307
293.57659834,0.00228488
293.78644794,-0.00130589
293.99631375,-0.00132665
294.20619576,0.00473407
294.41609397,0.00732856
294.62600838,0.00263773
294.83593898,0.00251319
295.04588578,-0.00010205
295.25584876,-0.00248898
295.46582793,-0.00033036
295.67582328,0.00253395
295.88583481,-0.00037188
296.09586253,0.00120557
296.30590641,0.00263773
296.51596647,0.00149615
296.72604270,-0.00008129
296.93613509,0.00587565
297.14624365,-0.00363055
297.35636837,0.00153767
297.56650925,0.00238866
297.77666629,-0.00010205
297.98683947,-0.00234369
298.19702881,0.00313587
298.40723429,0.00226412
298.61745592,0.00315663
298.82769369,0.00417366
299.03794760,0.00975700
299.24821765,-0.00130589
299.45850383,0.00442274
299.66880614,0.00261697
299.87912458,-0.00055868
300.08945914,-0.00246822
300.29980983,0.00487937
300.51017663,0.00357174
300.72055955,0.00674740
300.93095859,0.00299058
301.14137374,0.00176598
301.35180499,-0.00053792
301.56225235,0.00222261
301.77271582,-0.00402491
301.98319538,0.01100235
302.19369105,-0.00261351
302.40420280,0.00079045
302.61473065,0.00386233
302.82527459,0.00377930
303.03583461,-0.00124362
303.24641072,0.00035458
303.45700291,0.00371703
303.66761117,0.00234715
303.87823552,0.00573036
304.08887593,0.00110179
304.29953241,-0.00051717
304.51020496,-0.00207386
304.72089358,0.00562658
304.93159825,0.00558507
305.14231899,-0.00188706
305.35305578,0.00394535
305.56380862,0.00386233
305.77457752,0.00155842
305.98536246,0.00178674
306.19616344,0.00353023
306.40698047,0.00340570
306.61781354,0.00170371
306.82866264,0.00444349
307.03952778,0.00421518
307.25040895,0.00199430
307.46130614,0.00506617
307.67221937,0.00323965
307.88314861,0.00037534
308.09409387,0.00440198
308.30505515,0.00218110
308.51603245,0.00245093
308.72702576,-0.00064170
308.93803507,-0.00089077
309.14906039,0.00166220
309.36010172,0.00267924
309.57115904,0.00541902
309.78223236,0.00272075
309.99332168,0.00164145
310.20442699,0.00363401
310.41554829,0.00180749
310.62668557,-0.00028885
310.83783884,0.00307360
311.04900809,-0.00367206
311.26019332,0.00172447
311.47139452,0.00280378
311.68261169,0.00415291
311.89384484,0.00438122
312.10509395,0.00247168
312.31635903,0.00238866
312.52764007,0.00193203
312.73893706,-0.00128514
312.95025002,0.00097726
313.16157892,-0.00080775
313.37292378,0.00521146
313.58428458,0.00122633
313.79566133,-0.00003978
314.00705402,0.00209808
314.21846266,0.00222261
314.42988722,-0.00118136
314.64132772,0.00301133
314.85278416,0.00018853
315.06425652,0.01168730
315.27574480,-0.00215688
315.48724901,0.00272075
315.69876914,0.00000173
315.91030518,0.00170371
316.12185715,-0.00134740
316.33342502,0.00180749
316.54500880,0.00346796
316.75660848,0.00525297
316.96822407,0.00186976
317.17985556,0.00189052
317.39150295,0.00311511
317.60316624,0.00382081
317.81484541,0.00020929
318.02654048,0.00363401
318.23825143,0.00259622
318.44997826,0.00097726
318.66172098,0.00332267
318.87347957,0.00622850
319.08525404,0.00456803
319.29704439,0.00245093
319.50885060,0.00087348
319.72067268,0.00365477
319.93251063,0.00321889
320.14436443,0.00245093
320.35623410,0.00637379
320.56811962,0.00479634
320.78002100,-0.00192857
320.99193822,-0.00084926
321.20387130,-0.00120211
321.41582021,0.00209808
321.62778498,0.00784746
321.83976558,0.00280378
322.05176201,0.00301133
322.26377428,-0.00043414
322.47580239,0.00685118
322.68784632,0.00438122
322.89990607,0.00178674
323.11198165,0.00027156
323.32407305,0.00386233
323.53618027,0.00425669
323.74830330,0.00066592
323.96044215,0.00296982
324.17259680,0.00606245
324.38476726,0.00353023
324.59695352,0.00006400
324.80915558,0.00122633
325.02137344,0.00114330
325.23360710,0.00189052
325.44585655,0.00537751
325.65812178,0.00348872
325.87040281,-0.00060019
326.08269962,0.00506617
326.29501221,-0.00072473
326.50734058,0.00502466
326.71968472,0.00153767
326.93204464,0.00730780
327.14442032,0.00793048
327.35681178,0.00404913
327.56921900,0.00116406
327.78164198,0.00332267
327.99408072,-0.00043414
328.20653522,0.00153767
328.41900547,0.00093574
328.63149147,0.00338494
328.84399322,0.00224337
329.05651071,0.00346796
329.26904395,0.00226412
329.48159293,0.00307360
329.69415764,0.00012627
329.90673809,0.00454727
330.11933427,0.00365477
330.33194617,0.00460954
330.54457381,0.00245093
330.75721716,-0.00205310
330.96987624,-0.00057944
331.18255104,0.00317738
331.39524154,0.00977776
331.60794777,0.00099801
331.82066970,-0.00134740
332.03340733,0.00186976
332.24616067,0.00627001
332.45892971,0.00209808
332.67171445,0.00355099
332.88451489,0.00338494
333.09733102,0.00348872
333.31016283,0.00089423
333.52301034,0.00031307
333.73587352,0.00043760
333.94875239,-0.00205310
334.16164694,0.00029231
334.37455717,-0.00307014
334.58748306,0.00402837
334.80042463,0.00550204
335.01338187,-0.00188706
335.22635477,0.00191127
335.43934333,0.00162069
335.65234755,0.00687193
335.86536743,0.00620774
336.07840296,0.00145464
336.29145415,-0.00099455
336.50452098,0.00249244
336.71760345,0.00211883
336.93070157,0.00220185
337.14381533,-0.00010205
337.35694473,0.00095650
337.57008976,0.00568884
337.78325042,-0.00028885
337.99642671,0.00018853
338.20961863,0.00234715
338.42282617,0.00120557
338.63604933,-0.00271729
338.84928810,-0.00113984
339.06254250,0.00429820
339.27581250,0.00323965
339.48909812,0.00357174
339.70239934,0.00635303
339.91571616,0.00249244
340.12904859,0.00394535
340.34239661,0.00004324
340.55576023,0.00423593
340.76913945,0.00359250
340.98253425,0.00228488
341.19594464,0.00174522
341.40937061,0.00139237
341.62281217,0.00259622
341.83626930,0.00824182
342.04974201,0.00164145
342.26323030,-0.00201159
342.47673415,0.00384157
342.69025357,0.00959095
342.90378856,-0.00043414
343.11733911,0.00460954
343.33090522,0.00311511
343.54448688,0.00253395
343.75808410,0.00058289
343.97169687,0.00195278
344.18532519,-0.00122287
344.39896906,0.00261697
344.61262847,-0.00149269
344.82630341,0.00465105
345.03999390,0.00404913
345.25369992,0.00365477
345.46742147,0.00886450
345.68115855,0.00454727
345.89491115,0.00257546
346.10867928,-0.00062095
346.32246293,0.00388308
346.53626210,-0.00138892
346.75007679,0.00043760
346.96390698,0.00400762
347.17775269,0.00388308
347.39161390,-0.00060019
347.60549061,0.00411140
347.81938283,0.00130935
348.03329055,0.00238866
348.24721376,0.00174522
348.46115246,0.00577187
348.67510665,0.00035458
348.88907634,0.00159993
349.10306150,-0.00097380
349.31706215,-0.00099455
349.53107828,0.00211883
349.74510988,0.00191127
349.95915696,0.00440198
350.17321950,0.00371703
350.38729752,0.00651908
350.60139100,0.00230563
350.81549994,0.00149615
351.02962435,-0.00068321
351.24376421,0.00305285
351.45791952,0.00103952
351.67209028,-0.00051717
351.88627650,-0.00051717
352.10047816,0.00133011
352.31469526,0.00392459
352.52892780,0.00398686
352.74317578,0.00211883
352.95743919,0.00270000
353.17171804,0.00243017
353.38601232,0.00415291
353.60032202,-0.00074548
353.81464714,0.00587565
354.02898769,-0.00215688
354.24334365,0.00010551
354.45771503,-0.00209462
354.67210182,0.00421518
354.88650403,0.00498314
355.10092164,0.00446425
355.31535465,0.00029231
355.52980306,0.01089857
355.74426687,0.00311511
355.95874608,0.00519070
356.17324069,0.00201505
356.38775068,-0.00153421
356.60227606,0.00309436
356.81681682,-0.00385887
357.03137297,-0.00035112
357.24594449,0.00338494
357.46053139,0.00469256
357.67513367,0.00500390
357.88975132,0.00292831
358.10438433,-0.00008129
358.31903271,0.00243017
358.53369645,0.00263773
358.74837556,-0.00234369
358.96307002,0.00433971
359.17777983,-0.00082851
359.39250499,0.00085272
359.60724551,0.00238866
359.82200137,0.00290755
360.03677257,-0.00024734
360.25155911,0.00037534
360.46636100,0.00031307
360.68117821,-0.00269654
360.89601076,0.00054138
361.11085864,0.00307360
361.32572184,-0.00259276
361.54060037,0.00400762
361.75549422,0.00240941
361.97040338,0.00460954
362.18532786,0.00570960
362.40026766,0.00091499
362.61522276,0.00201505
362.83019318,0.00436047
363.04517889,0.00128860
363.26017991,0.00037534
363.47519623,-0.00030961
363.69022784,0.00519070
363.90527474,-0.00070397
364.12033694,0.00616623
364.33541442,-0.00028885
364.55050719,0.00004324
364.76561524,-0.00215688
364.98073857,0.00074894
365.19587718,0.00014702
365.41103106,0.00278302
365.62620021,-0.00024734
365.84138463,0.00083197
366.05658432,0.00205656
366.27179927,0.00597943
366.48702948,0.00137162
366.70227494,-0.00010205
366.91753566,0.00166220
367.13281163,0.00122633
367.34810285,-0.00047566
367.56340932,0.00101877
367.77873103,0.00145464
367.99406798,0.00317738
368.20942017,-0.00317392
368.42478759,0.00257546
368.64017025,0.00025080
368.85556813,0.00604170
369.07098125,0.00137162
369.28640958,0.00180749
369.50185314,0.00168296
369.71731191,0.00394535
369.93278590,-0.00309090
370.14827511,0.00259622
370.36377952,-0.00292485
370.57929914,0.00110179
370.79483397,0.00469256
371.01038400,0.00006400
371.22594922,-0.00053792
371.44152965,0.00182825
371.65712526,0.00197354
371.87273607,-0.00311165
372.08836206,0.00475483
372.30400324,0.00377930
372.51965960,-0.00118136
372.73533114,0.00512844
372.95101786,0.00072819
373.16671976,0.00535675
373.38243682,0.00406989
373.59816905,0.00151691
373.81391645,-0.00298712
374.02967901,0.00348872
374.24545673,0.00143389
374.46124961,-0.00151345
374.67705764,0.00047912
374.89288082,-0.00012281
375.10871916,0.00037534
375.32457264,0.00211883
375.54044126,0.00172447
375.75632503,0.00637379
375.97222393,0.00180749
376.18813797,-0.00014356
376.40406713,0.00035458
376.62001143,0.00014702
376.83597086,-0.00230217
377.05194541,0.00083197
377.26793508,0.00207732
377.48393987,0.00463029
377.69995978,0.00338494
377.91599480,0.00135086
378.13204493,0.00133011
378.34811016,0.00359250
378.56419050,0.00516995
378.78028595,0.00506617
378.99639649,0.00101877
379.21252213,0.00012627
379.42866286,0.00404913
379.64481868,0.00006400
379.86098960,0.00710025
380.07717559,0.00093574
380.29337667,0.00130935
380.50959283,-0.00070397
380.72582407,0.00226412
380.94207038,0.00396611
381.15833176,0.00174522
381.37460821,0.00159993
381.59089972,0.00012627
381.80720630,0.00377930
382.02352794,0.00072819
382.23986464,0.00135086
382.45621639,0.00220185
382.67258319,0.00211883
382.88896505,0.00054138
383.10536195,0.00319814
383.32177389,0.00216034
383.53820087,0.00224337
383.75464289,0.00263773
383.97109995,0.00243017
384.18757204,-0.00215688
384.40405916,0.00245093
384.62056131,-0.00033036
384.83707848,0.00081121
385.05361067,0.00296982
385.27015788,0.00340570
385.48672011,0.00627001
385.70329735,0.00485861
385.91988960,0.00267924
386.13649686,-0.00020583
386.35311912,0.00417366
386.56975639,0.00155842
386.78640865,0.00172447
387.00307592,0.00103952
387.21975817,-0.00078699
387.43645542,0.00178674
387.65316765,0.00153767
387.86989487,0.00409064
388.08663707,0.00203581
388.30339426,0.00255470
388.52016641,0.00276226
388.73695355,0.00406989
388.95375565,0.00498314
389.17057273,0.00216034
389.38740477,0.00568884
389.60425177,0.00446425
389.82111374,-0.00001903
390.03799066,0.00716251
390.25488253,0.00313587
390.47178936,0.00037534
390.68871114,0.00276226
390.90564787,0.00195278
391.12259954,0.00159993
391.33956614,0.00402837
391.55654769,0.00130935
391.77354418,0.00272075
391.99055559,0.00079045
392.20758194,0.00205656
392.42462321,0.00487937
392.64167941,0.00539826
392.85875053,0.00668513
393.07583657,-0.00155496
393.29293752,0.00454727
393.51005339,0.00651908
393.72718417,0.00342645
393.94432986,0.00593792
394.16149045,0.00344721
394.37866594,0.00261697
394.59585634,0.00483785
394.81306163,0.00458878
395.03028181,0.00612472
395.24751689,0.00967398
395.46476685,0.00342645
395.68203170,0.00340570
395.89931143,0.00707949
396.11660604,0.00568884
396.33391553,0.00467181
396.55123990,0.00259622
396.76857913,0.00415291
396.98593324,0.00440198
397.20330221,0.00070743
397.42068604,0.00377930
397.63808474,-0.00018507
397.85549829,0.00712100
398.07292670,0.00620774
398.29036996,0.00608321
398.50782807,0.00722478
398.72530103,0.00699647
398.94278883,0.00294907
399.16029147,0.00583414
399.37780895,0.00388308
399.59534127,0.00811728
399.81288841,0.00701722
400.03045039,0.00666437
400.24802720,0.01077404
400.46561883,0.00581338
400.68322529,0.00444349
400.90084656,0.00232639
401.11848265,0.00666437
401.33613355,0.00471332
401.55379926,0.00255470
401.77147978,0.00840787
401.98917511,0.00805502
402.20688524,0.00394535
402.42461017,0.00394535
402.64234989,0.00662286
402.86010441,0.00114330
403.07787372,0.00712100
403.29565782,0.00519070
403.51345670,0.00473407
403.73127037,0.00720403
403.94909882,0.00303209
404.16694205,0.00521146
404.38480005,0.00473407
404.60267282,0.00454727
404.82056036,0.00369628
405.03846267,0.00959095
405.25637974,0.01025514
405.47431157,0.00826258
405.69225816,0.00487937
405.91021951,0.00608321
406.12819561,0.00245093
406.34618645,0.00438122
406.56419205,0.00471332
406.78221239,0.00577187
407.00024747,0.00867769
407.21829729,0.00155842
407.43636184,0.00863618
407.65444113,0.00697571
407.87253515,0.00656059
408.09064390,0.00755688
408.30876737,0.00463029
408.52690556,0.00946642
408.74505847,0.00573036
408.96322610,0.00869845
409.18140844,0.00465105
409.39960550,0.00402837
409.61781726,0.00888525
409.83604372,0.00587565
410.05428489,0.00971549
410.27254076,0.00218110
410.49081133,0.01166654
410.70909659,0.00695495
410.92739654,0.00627001
411.14571118,0.01172881
411.36404051,0.00890601
411.58238452,0.01110613
411.80074321,0.00612472
412.01911658,0.01164579
412.23750462,0.01212317
412.45590734,0.00820031
412.67432472,0.00693420
412.89275677,0.00772292
413.11120349,0.00795124
413.32966486,0.00683042
413.54814090,0.00757763
413.76663159,0.00834560
413.98513693,0.00575111
414.20365692,0.00465105
414.42219156,0.00786821
414.64074084,0.00469256
414.85930477,0.00714176
415.07788333,0.00390384
415.29647653,0.01054572
415.51508437,0.00500390
415.73370683,0.00602094
415.95234392,0.00541902
416.17099564,0.00898903
416.38966198,0.00809653
416.60834294,0.00894752
416.82703851,0.01098160
417.04574870,0.00463029
417.26447350,0.00664362
417.48321291,0.00992305
417.70196692,0.00278302
417.92073554,0.00965322
418.13951875,0.01268358
418.35831657,0.00450576
418.57712898,0.00506617
418.79595598,0.01365911
419.01479757,0.01064950
419.23365374,0.00749461
419.45252450,0.00527373
419.67140984,0.01216468
419.89030975,0.01042119
420.10922425,0.01349306
420.32815331,0.00608321
420.54709694,0.00909281
420.76605514,0.00737007
420.98502791,0.00662286
421.20401523,0.00380006
421.42301712,0.00751536
421.64203356,0.00994380
421.86106455,0.00600018
422.08011009,0.00759839
422.29917018,0.01185335
422.51824482,0.00811728
422.73733399,0.00610396
422.95643771,0.00950793
423.17555596,0.00826258
423.39468875,0.00668513
423.61383606,0.00923810
423.83299790,0.00494163
424.05217427,0.00774368
424.27136516,0.00971549
424.49057057,0.00817955
424.70979050,0.00778519
424.92902494,0.00992305
425.14827390,0.00836636
425.36753736,0.00676815
425.58681532,0.01266283
425.80610779,0.00969473
426.02541476,0.01087782
426.24473623,0.00645681
426.46407219,0.01085706
426.68342265,0.00413215
426.90278759,0.00946642
427.12216702,0.00842862
427.34156093,0.00828333
427.56096933,0.01015136
427.78039220,0.01374213
427.99982955,0.00963246
428.21928137,0.00639455
428.43874766,0.00384157
428.65822841,0.00734932
428.87772363,0.00932113
429.09723331,0.00724554
429.31675745,0.00639455
429.53629605,0.00496239
429.75584910,0.00699647
429.97541660,0.01123067
430.19499854,0.00477559
430.41459494,0.00936264
430.63420577,0.01077404
430.85383104,0.00847013
431.07347075,0.01017212
431.29312489,0.01305719
431.51279347,0.00865694
431.73247647,0.00481710
431.95217390,0.00577187
432.17188574,0.01214393
432.39161201,0.00824182
432.61135270,0.00645681
432.83110780,0.00930037
433.05087731,0.01361760
433.27066123,0.00608321
433.49045956,0.00892676
433.71027229,0.00776443
433.93009942,0.00873996
434.14994095,0.00936264
434.36979687,0.00766065
434.58966718,0.01116840
434.80955189,0.00751536
435.02945098,0.00844938
435.24936445,0.01577621
435.46929230,0.00801351
435.68923454,0.00844938
435.90919115,0.01145898
436.12916213,0.00766065
436.34914748,0.01098160
436.56914720,0.00828333
436.78916128,0.00892676
437.00918972,0.00853240
437.22923252,0.00780595
437.44928968,0.01015136
437.66936119,0.01098160
437.88944706,0.01054572
438.10954727,0.01222695
438.32966182,0.00855316
438.54979072,0.00876072
438.76993395,0.01461388
438.99009153,0.01127218
439.21026343,0.01287038
439.43044967,0.01185335
439.65065024,0.01463464
439.87086513,0.01106462
440.09109434,0.01071177
440.31133788,0.00907206
440.53159573,0.01527807
440.75186789,0.00851165
440.97215437,0.01075328
441.19245516,0.01224771
441.41277025,0.01262131
441.63309964,0.01021363
441.85344334,0.01477993
442.07380133,0.01260056
442.29417362,0.01442708
442.51456020,0.01108538
442.73496107,0.01330626
442.95537623,0.01330626
443.17580567,0.01361760
443.39624939,0.01542336
443.61670739,0.01187410
443.83717967,0.01459312
444.05766622,0.01590075
444.27816704,0.01635738
444.49868212,0.00790973
444.71921147,0.01179108
444.93975509,0.01394969
445.16031296,0.01484219
445.38088508,0.01394969
445.60147147,0.01376289
445.82207210,0.01015136
446.04268698,0.01633662
446.26331610,0.01895186
446.48395947,0.00768141
446.70461707,0.01233073
446.92528892,0.01112689
447.14597499,0.01455161
447.36667530,0.00957020
447.58738984,0.01698005
447.80811860,0.01137596
448.02886158,0.00878147
448.24961879,0.01268358
448.47039021,0.01145898
448.69117585,0.02090292
448.91197570,0.01625360
449.13278975,0.00807577
449.35361802,0.01083631
449.57446049,0.01168730
449.79531715,0.00421518
450.01618802,0.01052497
450.23707308,0.00811728
450.45797234,0.01477993
450.67888578,0.01077404
450.89981341,0.01060799
451.12075522,0.01301568
451.34171122,0.01683476
451.56268139,0.01702156
451.78366574,0.01558941
452.00466426,0.01473842
452.22567696,0.01050421
452.44670382,0.01021363
452.66774484,0.00994380
452.88880003,0.01803860
453.10986938,0.01382516
453.33095288,0.01482144
453.55205053,0.01177032
453.77316234,0.00830409
453.99428830,0.01220620
454.21542840,0.01280812
454.43658264,0.01212317
454.65775102,0.01152125
454.87893354,0.01380440
455.10013019,0.01378364
455.32134098,0.01839145
455.54256589,0.01940849
455.76380493,0.01305719
455.98505809,0.01571394
456.20632537,0.01801785
456.42760677,0.01471766
456.64890229,0.01280812
456.87021191,0.01737441
457.09153565,0.01440632
457.31287349,0.01700081
457.53422544,0.02063309
457.75559149,0.01849523
457.97697163,0.01338928
458.19836587,0.01668947
458.41977420,0.01745744
458.64119663,0.02007268
458.86263313,0.01463464
459.08408373,0.02003117
459.30554840,0.01671023
459.52702716,0.02409932
459.74851999,0.01409498
459.97002689,0.02382950
460.19154786,0.01729139
460.41308290,0.02245961
460.63463201,0.01828767
460.85619518,0.01712534
461.07777241,0.01729139
461.29936369,0.01868204
461.52096903,0.02250112
461.74258841,0.02167088
461.96422185,0.02003117
462.18586933,0.01957454
462.40753086,0.02351816
462.62920642,0.02154635
462.85089602,0.01737441
463.07259966,0.01905564
463.29431733,0.01652342
463.51604902,0.01872355
463.73779475,0.01731215
463.95955449,0.01891035
464.18132826,0.02256339
464.40311604,0.01550638
464.62491784,0.01695930
464.84673365,0.01936698
465.06856347,0.02090292
465.29040730,0.01805936
465.51226513,0.01855750
465.73413696,0.01774802
465.95602279,0.01969907
466.17792261,0.01994814
466.39983643,0.02536543
466.62176424,0.02291624
466.84370603,0.02320682
467.06566181,0.01971983
467.28763157,0.02519939
467.50961531,0.02191995
467.73161303,0.02414084
467.95362472,0.01949152
468.17565038,0.02441066
468.39769001,0.02254263
468.61974360,0.01888959
468.84181116,0.02094443
469.06389267,0.02499183
469.28598814,0.02127652
469.50809757,0.02497107
469.73022094,0.02692213
469.95235827,0.02314455
470.17450954,0.02015570
470.39667475,0.01799709
470.61885390,0.02048780
470.84104699,0.02393328
471.06325402,0.02546921
471.28547498,0.01992739
471.50770986,0.02229356
471.72995867,0.01930471
471.95222141,0.01739517
472.17449806,0.01913866
472.39678864,0.01801785
472.61909313,0.01959529
472.84141153,0.01700081
473.06374384,0.02382950
473.28609005,0.02339362
473.50845017,0.01830843
473.73082420,0.01864052
473.95321212,0.02013495
474.17561393,0.02231432
474.39802964,0.01947076
474.62045924,0.01662720
474.84290273,0.01517429
475.06536010,0.02320682
475.28783136,0.02245961
475.51031649,0.01965756
475.73281550,0.01617057
475.95532838,0.01504975
476.17785513,0.01722912
476.40039575,0.01911791
476.62295024,0.01700081
476.84551859,0.02127652
477.06810080,0.01940849
477.29069686,0.02077838
477.51330678,0.01781029
477.73593055,0.02179542
477.95856817,0.02059158
478.18121963,0.02173315
478.40388494,0.02057082
478.62656409,0.02409932
478.84925707,0.01932547
479.07196389,0.02011419
479.29468455,0.02191995
479.51741903,0.02270868
479.74016733,0.01808011
479.96292946,0.02003117
480.18570542,0.02067460
480.40849519,0.01671023
480.63129877,0.02090292
480.85411617,0.01830843
481.07694738,0.01791407
481.29979239,0.02001041
481.52265121,0.01698005
481.74552383,0.01722912
481.96841025,0.01693854
482.19131046,0.01878581
482.41422447,0.01666871
482.63715227,0.01841221
482.86009385,0.01623284
483.08304922,0.01390818
483.30601837,0.01529882
483.52900130,0.01876506
483.75199801,0.01494597
483.97500849,0.01596301
484.19803274,0.01820465
484.42107076,0.01498749
484.64412255,0.02113123
484.86718810,0.01851599
485.09026741,0.01040043
485.31336047,0.01673098
485.53646729,0.01704232
485.75958786,0.01214393
485.98272218,0.01473842
486.20587024,0.00986078
486.42903205,0.01473842
486.65220760,0.01334777
486.87539689,0.01926320
487.09859991,0.01268358
487.32181666,0.01791407
487.54504715,0.01918018
487.76829136,0.01716685
487.99154929,0.02194071
488.21482094,0.01832919
488.43810631,0.01816314
488.66140540,0.02497107
488.88471820,0.02165013
489.10804471,0.02451444
489.33138493,0.02646550
489.55473885,0.02546921
489.77810647,0.02694288
490.00148780,0.02993173
490.22488281,0.02737876
490.44829153,0.03134313
490.67171393,0.02937132
490.89515002,0.03265075
491.11859979,0.03275453
491.34206325,0.03588867
491.56554038,0.03157145
491.78903120,0.03105255
492.01253568,0.03057516
492.23605384,0.03258848
492.45958567,0.03289982
492.68313116,0.03229790
492.90669031,0.03063743
493.13026312,0.02746178
493.35384960,0.02771085
493.57744972,0.02766934
493.80106350,0.02590509
494.02469092,0.02590509
494.24833200,0.02611265
494.47198671,0.02955812
494.69565507,0.02297851
494.91933706,0.03057516
495.14303269,0.02472200
495.36674195,0.02223129
495.59046484,0.02717120
495.81420136,0.02233507
496.03795150,0.02225205
496.26171526,0.02073687
496.48549264,0.02295775
496.70928364,0.02374647
496.93308825,0.02571828
497.15690647,0.02887318
497.38073830,0.02710893
497.60458373,0.03227715
497.82844276,0.04053799
498.05231539,0.03348099
498.27620162,0.03584716
498.50010144,0.03439425
498.72401485,0.03478861
498.94794185,0.04253056
499.17188244,0.03765292
499.39583661,0.03833787
499.61980435,0.03925113
499.84378568,0.04290416
500.06778058,0.04363062
500.29178904,0.04363062
500.51581108,0.04111916
500.73984668,0.04628738
500.96389585,0.04228149
501.18795858,0.04226073
501.41203486,0.04715912
501.63612470,0.04232300
501.86022809,0.04452312
502.08434503,0.04668174
502.30847551,0.04678552
502.53261954,0.04450237
502.75677711,0.04105689
502.98094822,0.04406649
503.20513286,0.04637040
503.42933104,0.04207393
503.65354274,0.04095311
503.87776797,0.03941717
504.10200673,0.03489239
504.32625901,0.04143050
504.55052480,0.03756990
504.77480411,0.03375082
504.99909694,0.03395837
505.22340327,0.03771519
505.44772312,0.03634530
505.67205646,0.02972417
505.89640331,0.03076197
506.12076366,0.02995249
506.34513750,0.02899772
506.56952484,0.02762783
506.79392567,0.02970342
507.01833999,0.03119784
507.24276779,0.03626228
507.46720907,0.03329419
507.69166384,0.03130162
507.91613208,0.03184127
508.14061380,0.03373006
508.36510898,0.03242244
508.58961764,0.03188278
508.81413976,0.03424896
509.03867534,0.03761141
509.26322439,0.03366779
509.48778689,0.03128086
509.71236285,0.03727932
509.93695226,0.03460181
510.16155512,0.03696798
510.38617142,0.03530751
510.61080117,0.03597170
510.83544436,0.03607548
511.06010099,0.03748688
511.28477105,0.04039270
511.50945454,0.04093235
511.73415147,0.03810955
511.95886182,0.03360552
512.18358560,0.03472634
512.40832280,0.03105255
512.63307341,0.03507919
512.85783745,0.03553582
513.08261489,0.03219412
513.30740575,0.03732083
513.53221001,0.03435274
513.75702768,0.03593018
513.98185875,0.03018080
514.20670322,0.03198656
514.43156109,0.03024307
514.65643235,0.02949586
514.88131700,0.02939208
515.10621504,0.03939642
515.33112647,0.03364704
515.55605128,0.03433198
515.78098946,0.03460181
516.00594103,0.03358477
516.23090597,0.03175825
516.45588428,0.03568111
516.68087596,0.02874864
516.90588100,0.03310738
517.13089941,0.02843731
517.35593118,0.02704666
517.58097631,0.02752405
517.80603479,0.02978644
518.03110663,0.02559375
518.25619181,0.02829201
518.48129034,0.02598811
518.70640222,0.03011853
518.93152743,0.02953737
519.15666598,0.03061667
519.38181787,0.02638247
519.60698310,0.03096953
519.83216165,0.02843731
520.05735353,0.02426537
520.28255873,0.02355967
520.50777726,0.02459747
520.73300910,0.02704666
520.95825426,0.02563526
521.18351273,0.02663154
521.40878452,0.02897696
521.63406961,0.02281246
521.85936801,0.02320682
522.08467971,0.02260490
522.31000471,0.02175391
522.53534300,0.02183693
522.76069459,0.02617491
522.98605947,0.02677683
523.21143764,0.02659003
523.43682910,0.02885242
523.66223383,0.02903923
523.88765185,0.02935057
524.11308315,0.03076197
524.33852772,0.03231866
524.56398556,0.02511636
524.78945667,0.03032609
525.01494104,0.03082423
525.24043868,0.03055441
525.46594959,0.03298285
525.69147374,0.03908508
525.91701116,0.03092801
526.14256182,0.02737876
526.36812574,0.02557299
526.59370290,0.02945434
526.81929331,0.02505410
527.04489696,0.02982795
527.27051384,0.02854109
527.49614396,0.02505410
527.72178732,0.02328984
527.94744390,0.02455595
528.17311372,0.02187844
528.39879675,0.02810521
528.62449301,0.02449369
528.85020249,0.02980720
529.07592518,0.02721271
529.30166109,0.02650701
529.52741021,0.03003551
529.75317254,0.03632455
529.97894807,0.02785614
530.20473680,0.03325267
530.43053874,0.03190354
530.65635387,0.04387969
530.88218219,0.03690571
531.10802371,0.04072480
531.33387841,0.04255131
531.55974630,0.04207393
531.78562738,0.04776104
532.01152163,0.04749122
532.23742906,0.04477220
532.46334967,0.04485522
532.68928344,0.04429481
532.91523039,0.04493824
533.14119051,0.05108199
533.36716378,0.04365138
533.59315022,0.04630813
533.81914982,0.04425330
534.04516257,0.05560677
534.27118847,0.04728366
534.49722752,0.04618360
534.72327973,0.05050082
534.94934507,0.04954605
535.17542356,0.05303304
535.40151518,0.05446520
535.62761994,0.04487597
535.85373784,0.04533260
536.07986886,0.05562753
536.30601301,0.05155937
536.53217029,0.05180844
536.75834069,0.04782331
536.98452420,0.05050082
537.21072084,0.05411235
537.43693059,0.05311607
537.66315345,0.04805163
537.88938941,0.04755349
538.11563848,0.05074989
538.34190066,0.05056309
538.56817593,0.04742895
538.79446431,0.04695156
539.02076577,0.05068763
539.24708033,0.05421613
539.47340798,0.05409159
539.69974871,0.05241036
539.92610252,0.05257641
540.15246942,0.04925547
540.37884939,0.05008570
540.60524244,0.05415386
540.83164856,0.05025175
541.05806775,0.05477654
541.28450001,0.05485956
541.51094533,0.06135616
541.73740371,0.06320343
541.96387515,0.05913527
542.19035965,0.05334438
542.41685719,0.06314116
542.64336779,0.06289209
542.86989144,0.06698100
543.09642813,0.05336514
543.32297786,0.05959190
543.54954063,0.05351043
543.77611643,0.06156371
544.00270527,0.05660306
544.22930714,0.06224866
544.45592204,0.05473503
544.68254996,0.05712195
544.90919091,0.05461049
545.13584487,0.05847109
545.36251185,0.05552375
545.58919184,0.05535770
545.81588485,0.05328211
546.04259086,0.05427840
546.26930988,0.05313682
546.49604191,0.05766161
546.72278693,0.05664457
546.94954495,0.06000702
547.17631596,0.05801446
547.40309997,0.06658664
547.62989696,0.06442803
547.85670694,0.06872450
548.08352991,0.08007797
548.31036585,0.06922264
548.53721477,0.07279265
548.76407667,0.07605133
548.99095154,0.07420405
549.21783938,0.07441161
549.44474018,0.07275114
549.67165395,0.07495127
549.89858069,0.07551168
550.12552038,0.07127747
550.35247302,0.07270963
550.57943862,0.07019817
550.80641717,0.07177561
551.03340866,0.07472295
551.26041310,0.07561546
551.48743048,0.07735895
551.71446081,0.08022326
551.94150406,0.08385555
552.16856025,0.08304607
552.39562937,0.08979173
552.62271142,0.08499712
552.84980640,0.08732178
553.07691429,0.08543299
553.30403511,0.08842184
553.53116884,0.09201261
553.75831549,0.09136918
553.98547505,0.09527129
554.21264752,0.09637135
554.43983289,0.09471088
554.66703116,0.09911113
554.89424234,0.09562414
555.12146641,0.09581094
555.34870338,0.09437878
555.57595324,0.10245283
555.80321599,0.10066782
556.03049162,0.09742990
556.25778014,0.09630908
556.48508154,0.10836826
556.71239582,0.11150240
556.93972297,0.10955134
557.16706300,0.10867960
557.39441589,0.11426293
557.62178165,0.11986702
557.84916028,0.11146089
558.07655177,0.11673288
558.30395611,0.11804051
558.53137331,0.11884999
558.75880337,0.12283512
558.98624627,0.12721461
559.21370202,0.12762973
559.44117062,0.12256529
559.66865206,0.12781653
559.89614634,0.13213376
560.12365345,0.12441256
560.35117340,0.12621833
560.57870618,0.12856374
560.80625179,0.12123691
561.03381022,0.12540885
561.26138148,0.12578245
561.48896555,0.12920718
561.71656244,0.13350365
561.94417215,0.13234132
562.17179467,0.13441691
562.39942999,0.13153184
562.62707812,0.13750953
562.85473906,0.13800768
563.08241279,0.14087199
563.31009933,0.13302626
563.53779866,0.14790824
563.76551078,0.13497732
563.99323568,0.13869262
564.22097338,0.14284380
564.44872386,0.14332119
564.67648712,0.14000024
564.90426316,0.13726046
565.13205197,0.13159410
565.35985356,0.13281870
565.58766792,0.14076821
565.81549504,0.13912849
566.04333493,0.14276078
566.27118758,0.12825241
566.49905298,0.13005817
566.72693115,0.12709008
566.95482207,0.13207149
567.18272573,0.13256963
567.41064215,0.12827316
567.63857131,0.12985061
567.86651321,0.12877130
568.09446785,0.12518053
568.32243523,0.12673723
568.55041534,0.12474466
568.77840819,0.13277719
569.00641376,0.12987137
569.23443206,0.13425086
569.46246308,0.13657552
569.69050682,0.13966815
569.91856327,0.13813221
570.14663244,0.13636796
570.37471433,0.13227905
570.60280892,0.13670005
570.83091622,0.13124125
571.05903622,0.13041102
571.28716892,0.13256963
571.51531432,0.13292248
571.74347241,0.13107521
571.97164320,0.12378989
572.19982667,0.12161052
572.42802284,0.11876696
572.65623168,0.11530073
572.88445321,0.11662910
573.11268742,0.10799465
573.34093430,0.09979607
573.56919385,0.10720593
573.79746608,0.10799465
574.02575097,0.11081745
574.25404853,0.11274775
574.48235874,0.11007024
574.71068162,0.11272700
574.93901715,0.10957210
575.16736534,0.11729329
575.39572618,0.11409689
575.62409966,0.11795748
575.85248579,0.11899528
576.08088456,0.11725178
576.30929597,0.12154825
576.53772002,0.11839336
576.76615671,0.11930661
576.99460602,0.11959720
577.22306796,0.12053121
577.45154253,0.12320872
577.68002972,0.12484844
577.90852953,0.12053121
578.13704196,0.12426727
578.36556700,0.12524280
578.59410465,0.11930661
578.82265492,0.11972173
579.05121779,0.11648381
579.27979326,0.11621399
579.50838133,0.10955134
579.73698201,0.10975890
579.96559527,0.10996646
580.19422113,0.10730971
580.42285958,0.10687383
580.65151062,0.10558697
580.88017424,0.10135277
581.10885044,0.10591906
581.33753922,0.11160618
581.56624057,0.10201695
581.79495450,0.10365667
582.02368100,0.09589397
582.25242007,0.09709781
582.48117170,0.10438313
582.70993589,0.10614738
582.93871264,0.10807768
583.16750195,0.10444539
583.39630381,0.10102067
583.62511822,0.09940171
583.85394518,0.09417123
584.08278469,0.09969229
584.31163674,0.09732612
584.54050133,0.09618455
584.76937845,0.09560338
584.99826811,0.09591472
585.22717030,0.09906962
585.45608502,0.09769973
585.68501226,0.10357365
585.91395203,0.10351138
586.14290432,0.11056838
586.37186912,0.11710649
586.60084644,0.12397669
586.82983628,0.12569943
587.05883862,0.13047329
587.28785347,0.13288097
587.51688082,0.13601511
587.74592067,0.13454144
587.97497302,0.13273568
588.20403787,0.13063933
588.43311520,0.13286021
588.66220503,0.13597360
588.89130735,0.13406406
589.12042215,0.14020780
589.34954943,0.14415142
589.57868919,0.13670005
589.80784142,0.14226263
590.03700613,0.14002100
590.26618331,0.13991722
590.49537296,0.13798692
590.72457507,0.13522639
590.95378964,0.12991288
591.18301667,0.13796616
591.41225616,0.13977193
591.64150811,0.13464522
591.87077250,0.14168147
592.10004934,0.14786673
592.32933863,0.14203432
592.55864036,0.13236207
592.78795453,0.13551697
593.01728114,0.14516846
593.24662018,0.14236641
593.47597165,0.14247019
593.70533555,0.14645533
593.93471188,0.14693271
594.16410063,0.14367404
594.39350180,0.14367404
594.62291539,0.14020780
594.85234140,0.13917001
595.08177981,0.13688686
595.31123064,0.12931096
595.54069387,0.13533017
595.77016951,0.13306777
595.99965755,0.13655476
596.22915798,0.13526790
596.45867081,0.13850582
596.68819604,0.14446276
596.91773365,0.14157769
597.14728365,0.14510619
597.37684603,0.14132862
597.60642080,0.13817372
597.83600795,0.14020780
598.06560747,0.14371555
598.29521936,0.14213810
598.52484363,0.15604455
598.75448026,0.15897113
598.98412926,0.16299777
599.21379062,0.16679610
599.44346434,0.16349592
599.67315042,0.16177318
599.90284885,0.16905850
600.13255963,0.17937418
600.36228276,0.17833638
600.59201824,0.18269512
600.82176606,0.19159940
601.05152622,0.19581284
601.28129871,0.19548075
601.51108354,0.21034197
601.74088070,0.21198169
601.97069019,0.21513658
602.20051201,0.21399501
602.43034615,0.21362140
602.66019261,0.22128033
602.89005139,0.22487110
603.11992249,0.22993554
603.34980589,0.23900586
603.57970161,0.24494205
603.80960963,0.25311987
604.03952996,0.26308270
604.26946259,0.28228190
604.49940751,0.27983271
604.72936474,0.28747088
604.95933425,0.28935966
605.18931606,0.29021066
605.41931015,0.28890303
605.64931653,0.29153903
605.87933519,0.29741295
606.10936612,0.30204152
606.33940934,0.30276797
606.56946483,0.32319177
606.79953259,0.31706878
607.02961261,0.33130733
607.25970490,0.34251551
607.48980946,0.35521812
607.71992627,0.34739315
607.95005534,0.36858491
608.18019667,0.37560041
608.41035024,0.39255797
608.64051607,0.39112582
608.87069414,0.40335104
609.10088445,0.39849416
609.33108700,0.39710351
609.56130179,0.40559268
609.79152882,0.40723239
610.02176808,0.41217229
610.25201956,0.41161189
610.48228328,0.41076089
610.71255921,0.40206417
610.94284737,0.39513170
611.17314775,0.38909174
611.40346034,0.36951893
611.63378514,0.35550870
611.86412215,0.34843094
612.09447137,0.33693217
612.32483280,0.33767939
612.55520642,0.31432901
612.78559225,0.29687330
613.01599027,0.28242719
613.24640048,0.27109448
613.47682288,0.25326516
613.70725747,0.25071219
613.93770425,0.22750710
614.16816321,0.22213132
614.39863434,0.21696310
614.62911766,0.21648572
614.85961314,0.21297797
615.09012080,0.21542716
615.32064063,0.21696310
615.55117262,0.21360065
615.78171677,0.21932927
616.01227308,0.22408237
616.24284156,0.22165393
616.47342218,0.21997271
616.70401496,0.22227661
616.93461988,0.22246341
617.16523695,0.22881472
617.39586617,0.22790146
617.62650752,0.22426918
617.85716101,0.21868584
618.08782664,0.22607494
618.31850440,0.22524470
618.54919429,0.22771465
618.77989630,0.22675988
619.01061044,0.22399935
619.24133670,0.22325214
619.47207508,0.22682215
619.70282557,0.21266663
619.93358818,0.21038348
620.16436289,0.19415237
620.39514972,0.19174469
620.62594864,0.18232151
620.85675967,0.17993458
621.08758280,0.17599096
621.31841802,0.17325119
621.54926534,0.17026234
621.78012475,0.16222981
622.01099624,0.16416010
622.24187982,0.16328836
622.47277549,0.16235434
622.70368323,0.15953154
622.93460305,0.14384008
623.16553494,0.14058141
623.39647890,0.13167713
623.62743493,0.13182242
623.85840303,0.12065575
624.08938319,0.11768765
624.32037541,0.11548753
624.55137968,0.11521770
624.78239602,0.10679081
625.01342440,0.10147730
625.24446483,0.10471522
625.47551731,0.10380196
625.70658183,0.10602284
625.93765839,0.10508883
626.16874699,0.11374403
626.39984763,0.10730971
626.63096029,0.11137786
626.86208499,0.11326665
627.09322171,0.11440822
627.32437046,0.11988778
627.55553123,0.11721027
627.78670401,0.11208356
628.01788882,0.11185525
628.24908563,0.11613096
628.48029446,0.10998722
628.71151529,0.11415915
628.94274813,0.12150674
629.17399296,0.13283946
629.40524980,0.13670005
629.63651863,0.14682893
629.86779946,0.14900830
630.09909228,0.15363687
630.33039709,0.15741444
630.56171388,0.17281531
630.79304265,0.16795843
631.02438340,0.17013780
631.25573613,0.17576265
631.48710084,0.18194791
631.71847751,0.18582926
631.94986615,0.20081501
632.18126676,0.20590021
632.41267933,0.20976081
632.64410387,0.20195659
632.87554035,0.20029612
633.10698880,0.20033763
633.33844919,0.20646062
633.56992154,0.22105201
633.80140583,0.23450183
634.03290207,0.23572643
634.26441024,0.23720010
634.49593035,0.24182866
634.72746240,0.23981534
634.95900638,0.23649440
635.19056229,0.24133052
635.42213013,0.24402879
635.65370989,0.24811770
635.88530158,0.24822148
636.11690518,0.26540736
636.34852069,0.26393369
636.58014812,0.27439466
636.81178746,0.28603872
637.04343871,0.28678593
637.27510187,0.29095787
637.50677692,0.30378501
637.73846387,0.31194208
637.97016272,0.31881228
638.20187347,0.31850094
638.43359610,0.31777448
638.66533062,0.32092938
638.89707703,0.31752541
639.12883532,0.32028595
639.36060549,0.31891606
639.59238754,0.31780134
639.82418146,0.32102076
640.05598725,0.30369383
640.28780491,0.29931098
640.51963444,0.29498982
640.75147583,0.28369342
640.98332908,0.29904643
641.21519419,0.29280445
641.44707115,0.28903659
641.67895997,0.28269104
641.91086063,0.28092859
642.14277314,0.27121827
642.37469750,0.26602975
642.60663369,0.25617755
642.83858172,0.25690481
643.07054159,0.25936705
643.30251329,0.26274847
643.53449683,0.27509707
643.76649218,0.27791359
643.99849937,0.28488047
644.23051837,0.28804286
644.46254919,0.28708625
644.69459183,0.28823173
644.92664628,0.28337233
645.15871254,0.28384184
645.39079061,0.28401827
645.62288049,0.28178284
645.85498217,0.27423376
646.08709564,0.26361749
646.31922091,0.25922275
646.55135798,0.26433918
646.78350684,0.26324313
647.01566748,0.25598148
647.24783991,0.25083427
647.48002413,0.26192744
647.71222012,0.26298729
647.94442789,0.25865632
648.17664744,0.26232746
648.40887875,0.25844507
648.64112184,0.25266136
648.87337669,0.25163482
649.10564331,0.24438909
649.33792168,0.25915938
649.57021181,0.25202286
649.80251370,0.25423145
650.03482734,0.25051419
650.26715273,0.25424052
650.49948987,0.24862911
650.73183875,0.24521400
650.96419937,0.23098365
651.19657173,0.22982864
651.42895582,0.23502366
651.66135165,0.24548257
651.89375921,0.23083771
652.12617849,0.23188666
652.35860950,0.24408076
652.59105224,0.24983375
652.82350669,0.25588236
653.05597285,0.25807241
653.28845073,0.25576473
653.52094032,0.25164647
653.75344162,0.26267313
653.98595462,0.26450133
654.21847933,0.26093416
654.45101573,0.26410260
654.68356383,0.27968938
654.91612363,0.29107492
655.14869511,0.27742844
655.38127829,0.28735428
655.61387315,0.28561566
655.84647969,0.28641867
656.07909792,0.28828883
656.31172782,0.28446276
656.54436939,0.27973147
656.77702264,0.27044271
657.00968756,0.27263021
657.24236414,0.27164912
657.47505238,0.27124797
657.70775229,0.26700755
657.94046385,0.27825767
658.17318707,0.26994850
658.40592195,0.27668740
658.63866847,0.27827309
658.87142663,0.29221521
659.10419645,0.30341021
659.33697790,0.30468571
659.56977099,0.31257607
659.80257572,0.32174264
660.03539208,0.32434946
660.26822007,0.31652460
660.50105969,0.31862388
660.73391093,0.32510905
660.96677380,0.32664739
661.19964828,0.33495646
661.43253438,0.33388008
661.66543209,0.34631655
661.89834142,0.35163002
662.13126235,0.34276820
662.36419489,0.35713514
662.59713903,0.37557250
662.83009477,0.36485723
663.06306210,0.35964919
663.29604103,0.36688725
663.52903155,0.37328212
663.76203367,0.35561635
663.99504736,0.34346883
664.22807264,0.34603679
664.46110950,0.34282266
664.69415794,0.33937603
664.92721795,0.33698825
665.16028953,0.33435742
665.39337269,0.33800407
665.62646740,0.33851098
665.85957369,0.33726067
666.09269153,0.32371403
666.32582093,0.32432177
666.55896189,0.30912634
666.79211440,0.30816450
667.02527846,0.30440769
667.25845406,0.29255607
667.49164121,0.28273853
667.72483991,0.27962515
667.95805014,0.27813072
668.19127190,0.27265117
668.42450520,0.28261400
668.65775003,0.27744578
668.89100639,0.28242719
669.12427427,0.28996158
669.35755368,0.28149318
669.59084460,0.28375557
669.82414704,0.29784882
670.05746099,0.29500527
670.29078646,0.31030236
670.52412343,0.30997027
670.75747191,0.30716822
670.99083189,0.31102882
671.22420337,0.32574475
671.45758635,0.31574041
671.69098082,0.32439561
671.92438678,0.33979649
672.15780424,0.32921098
672.39123317,0.33595665
672.62467360,0.35050653
672.85812550,0.35457469
673.09158888,0.38078938
673.32506373,0.38678783
673.55855006,0.39079372
673.79204785,0.39816207
674.02555712,0.41003444
674.25907784,0.42709578
674.49261003,0.42620328
674.72615367,0.43332255
674.95970878,0.44301555
675.19327533,0.43726617
675.42685333,0.45484642
675.66044278,0.45086128
675.89404368,0.47925535
676.12765601,0.48461037
676.36127979,0.48872004
676.59491500,0.49372221
676.82856165,0.48533682
677.06221972,0.48363484
677.29588922,0.47518719
677.52957015,0.46879438
677.76326250,0.46389599
677.99696627,0.43566797
678.23068146,0.44737429
678.46440806,0.42358804
678.69814607,0.41086467
678.93189549,0.40451337
679.16565631,0.40328877
679.39942854,0.38741051
679.63321217,0.40376616
679.86700720,0.39623177
680.10081361,0.39519397
680.33463143,0.39583741
680.56846063,0.39417693
680.80230121,0.38940308
681.03615318,0.40021690
681.27001653,0.39859794
681.50389126,0.40526058
681.73777736,0.39573363
681.97167484,0.37360784
682.20558368,0.37269458
682.43950390,0.37115865
682.67343547,0.35195944
682.90737841,0.34241173
683.14133270,0.33535473
683.37529836,0.32454091
683.60927536,0.30538321
683.84326371,0.30129430
684.07726341,0.29164281
684.31127446,0.29405050
684.54529685,0.29023141
684.77933057,0.29629213
685.01337564,0.28699349
685.24743203,0.28728407
685.48149976,0.29878284
685.71557881,0.29701859
685.94966919,0.30592287
686.18377090,0.30689839
686.41788392,0.31821036
686.65200826,0.33398484
686.88614391,0.34023236
687.12029088,0.33869643
687.35444915,0.33431693
687.58861873,0.33647555
687.82279961,0.33770014
688.05699179,0.33655857
688.29119527,0.33031104
688.52541004,0.33552077
688.75963611,0.33159791
688.99387346,0.33479432
689.22812210,0.33394333
689.46238203,0.35596533
689.69665323,0.33861340
689.93093571,0.36279402
690.16522947,0.37323424
690.39953450,0.37744768
690.63385080,0.38502358
690.86817837,0.37881757
691.10251720,0.39434298
691.33686730,0.39949044
691.57122865,0.40413976
691.80560125,0.40517756
692.03998511,0.42016331
692.27438023,0.42331821
692.50878658,0.42645235
692.74320419,0.42996010
692.97763303,0.44563080
693.21207312,0.45522002
693.44652444,0.46229778
693.68098699,0.47269648
693.91546077,0.48371787
694.14994579,0.49521663
694.38444203,0.48546136
694.61894949,0.48415374
694.85346817,0.48880306
695.08799806,0.48820114
695.32253918,0.47510417
695.55709150,0.48018936
695.79165503,0.48791056
696.02622977,0.48018936
696.26081571,0.49945083
696.49541285,0.49272592
696.73002119,0.50578138
696.96464072,0.50883250
697.19927145,0.50615499
697.43391336,0.51933498
697.66856647,0.52307104
697.90323075,0.54341182
698.13790622,0.55158964
698.37259286,0.56761319
698.60729068,0.59262405
698.84199967,0.59507324
699.07671984,0.62533534
699.31145117,0.65692581
699.54619366,0.67106057
699.78094731,0.68343109
700.01571213,0.67840816
700.25048810,0.68739546
700.48527522,0.68266312
700.72007349,0.67604199
700.95488292,0.67469286
701.18970348,0.69028053
701.42453519,0.70445681
701.65937804,0.71394225
701.89423202,0.72851289
702.12909714,0.72270124
702.36397339,0.74476476
702.59886077,0.75190479
702.83375927,0.76811514
703.06866889,0.75275578
703.30358964,0.73806060
703.53852150,0.74005317
703.77346448,0.73191686
704.00841857,0.71186666
704.24338376,0.72023129
704.47836007,0.70642862
704.71334748,0.70192459
704.94834598,0.72091623
705.18335559,0.71097416
705.41837629,0.71589331
705.65340808,0.70549460
705.88845096,0.71033073
706.12350493,0.73318297
706.35856998,0.71574802
706.59364612,0.71674430
706.82873333,0.72892801
707.06383161,0.74858384
707.29894097,0.75458230
707.53406141,0.75989581
707.76919290,0.78096304
708.00433546,0.79596955
708.23948909,0.81481590
708.47465377,0.82623165
708.70982951,0.81579143
708.94501630,0.83627750
709.18021414,0.83432645
709.41542303,0.85445966
709.65064297,0.86533575
709.88587395,0.86643581
710.12111597,0.85275768
710.35636902,0.83258295
710.59163311,0.80987600
710.82690823,0.79042773
711.06219437,0.77504761
711.29749155,0.75657486
711.53279974,0.73436605
711.76811896,0.72830533
712.00344920,0.69891499
712.23879044,0.71022695
712.47414270,0.71387999
712.70950597,0.73461513
712.94488025,0.72419567
713.18026553,0.75524648
713.41566181,0.75456154
713.65106908,0.76917369
713.88648736,0.76919445
714.12191662,0.76921520
714.35735688,0.75545404
714.59280812,0.74401755
714.82827034,0.74412133
715.06374355,0.73527931
715.29922774,0.74096643
715.53472290,0.74013619
715.77022903,0.74169289
716.00574614,0.75016129
716.24127421,0.75736359
716.47681324,0.76203366
716.71236324,0.75524648
716.94792420,0.75084624
717.18349611,0.72990354
717.41907898,0.73729264
717.65467280,0.72913557
717.89027757,0.73206215
718.12589328,0.71742924
718.36151993,0.71064207
718.59715752,0.70464361
718.83280605,0.68625389
719.06846552,0.66425264
719.30413591,0.66514514
719.53981724,0.64957822
719.77550949,0.66583009
720.01121266,0.65707110
720.24692676,0.66416962
720.48265177,0.67998561
720.71838769,0.68567272
720.95413453,0.68316126
721.18989228,0.68251783
721.42566093,0.68417830
721.66144049,0.69856214
721.89723095,0.67811758
722.13303231,0.67581367
722.36884456,0.66279973
722.60466770,0.66099397
722.84050173,0.64698374
723.07634666,0.63934557
723.31220246,0.61782170
723.54806915,0.61288180
723.78394671,0.60156984
724.01983515,0.60323031
724.25573447,0.59002956
724.49164465,0.59515627
724.72756571,0.59955652
724.96349762,0.58282726
725.19944040,0.58720676
725.43539404,0.56973029
725.67135854,0.54235327
725.90733388,0.51038919
726.14332008,0.48809736
726.37931713,0.46808868
726.61532503,0.46559797
726.85134376,0.45048768
727.08737334,0.44444771
727.32341375,0.43286592
727.55946500,0.42198983
727.79552708,0.43085260
728.03159998,0.43406976
728.26768372,0.43128847
728.50377827,0.44307782
728.73988365,0.44978198
728.97599985,0.43556419
729.21212686,0.44147962
729.44826468,0.43029219
729.68441331,0.42450130
729.92057275,0.40619460
730.15674299,0.39733183
730.39292403,0.39313914
730.62911587,0.37941949
730.86531851,0.37225871
731.10153194,0.37149074
731.33775616,0.37420976
731.57399117,0.35737673
731.81023696,0.33813602
732.04649353,0.33350745
732.28276088,0.31302138
732.51903901,0.30704369
732.75532791,0.29529585
732.99162758,0.28736710
733.22793802,0.28049690
733.46425923,0.27049255
733.70059119,0.26430730
733.93693392,0.25519546
734.17328740,0.25233115
734.40965164,0.25089899
734.64602662,0.24604211
734.88241236,0.24556472
735.11880884,0.25249719
735.35521607,0.24734973
735.59163403,0.24562699
735.82806273,0.25345196
736.06450217,0.25349348
736.30095234,0.25444825
736.53741323,0.25737483
736.77388486,0.26930947
737.01036720,0.27292099
737.24686027,0.27937608
737.48336406,0.28471034
737.71987856,0.29596004
737.95640377,0.29689405
738.19293969,0.31158923
738.42948632,0.31198359
738.66604365,0.32169735
738.90261169,0.31837640
739.13919042,0.33543775
739.37577985,0.34398918
739.61237997,0.33321687
739.84899078,0.33107901
740.08561228,0.32452015
740.32224446,0.32987517
740.55888732,0.30841358
740.79554087,0.29490149
741.03220509,0.28566511
741.26887998,0.27526641
741.50556555,0.25911832
741.74226178,0.25226888
741.97896868,0.24612513
742.21568624,0.23277909
742.45241446,0.22580511
742.68915333,0.21596682
742.92590286,0.20797580
743.16266304,0.20401142
743.39943387,0.19359196
743.63621535,0.19797146
743.87300747,0.19471278
744.10981023,0.18925398
744.34662363,0.19249190
744.58344766,0.19456749
744.82028232,0.19676762
745.05712761,0.19296929
745.29398353,0.19940361
745.53085007,0.19840733
745.76772724,0.19815826
746.00461502,0.19743180
746.24151341,0.18896340
746.47842242,0.18888038
746.71534204,0.18736519
746.95227227,0.18045348
747.18921310,0.18796712
747.42616453,0.18846526
747.66312656,0.19251266
747.90009918,0.18342157
748.13708240,0.18819543
748.37407621,0.19548075
748.61108061,0.19409010
748.84809559,0.19060311
749.08512115,0.19616569
749.32215730,0.18902567
749.55920401,0.18387820
749.79626131,0.18740671
750.03332917,0.18609909
750.27040760,0.17879301
750.50749660,0.19458825
750.74459616,0.19143335
750.98170628,0.18906718
751.21882695,0.19973571
751.45595818,0.20042065
751.69309997,0.21982741
751.93025230,0.21490827
752.16741517,0.21125523
752.40458859,0.20938720
752.64177256,0.20733237
752.87896705,0.20766446
753.11617209,0.19969420
753.35338765,0.19965268
753.59061374,0.19332214
753.82785037,0.20911737
754.06509751,0.21011366
754.30235518,0.21613287
754.53962336,0.22298231
754.77690206,0.22096899
755.01419127,0.22555604
755.25149099,0.23935871
755.48880122,0.24444391
755.72612195,0.24674781
755.96345319,0.24975742
756.20079492,0.24228529
756.43814715,0.24025122
756.67550987,0.22995629
756.91288309,0.21494978
757.15026679,0.21341384
757.38766097,0.21225151
757.62506564,0.21266663
757.86248079,0.20687574
758.09990641,0.20691725
758.33734251,0.20270380
758.57478908,0.19533546
758.81224612,0.19392406
759.04971362,0.18624438
759.28719159,0.17949871
759.52468001,0.16501110
759.76217889,0.16351667
759.99968823,0.15019139
760.23720802,0.14620625
760.47473826,0.13844355
760.71227894,0.13381499
760.94983007,0.13630569
761.18739164,0.13342062
761.42496364,0.12929020
761.66254608,0.13246585
761.90013895,0.13499807
762.13774226,0.14618550
762.37535598,0.14336270
762.61298014,0.14886301
762.85061471,0.15679176
763.08825970,0.16171091
763.32591511,0.16903774
763.56358093,0.17487015
763.80125716,0.17634381
764.03894380,0.18311024
764.27664084,0.19091445
764.51434829,0.18805014
764.75206613,0.19450522
764.98979437,0.20753992
765.22753300,0.20560963
765.46528203,0.21928776
765.70304144,0.23016385
765.94081124,0.23325648
766.17859142,0.23346404
766.41638197,0.23900586
766.65418291,0.24409106
766.89199422,0.23971156
767.12981590,0.22671837
767.36764795,0.23145072
767.60549036,0.23091106
767.84334314,0.23136769
768.08120628,0.22130108
768.31907977,0.22049160
768.55696362,0.22194452
768.79485782,0.21407803
769.03276238,0.21717066
769.27067727,0.21993119
769.50860251,0.21719142
769.74653809,0.22949966
769.98448401,0.22702971
770.22244027,0.22665610
770.46040685,0.23290363
770.69838377,0.22742407
770.93637101,0.22426918
771.17436858,0.22659384
771.41237647,0.22003497
771.65039468,0.22059538
771.88842320,0.20888906
772.12646204,0.20504922
772.36451118,0.19732802
772.60257064,0.19944513
772.84064039,0.18825770
773.07872045,0.18460466
773.31681081,0.18005912
773.55491147,0.17690422
773.79302242,0.17738161
774.03114366,0.16824902
774.26927519,0.16611116
774.50741700,0.15884659
774.74556910,0.16063160
774.98373147,0.15961456
775.22190413,0.16032026
775.46008705,0.16144108
775.69828025,0.16322609
775.93648372,0.16843582
776.17469745,0.16978495
776.41292145,0.16878867
776.65115570,0.16372423
776.88940022,0.16741878
777.12765499,0.15697856
777.36592001,0.16955664
777.60419528,0.16129579
777.84248079,0.16005044
778.08077655,0.16096370
778.31908256,0.16225056
778.55739879,0.15228773
778.79572527,0.15241227
779.03406198,0.14859318
779.27240891,0.14589492
779.51076608,0.13755105
779.74913346,0.13973042
779.98751107,0.13736424
780.22589890,0.15357460
780.46429695,0.13510185
780.70270520,0.14170223
780.94112367,0.14062292
781.17955235,0.14581189
781.41799123,0.13667930
781.65644031,0.13987571
781.89489959,0.13306777
782.13336907,0.12783729
782.37184874,0.12875055
782.61033861,0.12845996
782.84883866,0.13346214
783.08734890,0.12949776
783.32586931,0.13157335
783.56439991,0.13865111
783.80294069,0.13688686
784.04149164,0.14305136
784.28005276,0.14448352
784.51862406,0.15035743
784.75720551,0.14940266
784.99579713,0.14981778
785.23439891,0.15158203
785.47301085,0.14934039
785.71163295,0.15257831
785.95026519,0.15506902
786.18890759,0.15095935
786.42756013,0.15374064
786.66622282,0.15095935
786.90489564,0.15347082
787.14357861,0.14516846
787.38227171,0.15168581
787.62097494,0.14132862
787.85968831,0.14402689
788.09841180,0.14456654
788.33714541,0.14807429
788.57588915,0.14257397
788.81464301,0.14269851
789.05340698,0.14029082
789.29218106,0.13975117
789.53096526,0.14151542
789.76975956,0.14016629
790.00856397,0.13640947
790.24737848,0.14222112
790.48620309,0.13460371
790.72503780,0.14448352
790.96388260,0.14367404
791.20273749,0.14616474
791.44160247,0.13385650
791.68047754,0.13043177
791.91936269,0.12922793
792.15825792,0.12592775
792.39716323,0.12968456
792.63607861,0.12362384
792.87500406,0.11015326
793.11393958,0.12059348
793.35288517,0.10946832
793.59184082,0.10612662
793.83080653,0.10226602
794.06978230,0.10946832
794.30876813,0.11627625
794.54776401,0.11216659
794.78676993,0.10647947
795.02578591,0.11305909
795.26481193,0.11148164
795.50384798,0.10836826
795.74289408,0.11882923
795.98195022,0.12466164
796.22101638,0.12682025
796.46009258,0.12985061
796.69917880,0.13514336
796.93827505,0.13589057
797.17738132,0.13435464
797.41649761,0.13746802
797.65562392,0.14961022
797.89476024,0.15230849
798.13390657,0.15284814
798.37306290,0.16424313
798.61222925,0.15210093
798.85140559,0.15959381
799.09059194,0.15583699
799.32978828,0.16625645
799.56899462,0.15706159
799.80821094,0.16355818
800.04743726,0.16343365
800.28667356,0.16121277
800.52591985,0.15726915
800.76517611,0.16083916
801.00444236,0.16324684
801.24371857,0.16160713
801.48300476,0.16955664
801.72230092,0.17513997
801.96160705,0.18541414
802.20092314,0.19516941
802.44024919,0.20361706
802.67958519,0.21104767
802.91893116,0.21555170
803.15828707,0.21084011
803.39765294,0.21231378
803.63702875,0.22294080
803.87641450,0.21044575
804.11581020,0.21148354
804.35521584,0.20756068
804.59463141,0.21086087
804.83405692,0.20106409
805.07349235,0.19763936
805.31293772,0.18861055
805.55239300,0.18290268
805.79185821,0.18574623
806.03133334,0.18111767
806.27081839,0.17653062
806.51031335,0.17335497
806.74981822,0.17150769
806.98933300,0.16986798
807.22885768,0.15884659
807.46839227,0.14826109
807.70793675,0.13935681
807.94749114,0.13782087
808.18705542,0.13039026
808.42662959,0.12987137
808.66621364,0.12488995
808.90580759,0.12692403
809.14541141,0.12864677
809.38502512,0.11988778
809.62464871,0.12105011
809.86428217,0.11621399
810.10392550,0.10656250
810.34357870,0.10392650
810.58324177,0.10251510
810.82291470,0.09570716
811.06259749,0.09877903
811.30229015,0.10102067
811.54199265,0.09392216
811.78170501,0.08811050
812.02142722,0.08097048
812.26115928,0.08041007
812.50090118,0.07750424
812.74065292,0.07306248
812.98041450,0.07310399
813.22018592,0.07449464
813.45996717,0.06876601
813.69975825,0.06467710
813.93955916,0.06388837
814.17936989,0.06343175
814.41919045,0.06050516
814.65902083,0.06822636
814.89886102,0.05984098
815.13871102,0.06002778
815.37857084,0.05936359
815.61844047,0.06349401
815.85831990,0.06359779
816.09820913,0.06166749
816.33810817,0.05917679
816.57801700,0.05905225
816.81793562,0.05822202
817.05786404,0.05695591
817.29780225,0.04524958
817.53775024,0.04558168
817.77770801,0.04834221
818.01767557,0.03796426
818.25765290,0.03725856
818.49764001,0.03559809
818.73763689,0.03866996
818.97764354,0.03348099
819.21765996,0.03393762
819.45768614,0.02889394
819.69772209,0.02312380
819.93776779,0.02451444
820.17782324,0.02081989
820.41788845,0.02312380
820.65796341,0.01866128
820.89804812,0.01785180
821.13814257,0.01978210
821.37824677,0.02119350
821.61836070,0.01857826
821.85848437,0.01791407
822.09861777,0.02355967
822.33876090,0.02542770
822.57891376,0.02503334
822.81907635,0.02905998
823.05924866,0.03462256
823.29943069,0.04406649
823.53962243,0.05510863
823.77982389,0.06623379
824.02003506,0.06864147
824.26025594,0.08499712
824.50048652,0.09564489
824.74072681,0.10533790
824.98097680,0.12030290
825.22123648,0.12432954
825.46150586,0.14821958
825.70178493,0.14817806
825.94207369,0.15583699
826.18237214,0.16891320
826.42268027,0.17939493
826.66299808,0.18626513
826.90332557,0.19689215
827.14366273,0.19952815
827.38400957,0.20428125
827.62436608,0.20399067
827.86473225,0.21245907
828.10510809,0.21592531
828.34549359,0.21723293
828.58588874,0.21924625
828.82629356,0.22316911
829.06670802,0.21941230
829.30713214,0.23107711
829.54756590,0.22024253
829.78800931,0.22769390
830.02846236,0.23632835
830.26892505,0.23784353
830.50939738,0.23526980
830.74987934,0.23832092
830.99037093,0.24230605
831.23087215,0.24934230
831.47138299,0.24882340
831.71190346,0.24824224
831.95243355,0.25017253
832.19297325,0.25309911
832.43352257,0.25152167
832.67408150,0.25129335
832.91465003,0.24730822
833.15522818,0.23940022
833.39581592,0.23998139
833.63641327,0.23265456
833.87702022,0.22524470
834.11763676,0.21382896
834.35826289,0.20295287
834.59889861,0.19786768
834.83954392,0.17505695
835.08019881,0.17308514
835.32086328,0.16162788
835.56153733,0.15863904
835.80222095,0.14014553
836.04291415,0.13894169
836.28361692,0.13028648
836.52432926,0.13022422
836.76505116,0.11581962
837.00578262,0.11978400
837.24652364,0.10919849
837.48727421,0.10739273
837.72803434,0.09805258
837.96880402,0.09446181
838.20958325,0.09350704
838.45037202,0.09354855
838.69117033,0.08545375
838.93197819,0.08476881
839.17279558,0.08184222
839.41362250,0.09076726
839.65445896,0.08466503
839.89530494,0.08833882
840.13616045,0.09464861
840.37702548,0.09564489
840.61790003,0.09556187
840.85878410,0.10336609
841.09967768,0.10153957
841.34058078,0.10477749
841.58149338,0.10392650
841.82241549,0.10388498
842.06334710,0.10670779
842.30428821,0.10124899
842.54523883,0.10212073
842.78619893,0.09724310
843.02716853,0.09396367
843.26814762,0.09792804
843.50913619,0.09136918
843.75013425,0.09097482
843.99114179,0.09408820
844.23215881,0.09479390
844.47318530,0.08611794
844.71422127,0.09535431
844.95526670,0.08545375
845.19632161,0.08314985
845.43738597,0.07779482
845.67845980,0.08204978
845.91954309,0.07841750
846.16063584,0.07549092
846.40173803,0.07360213
846.64284968,0.08132333
846.88397078,0.07337382
847.12510132,0.07891564
847.36624130,0.07488900
847.60739073,0.07374742
847.84854959,0.07493051
848.08971788,0.07843826
848.33089561,0.07752500
848.57208276,0.07883262
848.81327934,0.08308758
849.05448534,0.08371025
849.29570076,0.09255227
849.53692560,0.10384347
849.77815986,0.11029856
850.01940353,0.12356157
850.26065660,0.12354082
850.50191908,0.13842279
850.74319097,0.13748878
850.98447225,0.14770068
851.22576294,0.15755973
851.46706301,0.16198074
851.70837248,0.15959381
851.94969135,0.16947361
852.19101959,0.18151203
852.43235722,0.19828280
852.67370424,0.20471712
852.91506063,0.20949098
853.15642640,0.21883113
853.39780154,0.22783919
853.63918605,0.22636552
853.88057992,0.22783919
854.12198317,0.23479242
854.36339577,0.23456410
854.60481773,0.23485468
854.84624905,0.24438164
855.08768973,0.23879830
855.32913975,0.23786429
855.57059912,0.24008517
855.81206784,0.25309911
856.05354590,0.25392935
856.29503330,0.25127260
856.53653004,0.25505017
856.77803611,0.26295816
857.01955151,0.25824658
857.26107624,0.29446561
857.50261030,0.25193678
857.74415367,0.25054614
857.98570637,0.23057897
858.22726839,0.22871094
858.46883972,0.21206471
858.71042037,0.20170752
858.95201032,0.19151637
859.19360958,0.18734444
859.43521814,0.17057368
859.67683601,0.17026234
859.91846317,0.18379518
860.16009963,0.16384877
860.40174538,0.16797919
860.64340042,0.15592001
860.88506474,0.15747671
861.12673835,0.15116691
861.36842125,0.14568736
861.61011342,0.14807429
861.85181487,0.14392311
862.09352559,0.14182676
862.33524558,0.14981778
862.57697484,0.14496090
862.81871336,0.14307211
863.06046114,0.14805353
863.30221819,0.13939832
863.54398449,0.14236641
863.78576004,0.13555848
864.02754485,0.13063933
864.26933890,0.12833543
864.51114220,0.13057707
864.75295474,0.12621833
864.99477653,0.13439615
865.23660755,0.12140296
865.47844780,0.11959720
865.72029728,0.10780785
865.96215600,0.10685308
866.20402394,0.10438313
866.44590110,0.10158108
866.68778748,0.09722234
866.92968308,0.10102067
867.17158790,0.10180940
867.41350193,0.09784502
867.65542516,0.10537941
867.89735761,0.10230754
868.13929926,0.10156032
868.38125011,0.09894508
868.62321015,0.10280568
868.86517940,0.10400952
869.10715783,0.09915264
869.34914546,0.10349062
869.59114227,0.10465295
869.83314827,0.10014892
870.07516344,0.10245283
870.31718780,0.09873752
870.55922133,0.10662476
870.80126404,0.10699837
871.04331592,0.10550394
871.28537696,0.10544168
871.52744717,0.10427935
871.76952655,0.10021119
872.01161508,0.09786578
872.25371277,0.09431652
872.49581961,0.09222017
872.73793560,0.09583170
872.98006075,0.09278058
873.22219503,0.08424991
873.46433846,0.08505939
873.70649103,0.08356496
873.94865274,0.07835523
874.19082358,0.08049309
874.43300356,0.07457766
874.67519266,0.07627964
874.91739089,0.06465634
875.15959824,0.06334872
875.40181471,0.06033912
875.64404031,0.05863713
875.88627501,0.05158013
876.12851883,0.04807238
876.37077176,0.04774029
876.61303379,0.04510429
876.85530493,0.04653645
877.09758517,0.04008136
877.33987451,0.04101538
877.58217294,0.04406649
877.82448047,0.04377591
878.06679709,0.05485956
878.30912279,0.05139333
878.55145758,0.04969134
878.79380145,0.05346892
879.03615440,0.05568980
879.27851643,0.06444878
879.52088753,0.06457332
879.76326770,0.06143918
880.00565694,0.07121521
880.24805524,0.06996985
880.49046260,0.07345684
880.73287903,0.06982456
880.97530451,0.06909810
881.21773905,0.06764519
881.46018264,0.06586018
881.70263527,0.07306248
881.94509695,0.06569414
882.18756768,0.06461483
882.43004744,0.06868299
882.67253625,0.07098689
882.91503409,0.07038497
883.15754095,0.06729234
883.40005685,0.06664891
883.64258178,0.07007363
883.88511573,0.06789426
884.12765869,0.06889055
884.37021068,0.06922264
884.61277168,0.07360213
884.85534170,0.07030195
885.09792072,0.06654513
885.34050876,0.06671118
885.58310579,0.07032270
885.82571183,0.06992834
886.06832686,0.06428274
886.31095090,0.06835089
886.55358392,0.06924340
886.79622594,0.06756217
887.03887694,0.06181279
887.28153693,0.06075423
887.52420589,0.06015231
887.76688384,0.05822202
888.00957077,0.05479729
888.25226667,0.04942152
888.49497154,0.05413310
888.73768537,0.05218205
888.98040818,0.04543638
889.22313994,0.04410801
889.46588067,0.04938000
889.70863035,0.04226073
889.95138899,0.04377591
890.19415657,0.04340231
890.43693311,0.04122294
890.67971859,0.04091160
890.92251302,0.03360552
891.16531639,0.03352250
891.40812869,0.02845806
891.65094993,0.02978644
891.89378010,0.03167523
892.13661920,0.02540695
892.37946723,0.02847882
892.62232418,0.02457671
892.86519005,0.02955812
893.10806484,0.02748253
893.35094854,0.03572263
893.59384116,0.02939208
893.83674269,0.03348099
894.07965312,0.03709251
894.32257246,0.03914735
894.56550070,0.04078706
894.80843784,0.04848750
895.05138388,0.04805163
895.29433881,0.05373874
895.53730263,0.04867430
895.78027533,0.05815975
896.02325692,0.05297077
896.26624740,0.05481805
896.50924675,0.05768236
896.75225498,0.06235244
896.99527208,0.06083726
897.23829806,0.05847109
897.48133290,0.05973720
897.72437661,0.05583509
897.96742918,0.05259717
898.21049061,0.05284624
898.45356090,0.05400857
898.69664005,0.05647852
898.93972804,0.05002344
899.18282488,0.05649928
899.42593057,0.05112350
899.66904511,0.04838372
899.91216848,0.05454822
900.15530069,0.05218205
900.39844174,0.05840882
900.64159162,0.05417462
900.88475033,0.05847109
901.12791786,0.06725083
901.37109422,0.06519600
901.61427940,0.06525826
901.85747340,0.06710554
902.10067621,0.06859996
902.34388784,0.07235678
902.58710827,0.07138125
902.83033752,0.06789426
903.07357557,0.07177561
903.31682242,0.06970003
903.56007807,0.07210771
903.80334251,0.07424557
904.04661575,0.07503429
904.28989778,0.08234037
904.53318860,0.08885772
904.77648820,0.08925208
905.01979659,0.09244849
905.26311375,0.09199186
905.50643969,0.09259378
905.74977441,0.09936020
905.99311789,0.10058480
906.23647015,0.10448691
906.47983117,0.10309626
906.72320095,0.09439954
906.96657950,0.10832675
907.20996680,0.09927718
907.45336285,0.10371894
907.69676766,0.10380196
907.94018122,0.10409254
908.18360352,0.10187166
908.42703457,0.10616813
908.67047435,0.09811485
908.91392288,0.09726385
909.15738014,0.09603926
909.40084613,0.09371460
909.64432085,0.09080877
909.88780430,0.08682364
910.13129648,0.08126106
910.37479737,0.07820994
910.61830699,0.07841750
910.86182531,0.07987041
911.10535236,0.07351911
911.34888811,0.07945530
911.59243257,0.06610926
911.83598573,0.06847543
912.07954760,0.06627530
912.32311816,0.07055102
912.56669743,0.07331155
912.81028538,0.06725083
913.05388203,0.06866223
913.29748736,0.07316626
913.54110138,0.06853770
913.78472408,0.07142276
914.02835547,0.07003212
914.27199552,0.07752500
914.51564426,0.07270963
914.75930166,0.06818485
915.00296774,0.06685647
915.24664247,0.07077933
915.49032588,0.06864147
915.73401794,0.07349835
915.97771866,0.07673627
916.22142803,0.08103274
916.46514606,0.08204978
916.70887274,0.08159315
916.95260806,0.07935152
917.19635202,0.08456125
917.44010463,0.08028553
917.68386588,0.08647079
917.92763576,0.08126106
918.17141427,0.08966720
918.41520141,0.09489768
918.65899718,0.09350704
918.90280158,0.10384347
919.14661459,0.11027780
919.39043623,0.11650457
919.63426648,0.12470315
919.87810534,0.13522639
920.12195281,0.14550055
920.36580890,0.14045687
920.60967358,0.15079331
920.85354687,0.16063160
921.09742876,0.16552999
921.34131924,0.16887169
921.58521832,0.17638533
921.82912599,0.17051141
922.07304225,0.17910435
922.31696709,0.16893396
922.56090052,0.17080199
922.80484252,0.15855601
923.04879310,0.15506902
923.29275226,0.14751388
923.53671999,0.14213810
923.78069629,0.12883357
924.02468115,0.13672081
924.26867458,0.12466164
924.51267656,0.11970098
924.75668711,0.11040234
925.00070621,0.10542092
925.24473386,0.09720159
925.48877006,0.09172203
925.73281481,0.08395933
925.97686810,0.07586453
926.22092994,0.07096614
926.46500031,0.06610926
926.70907921,0.05326136
926.95316665,0.05778614
927.19726262,0.05467276
927.44136712,0.05083292
927.68548014,0.04975361
927.92960168,0.04815541
928.17373175,0.04203242
928.41787032,0.04130596
928.66201741,0.03711327
928.90617302,0.03416593
929.15033713,0.02959964
929.39450974,0.03074121
929.63869086,0.03161296
929.88288047,0.03252622
930.12707859,0.02966190
930.37128520,0.03576414
930.61550029,0.02874864
930.85972388,0.03167523
931.10395595,0.02976568
931.34819651,0.02993173
931.59244554,0.03505844
931.83670306,0.03551507
932.08096904,0.03632455
932.32524350,0.04439859
932.56952643,0.04661947
932.81381782,0.04836297
933.05811768,0.04392120
933.30242600,0.05442369
933.54674278,0.05386328
933.79106801,0.06430349
934.03540169,0.06426198
934.27974382,0.06785275
934.52409440,0.07275114
934.76845343,0.07401725
935.01282089,0.07123596
935.25719680,0.07592679
935.50158114,0.07380969
935.74597391,0.06895281
935.99037511,0.06963776
936.23478474,0.07291719
936.47920279,0.07109067
936.72362927,0.08505939
936.96806417,0.07368516
937.21250748,0.07692308
937.45695920,0.07870808
937.70141934,0.07154730
937.94588788,0.07219073
938.19036483,0.06999061
938.43485019,0.07486824
938.67934394,0.07094538
938.92384608,0.06554885
939.16835663,0.06720932
939.41287556,0.06384686
939.65740288,0.06613001
939.90193859,0.05695591
940.14648268,0.05967493
940.39103515,0.05884469
940.63559600,0.06121086
940.88016523,0.05780690
941.12474282,0.06089953
941.36932879,0.05830504
941.61392312,0.05791068
941.85852581,0.05967493
942.10313687,0.06125238
942.34775628,0.05942586
942.59238405,0.05892772
942.83702017,0.06123162
943.08166464,0.06532053
943.32631746,0.07042648
943.57097862,0.06604699
943.81564813,0.06519600
944.06032597,0.06561111
944.30501215,0.06262227
944.54970666,0.06162598
944.79440950,0.05421613
945.03912067,0.05191222
945.28384016,0.05718422
945.52856798,0.05058385
945.77330412,0.05068763
946.01804857,0.04348533
946.26280133,0.04265509
946.50756241,0.04373440
946.75233179,0.04639116
946.99710948,0.04356835
947.24189548,0.04659871
947.48668977,0.04556092
947.73149236,0.04587226
947.97630324,0.04292492
948.22112242,0.04186637
948.46594988,0.04852901
948.71078563,0.04595528
948.95562966,0.05674835
949.20048198,0.04558168
949.44534257,0.04383818
949.69021144,0.04304946
949.93508857,0.04547790
950.17997398,0.04774029
950.42486766,0.04562319
950.66976959,0.05216129
950.91467979,0.04632889
951.15959825,0.04935925
951.40452496,0.04782331
951.64945993,0.04827994
951.89440314,0.05436142
952.13935461,0.04844599
952.38431431,0.04655720
952.62928226,0.04601755
952.87425845,0.04508353
953.11924287,0.05089518
953.36423553,0.04481371
953.60923642,0.03937566
953.85424553,0.04240602
954.09926287,0.03995683
954.34428843,0.03806804
954.58932222,0.03460181
954.83436421,0.03746612
955.07941443,0.03414518
955.32447285,0.02849957
955.56953948,0.03086575
955.81461432,0.02924679
956.05969736,0.02465973
956.30478860,0.01704232
956.54988803,0.02144257
956.79499567,0.01866128
957.04011149,0.02042553
957.28523550,0.01662720
957.53036770,0.01903489
957.77550808,0.01739517
958.02065664,0.01756122
958.26581338,0.01650267
958.51097830,0.01932547
958.75615139,0.01770651
959.00133264,0.02221054
959.24652207,0.01390818
959.49171965,0.01936698
959.73692540,0.01913866
959.98213931,0.01949152
960.22736137,0.01994814
960.47259159,0.02333136
960.71782995,0.05724649
960.96307647,0.02534468
961.20833112,0.02901847
961.45359392,0.03507919
961.69886486,0.03225639
961.94414394,0.03730007
962.18943115,0.03352250
962.43472648,0.03433198
962.68002995,0.03781897
962.92534154,0.03663588
963.17066126,0.03611699
963.41598909,0.03767368
963.66132504,0.03750763
963.90666911,0.03925113
964.15202128,0.03866996
964.39738157,0.04686854
964.64274996,0.04265509
964.88812645,0.05041780
965.13351104,0.04433632
965.37890374,0.05147635
965.62430452,0.05116501
965.86971340,0.05481805
966.11513036,0.05818050
966.36055542,0.05963342
966.60598855,0.06166749
966.85142977,0.06505070
967.09687907,0.06351477
967.34233644,0.06673193
967.58780188,0.07260585
967.83327539,0.06988683
968.07875697,0.07696459
968.32424661,0.08400084
968.56974432,0.07468144
968.81525008,0.07455690
969.06076390,0.07119445
969.30628577,0.07791936
969.55181570,0.07719290
969.79735367,0.08094972
970.04289968,0.07480598
970.28845374,0.07845901
970.53401583,0.08109501
970.77958597,0.08481032
971.02516413,0.07750424
971.27075033,0.07187939
971.51634455,0.07302097
971.76194680,0.08011948
972.00755708,0.07246056
972.25317537,0.07169259
972.49880168,0.06957549
972.74443600,0.06795653
972.99007834,0.06556960
973.23572868,0.06484315
973.48138703,0.06424123
973.72705338,0.06411669
973.97272774,0.06071272
974.21841009,0.06366006
974.46410043,0.06505070
974.70979877,0.06382611
974.95550510,0.05925981
975.20121941,0.06303738
975.44694171,0.06299587
975.69267199,0.06542431
975.93841024,0.07158881
976.18415647,0.07387196
976.42991068,0.07403801
976.67567285,0.06957549
976.92144299,0.06424123
977.16722110,0.06440727
977.41300717,0.07115294
977.65880119,0.07086236
977.90460317,0.06141842
978.15041311,0.06862072
978.39623099,0.06316192
978.64205683,0.06554885
978.88789061,0.06463559
979.13373233,0.06150145
979.37958199,0.05743329
979.62543958,0.05303304
979.87130511,0.05961266
980.11717857,0.05625021
980.36305996,0.05191222
980.60894928,0.04842523
980.85484651,0.04709686
981.10075167,0.04624586
981.34666475,0.04294568
981.59258573,0.04209468
981.83851463,0.04070404
982.08445144,0.04182486
982.33039616,0.03823409
982.57634878,0.03866996
982.82230930,0.04113991
983.06827771,0.04400423
983.31425403,0.04520807
983.56023823,0.04462690
983.80623032,0.04720064
984.05223031,0.04257207
984.29823817,0.04282114
984.54425391,0.04823843
984.79027754,0.03783973
985.03630904,0.04504202
985.28234841,0.04342306
985.52839565,0.04869506
985.77445076,0.04439859
986.02051374,0.04977437
986.26658457,0.04226073
986.51266327,0.05419537
986.75874982,0.04830070
987.00484422,0.05180844
987.25094647,0.05286699
987.49705658,0.04857052
987.74317452,0.04911018
987.98930031,0.04819692
988.23543394,0.05153862
988.48157541,0.04954605
988.72772471,0.05135181
988.97388184,0.05724649
989.22004680,0.05141408
989.46621959,0.05701817
989.71240020,0.05338589
989.95858862,0.05512939
990.20478487,0.04938000
990.45098893,0.05928057
990.69720080,0.04769878
990.94342048,0.05021024
991.18964797,0.04634964
991.43588326,0.04987815
991.68212635,0.04614208
991.92837724,0.04666098
992.17463593,0.04933849
992.42090240,0.04769878
992.66717667,0.04518731
992.91345872,0.04454388
993.15974856,0.03738310
993.40604618,0.04288341
993.65235158,0.03808880
993.89866475,0.04107765
994.14498570,0.03858694
994.39131441,0.03786048
994.63765090,0.03808880
994.88399515,0.03480937
995.13034716,0.03678118
995.37670693,0.03923037
995.62307445,0.03188278
995.86944973,0.02876940
996.11583276,0.02671457
996.36222354,0.03206959
996.60862206,0.03109406
996.85502833,0.02812597
997.10144233,0.02420310
997.34786408,0.02252188
997.59429355,0.02216903
997.84073076,0.02272943
998.08717570,0.01623284
998.33362836,0.02100670
998.58008875,0.01490446
998.82655685,0.01849523
999.07303267,0.02540695
999.31951621,0.01998966
999.56600746,0.01365911
999.81250642,0.01633662
1000.05901309,0.01579697
1000.30552746,0.01544412
1000.55204953,0.01419876
1000.79857929,0.01847448
1001.04511676,0.01666871
1001.29166191,0.01830843
1001.53821476,0.01031741
1001.78477529,0.01575545
1002.03134351,0.01382516
1002.27791941,0.01436481
1002.52450299,0.01623284
1002.77109424,0.01384591
1003.01769317,0.01228922
1003.26429976,0.01461388
1003.51091403,0.01284963
1003.75753596,0.01338928
1004.00416555,0.01181183
1004.25080280,0.02003117
1004.49744771,0.01639889
1004.74410027,0.01318172
1004.99076048,0.01264207
1005.23742834,0.01558941
1005.48410384,0.01698005
1005.73078699,0.01531958
1005.97747778,0.01693854
1006.22417620,0.01590075
1006.47088226,0.01409498
1006.71759595,0.01631586
1006.96431727,0.01837070
1007.21104622,0.01608755
1007.45778279,0.02079914
1007.70452698,0.01309870
1007.95127879,0.01891035
1008.19803821,0.01797633
1008.44480524,0.02129728
1008.69157988,0.02285397
1008.93836213,0.02316531
1009.18515199,0.01658569
1009.43194944,0.01996890
1009.67875450,0.02135955
1009.92556715,0.01855750
1010.17238739,0.02355967
1010.41921522,0.02162937
1010.66605064,0.02272943
1010.91289364,0.01998966
1011.15974422,0.01982361
1011.40660239,0.01971983
1011.65346813,0.01830843
1011.90034144,0.02557299
1012.14722232,0.02081989
1012.39411078,0.01868204
1012.64100679,0.02175391
1012.88791037,0.02223129
1013.13482151,0.01884808
1013.38174020,0.02281246
1013.62866645,0.02594660
1013.87560025,0.02613340
1014.12254160,0.02488805
1014.36949049,0.02532392
1014.61644693,0.02735800
1014.86341091,0.02279170
1015.11038242,0.02331060
1015.35736147,0.02476351
1015.60434805,0.02538619
1015.85134216,0.02266717
1016.09834379,0.01930471
1016.34535295,0.02019722
1016.59236963,0.02343514
1016.83939383,0.02140106
1017.08642554,0.02179542
1017.33346476,0.02138030
1017.58051150,0.02214827
1017.82756574,0.01942925
1018.07462748,0.01895186
1018.32169673,0.02420310
1018.56877347,0.01928396
1018.81585771,0.02345589
1019.06294945,0.01872355
1019.31004867,0.01625360
1019.55715538,0.01311946
1019.80426957,0.01998966
1020.05139125,0.02254263
1020.29852041,0.01812163
1020.54565704,0.01459312
1020.79280114,0.01704232
1021.03995272,0.01253829
1021.28711177,0.01764424
1021.53427828,0.01424027
1021.78145225,0.01577621
1022.02863368,0.01046270
1022.27582257,0.00882299
1022.52301891,0.01876506
1022.77022270,0.01453086
1023.01743395,0.01338928
1023.26465263,0.01353457
1023.51187876,0.00595867
1023.75911234,0.00990229
1024.00635335,0.00907206
1024.25360179,0.00801351
1024.50085766,0.00716251
1024.74812097,0.00952869
1024.99539170,0.00658135
1025.24266985,0.00886450
1025.48995543,0.00471332
1025.73724842,0.00737007
1025.98454883,0.00905130
1026.23185665,0.00683042
1026.47917188,0.00668513
1026.72649452,0.00886450
1026.97382456,0.00836636
1027.22116200,0.00263773
1027.46850685,0.00444349
1027.71585908,0.00662286
1027.96321872,0.00610396
1028.21058574,0.00213959
1028.45796014,-0.01207820
1028.70534194,-0.01249332
1028.95273111,-0.01321978
1029.20012767,-0.01056302
1029.44753160,-0.01238954
1029.69494290,-0.01238954
