199.82001468,0.00093816
200.02220309,0.00283858
200.22440896,0.00069028
200.42663230,0.00155786
200.62887310,0.00223953
200.83113136,0.00327237
201.03340708,0.00135129
201.23570025,0.00283858
201.43801087,0.00378879
201.64033894,0.00513147
201.84268445,0.00475965
202.04504741,0.00269398
202.24742780,0.00252873
202.44982564,0.00331368
202.65224090,-0.00211903
202.85467360,0.00407798
203.05712372,0.00405732
203.25959128,-0.00178853
203.46207625,0.00230150
203.66457864,0.00048371
203.86709846,0.00554461
204.06963568,0.00589577
204.27219032,0.00358222
204.47476237,0.00327237
204.67735182,0.00197099
204.87995868,0.00959332
205.08258293,0.00451177
205.28522459,0.00498687
205.48788364,0.00213625
205.69056008,0.00281792
205.89325391,0.00599905
206.09596513,0.00343762
206.29869374,0.00604037
206.50143972,0.00385076
206.70420308,0.00300383
206.90698382,0.00184705
207.10978194,0.00102079
207.31259742,0.00674269
207.51543027,0.00151655
207.71828048,0.00455308
207.92114806,0.00370616
208.12403299,0.00928347
208.32693528,0.00271464
208.52985493,0.00395404
208.73279193,-0.00061109
208.93574627,0.00699058
209.13871796,0.00420192
209.34170699,0.00172311
209.54471336,0.00009123
209.74773707,0.00263201
209.95077811,0.00228085
210.15383649,0.00302449
210.35691219,0.00281792
210.56000522,0.00290055
210.76311557,-0.00123080
210.96624324,0.00717649
211.16938823,0.00130998
211.37255053,0.00033911
211.57573015,-0.00071438
211.77892707,0.00424323
211.98214130,0.00151655
212.18537284,0.00254938
212.38862167,0.00250807
212.59188781,0.00201231
212.79517124,0.00108276
212.99847196,0.00027714
213.20178997,0.00316908
213.40512527,0.00540001
213.60847785,0.00223953
213.81184772,0.00186771
214.01523486,0.00161983
214.21863928,0.00372681
214.42206097,0.00546198
214.62549993,0.00203296
214.82895616,0.00122735
215.03242966,0.00275595
215.23592042,-0.00067306
215.43942843,0.00378879
215.64295370,0.00447046
215.84649623,0.00393338
216.05005601,0.00787881
216.25363303,0.00275595
216.45722731,0.00366484
216.66083882,-0.00123080
216.86446757,0.00223953
217.06811356,0.00038043
217.27177679,0.00587511
217.47545724,0.00364419
217.67915493,0.00050437
217.88286984,0.00436717
218.08660198,0.00257004
218.29035133,0.00690795
218.49411790,0.00682532
218.69790169,0.00250807
218.90170269,0.00257004
219.10552090,0.00585446
219.30935632,0.00542067
219.51320894,0.00102079
219.71707876,0.00130998
219.92096578,0.00478031
220.12486999,0.00211559
220.32879140,0.00467702
220.53272999,0.00011189
220.73668578,0.00430520
220.94065875,0.00484228
221.14464890,0.00168180
221.34865623,0.00376813
221.55268073,0.00259070
221.75672241,-0.00096226
221.96078126,-0.00005336
222.16485728,-0.00073503
222.36895046,0.00164049
222.57306080,0.00391273
222.77718831,0.00352025
222.98133297,0.00062831
223.18549478,0.00434652
223.38967375,-0.00021862
223.59386986,0.00157852
223.79808312,0.00120670
224.00231352,0.00244610
224.20656106,0.00372681
224.41082574,0.00478031
224.61510756,0.00810604
224.81940650,0.00015320
225.02372258,-0.00048715
225.22805578,0.00323105
225.43240610,-0.00046650
225.63677355,0.00616431
225.84115811,-0.00059044
226.04555979,0.00190902
226.24997858,0.00077291
226.45441448,0.00335499
226.65886748,0.00575117
226.86333759,0.00207428
227.06782480,0.00345828
227.27232911,0.00269398
227.47685052,0.00044240
227.68138902,0.00566855
227.88594461,0.00033911
228.09051728,0.00310711
228.29510704,0.00269398
228.49971389,0.00548264
228.70433781,0.00511081
228.90897881,0.00420192
229.11363688,0.00085553
229.31831202,0.00422258
229.52300423,0.00298317
229.72771350,0.00186771
229.93243984,0.00002926
230.13718324,0.00159917
230.34194369,0.00304514
230.54672120,0.00713517
230.75151576,0.00118604
230.95632737,0.00570986
231.16115602,0.00383010
231.36600172,0.00027714
231.57086446,0.00114473
231.77574423,0.00401601
231.98064104,-0.00143736
232.18555488,0.00075225
232.39048575,0.00374747
232.59543365,0.00040108
232.80039857,0.00046305
233.00538051,0.00383010
233.21037947,0.00422258
233.41539544,0.01694711
233.62042843,0.00153720
233.82547842,0.00275595
234.03054543,0.00661875
234.23562943,-0.00030124
234.44073044,0.00232216
234.64584845,0.00459440
234.85098345,0.00174377
235.05613545,0.00333434
235.26130444,0.00304514
235.46649041,0.00197099
235.67169337,0.00575117
235.87691331,0.00585446
236.08215023,0.00118604
236.28740413,0.00354090
236.49267500,0.00296252
236.69796284,-0.00102423
236.90326765,0.00581314
237.10858942,0.00184705
237.31392816,0.00517278
237.51928386,0.00349959
237.72465651,0.00238413
237.93004612,0.00083488
238.13545268,0.00161983
238.34087619,0.00500753
238.54631664,0.00151655
238.75177404,0.00147523
238.95724838,0.00013255
239.16273965,0.00285923
239.36824786,0.00558592
239.57377300,0.00323105
239.77931508,0.00475965
239.98487407,0.00281792
240.19045000,0.00259070
240.39604284,0.00366484
240.60165260,-0.00112751
240.80727928,0.00349959
241.01292287,0.00304514
241.21858337,0.00678401
241.42426077,0.00153720
241.62995508,0.00370616
241.83566630,-0.00075569
242.04139441,0.00337565
242.24713941,0.00141326
242.45290131,0.00124801
242.65868010,0.00294186
242.86447578,0.00203296
243.07028835,0.00455308
243.27611779,0.00682532
243.48196412,0.00453243
243.68782732,0.00104144
243.89370739,0.00097947
244.09960434,-0.00087963
244.30551816,0.00651547
244.51144884,0.00308646
244.71739638,0.00228085
244.92336078,0.00389207
245.12934204,0.00209493
245.33534016,0.00004992
245.54135512,0.00038043
245.74738694,0.00139261
245.95343560,0.00116538
246.15950110,0.00637087
246.36558345,0.00153720
246.57168263,0.00391273
246.77779865,0.00221888
246.98393150,0.00566855
247.19008118,0.00312777
247.39624769,0.00471834
247.60243102,0.00242544
247.80863117,0.00486293
248.01484814,0.00279726
248.22108192,0.00422258
248.42733252,-0.00011533
248.63359993,-0.00023927
248.83988415,-0.00069372
249.04618517,0.00383010
249.25250299,0.00054568
249.45883761,0.00054568
249.66518903,0.00374747
249.87155724,0.00215690
250.07794224,0.00447046
250.28434403,0.00192968
250.49076260,0.00647416
250.69719796,-0.00174721
250.90365009,-0.00151999
251.11011901,0.00195034
251.31660469,0.00376813
251.52310715,0.00205362
251.72962638,0.00399535
251.93616237,0.00192968
252.14271513,0.00246676
252.34928464,0.00155786
252.55587091,0.00153720
252.76247394,0.00275595
252.96909372,0.00217756
253.17573025,0.00343762
253.38238352,0.00219822
253.58905354,0.00248741
253.79574030,0.00230150
254.00244380,0.00389207
254.20916403,0.00723846
254.41590099,0.00475965
254.62265469,0.00252873
254.82942511,0.00228085
255.03621225,0.00112407
255.24301612,0.00242544
255.44983670,0.00168180
255.65667400,0.00333434
255.86352802,0.00137195
256.07039874,0.00033911
256.27728617,0.00157852
256.48419031,0.00515213
256.69111115,0.00234282
256.89804868,0.00192968
257.10500292,0.00110341
257.31197384,0.00259070
257.51896146,0.00566855
257.72596577,-0.00021862
257.93298676,0.00143392
258.14002443,0.00513147
258.34707878,0.00066962
258.55414981,0.00141326
258.76123752,0.00085553
258.96834190,0.00575117
259.17546294,0.00017386
259.38260065,-0.00079700
259.58975502,0.00221888
259.79692606,0.00242544
260.00411375,0.00056634
260.21131810,-0.00207772
260.41853909,0.00292120
260.62577674,0.00248741
260.83303103,0.00205362
261.04030197,-0.00013599
261.24758955,0.00192968
261.45489377,0.00180574
261.66221462,0.00277661
261.86955210,0.00240479
262.07690622,0.00159917
262.28427696,0.00004992
262.49166433,-0.00069372
262.69906831,0.00463571
262.90648892,-0.00118948
263.11392614,0.00147523
263.32137998,0.00323105
263.52885042,0.00409864
263.73633747,0.00694926
263.94384113,0.00029780
264.15136139,0.00478031
264.35889825,0.00630890
264.56645171,0.00473899
264.77402176,0.00203296
264.98160840,0.00157852
265.18921163,0.00172311
265.39683144,0.00013255
265.60446784,0.00672204
265.81212081,0.00137195
266.01979037,0.00471834
266.22747650,0.00267332
266.43517920,0.00341696
266.64289847,-0.00017730
266.85063430,0.00157852
267.05838670,0.00044240
267.26615566,0.00285923
267.47394117,-0.00139605
267.68174324,-0.00075569
267.88956187,0.00492490
268.09739704,0.00292120
268.30524876,0.00356156
268.51311702,0.00727977
268.72100183,-0.00218100
268.92890317,0.00102079
269.13682105,-0.00054912
269.34475546,-0.00021862
269.55270640,0.00139261
269.76067387,0.00283858
269.96865786,-0.00063175
270.17665838,0.00000861
270.38467541,0.00046305
270.59270896,0.00273529
270.80075902,0.00176443
271.00882560,0.00341696
271.21690868,0.00329302
271.42500826,0.00457374
271.63312435,0.00240479
271.84125694,0.00219822
272.04940602,0.00591643
272.25757160,0.00244610
272.46575367,0.00525541
272.67395223,0.00383010
272.88216727,0.00093816
273.09039880,0.00655678
273.29864681,-0.00019796
273.50691129,0.00151655
273.71519225,0.00122735
273.92348968,-0.00015665
274.13180358,0.00120670
274.34013395,0.00238413
274.54848077,0.00442914
274.75684406,0.00372681
274.96522381,0.00223953
275.17362001,-0.00071438
275.38203267,0.00632956
275.59046177,0.00358222
275.79890732,0.00161983
276.00736932,0.00292120
276.21584776,-0.00023927
276.42434263,0.00031846
276.63285394,-0.00350303
276.84138169,-0.00038387
277.04992586,0.00263201
277.25848646,0.00250807
277.46706349,0.00155786
277.67565694,-0.00092095
277.88426680,0.00004992
278.09289309,-0.00030124
278.30153578,-0.00121014
278.51019489,0.00699058
278.71887041,0.00219822
278.92756233,0.00370616
279.13627065,0.00436717
279.34499537,0.00124801
279.55373649,0.00502819
279.76249401,0.00977923
279.97126791,0.00217756
280.18005820,0.00128932
280.38886488,0.00343762
280.59768795,-0.00162327
280.80652739,0.00157852
281.01538321,0.00110341
281.22425540,0.00149589
281.43314397,0.00116538
281.64204891,0.00184705
281.85097021,0.00385076
282.05990788,0.00372681
282.26886190,0.00217756
282.47783229,-0.00145802
282.68681903,0.00151655
282.89582212,-0.00005336
283.10484156,0.00110341
283.31387735,-0.00032190
283.52292949,0.00130998
283.73199796,0.00149589
283.94108277,0.00308646
284.15018392,0.00062831
284.35930141,0.00170246
284.56843522,0.00285923
284.77758536,0.00436717
284.98675183,0.00075225
285.19593461,0.00789947
285.40513372,0.00453243
285.61434914,0.00380944
285.82358088,-0.00313121
286.03282893,0.00133064
286.24209328,0.00318974
286.45137395,0.00035977
286.66067091,0.00180574
286.86998417,0.00349959
287.07931373,0.00374747
287.28865959,0.00257004
287.49802174,0.00283858
287.70740017,0.00052502
287.91679489,0.00128932
288.12620590,0.00221888
288.33563318,-0.00261480
288.54507675,0.00420192
288.75453658,0.00029780
288.96401269,-0.00081766
289.17350507,0.00050437
289.38301372,0.00207428
289.59253863,0.00085553
289.80207980,0.00622628
290.01163723,0.00122735
290.22121091,0.00424323
290.43080085,0.00238413
290.64040703,0.00170246
290.85002947,0.00358222
291.05966815,0.00335499
291.26932307,0.00502819
291.47899422,0.00215690
291.68868162,0.00422258
291.89838525,0.00300383
292.10810511,0.00655678
292.31784119,0.00170246
292.52759350,-0.00116883
292.73736204,0.00240479
292.94714679,0.00261135
293.15694776,0.00112407
293.36676494,0.00133064
293.57659834,0.00209493
293.78644794,-0.00052847
293.99631375,-0.00046650
294.20619576,0.00391273
294.41609397,0.00610234
294.62600838,0.00091750
294.83593898,0.00261135
295.04588578,0.00021517
295.25584876,-0.00170590
295.46582793,-0.00005336
295.67582328,0.00275595
295.88583481,-0.00015665
296.09586253,0.00157852
296.30590641,0.00232216
296.51596647,0.00093816
296.72604270,-0.00077635
296.93613509,0.00463571
297.14624365,-0.00129277
297.35636837,0.00164049
297.56650925,0.00079356
297.77666629,0.00126867
297.98683947,-0.00015665
298.19702881,0.00310711
298.40723429,-0.00019796
298.61745592,0.00277661
298.82769369,0.00343762
299.03794760,0.00750699
299.24821765,-0.00176787
299.45850383,0.00228085
299.66880614,0.00083488
299.87912458,0.00000861
300.08945914,-0.00040453
300.29980983,0.00234282
300.51017663,0.00244610
300.72055955,0.00581314
300.93095859,0.00044240
301.14137374,0.00137195
301.35180499,0.00095882
301.56225235,0.00149589
301.77271582,-0.00263545
301.98319538,0.00977923
302.19369105,-0.00280071
302.40420280,-0.00009468
302.61473065,0.00358222
302.82527459,0.00296252
303.03583461,-0.00102423
303.24641072,0.00106210
303.45700291,0.00153720
303.66761117,0.00226019
303.87823552,0.00577183
304.08887593,0.00079356
304.29953241,0.00011189
304.51020496,-0.00106554
304.72089358,0.00465637
304.93159825,0.00393338
305.14231899,-0.00083832
305.35305578,0.00368550
305.56380862,0.00184705
305.77457752,0.00161983
305.98536246,0.00246676
306.19616344,0.00085553
306.40698047,0.00157852
306.61781354,0.00199165
306.82866264,0.00228085
307.03952778,0.00271464
307.25040895,0.00333434
307.46130614,0.00339631
307.67221937,-0.00009468
307.88314861,0.00071094
308.09409387,0.00542067
308.30505515,0.00197099
308.51603245,0.00478031
308.72702576,0.00023583
308.93803507,0.00066962
309.14906039,0.00077291
309.36010172,0.00104144
309.57115904,0.00376813
309.78223236,0.00250807
309.99332168,0.00230150
310.20442699,0.00360287
310.41554829,0.00135129
310.62668557,-0.00164393
310.83783884,0.00201231
311.04900809,-0.00228429
311.26019332,-0.00048715
311.47139452,0.00128932
311.68261169,0.00199165
311.89384484,0.00449111
312.10509395,0.00120670
312.31635903,0.00283858
312.52764007,0.00211559
312.73893706,-0.00083832
312.95025002,-0.00013599
313.16157892,0.00040108
313.37292378,0.00310711
313.58428458,0.00097947
313.79566133,0.00327237
314.00705402,0.00201231
314.21846266,0.00269398
314.42988722,0.00019452
314.64132772,0.00267332
314.85278416,0.00029780
315.06425652,0.00882902
315.27574480,-0.00044584
315.48724901,0.00316908
315.69876914,0.00009123
315.91030518,0.00168180
316.12185715,0.00015320
316.33342502,0.00279726
316.54500880,0.00349959
316.75660848,0.00318974
316.96822407,0.00261135
317.17985556,0.00104144
317.39150295,0.00040108
317.60316624,0.00337565
317.81484541,0.00044240
318.02654048,0.00248741
318.23825143,0.00413995
318.44997826,0.00087619
318.66172098,0.00226019
318.87347957,0.00680466
319.08525404,0.00223953
319.29704439,0.00180574
319.50885060,0.00017386
319.72067268,0.00296252
319.93251063,0.00192968
320.14436443,0.00095882
320.35623410,0.00655678
320.56811962,0.00290055
320.78002100,-0.00139605
320.99193822,-0.00023927
321.20387130,-0.00127211
321.41582021,0.00197099
321.62778498,0.00422258
321.83976558,0.00182640
322.05176201,0.00250807
322.26377428,0.00017386
322.47580239,0.00593708
322.68784632,0.00490425
322.89990607,0.00044240
323.11198165,-0.00023927
323.32407305,0.00302449
323.53618027,0.00145458
323.74830330,0.00207428
323.96044215,0.00290055
324.17259680,0.00368550
324.38476726,0.00556526
324.59695352,-0.00071438
324.80915558,0.00038043
325.02137344,-0.00001205
325.23360710,0.00213625
325.44585655,0.00457374
325.65812178,0.00366484
325.87040281,-0.00081766
326.08269962,0.00201231
326.29501221,-0.00129277
326.50734058,0.00391273
326.71968472,0.00066962
326.93204464,0.00399535
327.14442032,0.00498687
327.35681178,0.00314843
327.56921900,0.00172311
327.78164198,0.00188837
327.99408072,-0.00154065
328.20653522,0.00178508
328.41900547,0.00066962
328.63149147,0.00215690
328.84399322,0.00178508
329.05651071,0.00250807
329.26904395,0.00120670
329.48159293,0.00269398
329.69415764,0.00021517
329.90673809,0.00318974
330.11933427,-0.00007402
330.33194617,0.00480096
330.54457381,0.00201231
330.75721716,-0.00141671
330.96987624,0.00075225
331.18255104,0.00368550
331.39524154,0.00581314
331.60794777,0.00335499
331.82066970,-0.00094160
332.03340733,0.00195034
332.24616067,0.00438783
332.45892971,0.00331368
332.67171445,0.00366484
332.88451489,0.00252873
333.09733102,0.00168180
333.31016283,0.00141326
333.52301034,-0.00038387
333.73587352,0.00002926
333.94875239,-0.00213969
334.16164694,0.00069028
334.37455717,-0.00333778
334.58748306,0.00399535
334.80042463,0.00467702
335.01338187,-0.00048715
335.22635477,0.00186771
335.43934333,0.00221888
335.65234755,0.00246676
335.86536743,0.00517278
336.07840296,0.00126867
336.29145415,0.00069028
336.50452098,0.00296252
336.71760345,0.00244610
336.93070157,0.00164049
337.14381533,0.00300383
337.35694473,0.00139261
337.57008976,0.00416061
337.78325042,0.00201231
337.99642671,0.00085553
338.20961863,0.00182640
338.42282617,0.00277661
338.63604933,-0.00180918
338.84928810,0.00048371
339.06254250,0.00304514
339.27581250,0.00083488
339.48909812,0.00294186
339.70239934,0.00298317
339.91571616,0.00174377
340.12904859,0.00186771
340.34239661,-0.00019796
340.55576023,0.00300383
340.76913945,0.00616431
340.98253425,0.00164049
341.19594464,0.00199165
341.40937061,-0.00034256
341.62281217,0.00349959
341.83626930,0.00668072
342.04974201,0.00308646
342.26323030,-0.00046650
342.47673415,0.00271464
342.69025357,0.00668072
342.90378856,0.00180574
343.11733911,0.00496622
343.33090522,0.00345828
343.54448688,0.00203296
343.75808410,0.00133064
343.97169687,0.00298317
344.18532519,-0.00071438
344.39896906,0.00110341
344.61262847,-0.00003271
344.82630341,0.00333434
345.03999390,0.00271464
345.25369992,0.00447046
345.46742147,0.00763093
345.68115855,0.00440849
345.89491115,0.00321040
346.10867928,0.00118604
346.32246293,0.00226019
346.53626210,-0.00094160
346.75007679,0.00040108
346.96390698,0.00310711
347.17775269,0.00358222
347.39161390,0.00054568
347.60549061,0.00360287
347.81938283,0.00087619
348.03329055,0.00139261
348.24721376,0.00077291
348.46115246,0.00447046
348.67510665,-0.00046650
348.88907634,0.00087619
349.10306150,0.00002926
349.31706215,0.00021517
349.53107828,0.00283858
349.74510988,0.00403667
349.95915696,0.00273529
350.17321950,0.00048371
350.38729752,0.00587511
350.60139100,-0.00046650
350.81549994,0.00085553
351.02962435,-0.00009468
351.24376421,0.00366484
351.45791952,0.00100013
351.67209028,0.00075225
351.88627650,-0.00048715
352.10047816,0.00304514
352.31469526,0.00304514
352.52892780,0.00244610
352.74317578,0.00385076
352.95743919,0.00252873
353.17171804,0.00186771
353.38601232,0.00488359
353.60032202,0.00033911
353.81464714,0.00548264
354.02898769,-0.00106554
354.24334365,0.00066962
354.45771503,-0.00218100
354.67210182,0.00358222
354.88650403,0.00488359
355.10092164,0.00372681
355.31535465,0.00058699
355.52980306,0.00827129
355.74426687,0.00184705
355.95874608,0.00257004
356.17324069,0.00323105
356.38775068,-0.00034256
356.60227606,0.00254938
356.81681682,-0.00125145
357.03137297,-0.00156130
357.24594449,0.00273529
357.46053139,0.00444980
357.67513367,0.00469768
357.88975132,0.00300383
358.10438433,-0.00036321
358.31903271,0.00215690
358.53369645,0.00149589
358.74837556,-0.00296596
358.96307002,0.00362353
359.17777983,-0.00030124
359.39250499,0.00102079
359.60724551,0.00339631
359.82200137,0.00190902
360.03677257,-0.00013599
360.25155911,0.00021517
360.46636100,0.00209493
360.68117821,-0.00180918
360.89601076,-0.00176787
361.11085864,0.00254938
361.32572184,-0.00230494
361.54060037,0.00339631
361.75549422,0.00290055
361.97040338,0.00389207
362.18532786,0.00265267
362.40026766,0.00102079
362.61522276,0.00296252
362.83019318,0.00544132
363.04517889,0.00064897
363.26017991,0.00197099
363.47519623,0.00066962
363.69022784,0.00391273
363.90527474,0.00097947
364.12033694,0.00391273
364.33541442,-0.00092095
364.55050719,0.00004992
364.76561524,-0.00123080
364.98073857,0.00159917
365.19587718,-0.00092095
365.41103106,0.00300383
365.62620021,-0.00048715
365.84138463,0.00106210
366.05658432,0.00128932
366.27179927,0.00397470
366.48702948,0.00081422
366.70227494,0.00091750
366.91753566,0.00104144
367.13281163,0.00153720
367.34810285,-0.00304859
367.56340932,0.00149589
367.77873103,0.00095882
367.99406798,0.00252873
368.20942017,0.00050437
368.42478759,-0.00025993
368.64017025,0.00056634
368.85556813,0.00494556
369.07098125,0.00137195
369.28640958,0.00285923
369.50185314,0.00126867
369.71731191,0.00139261
369.93278590,-0.00201575
370.14827511,0.00281792
370.36377952,-0.00034256
370.57929914,0.00250807
370.79483397,0.00610234
371.01038400,0.00221888
371.22594922,0.00052502
371.44152965,0.00157852
371.65712526,0.00219822
371.87273607,-0.00224297
372.08836206,0.00201231
372.30400324,0.00397470
372.51965960,-0.00079700
372.73533114,0.00405732
372.95101786,0.00126867
373.16671976,0.00372681
373.38243682,0.00360287
373.59816905,0.00244610
373.81391645,-0.00098292
374.02967901,0.00308646
374.24545673,0.00161983
374.46124961,-0.00178853
374.67705764,0.00188837
374.89288082,0.00025649
375.10871916,0.00153720
375.32457264,0.00102079
375.54044126,0.00011189
375.75632503,0.00471834
375.97222393,0.00298317
376.18813797,-0.00118948
376.40406713,0.00054568
376.62001143,-0.00025993
376.83597086,-0.00149933
377.05194541,0.00029780
377.26793508,0.00145458
377.48393987,0.00275595
377.69995978,0.00343762
377.91599480,0.00071094
378.13204493,0.00192968
378.34811016,0.00399535
378.56419050,0.00564789
378.78028595,0.00451177
378.99639649,0.00050437
379.21252213,-0.00145802
379.42866286,0.00287989
379.64481868,0.00066962
379.86098960,0.00601971
380.07717559,0.00438783
380.29337667,0.00100013
380.50959283,0.00085553
380.72582407,0.00329302
380.94207038,0.00223953
381.15833176,0.00190902
381.37460821,0.00015320
381.59089972,0.00089685
381.80720630,0.00188837
382.02352794,0.00180574
382.23986464,0.00259070
382.45621639,0.00211559
382.67258319,0.00188837
382.88896505,0.00120670
383.10536195,0.00304514
383.32177389,0.00232216
383.53820087,0.00046305
383.75464289,0.00145458
383.97109995,0.00050437
384.18757204,-0.00135474
384.40405916,0.00186771
384.62056131,-0.00114817
384.83707848,0.00192968
385.05361067,0.00161983
385.27015788,0.00023583
385.48672011,0.00513147
385.70329735,0.00583380
385.91988960,0.00343762
386.13649686,0.00009123
386.35311912,0.00316908
386.56975639,0.00285923
386.78640865,0.00261135
387.00307592,0.00042174
387.21975817,0.00075225
387.43645542,0.00178508
387.65316765,0.00356156
387.86989487,0.00329302
388.08663707,0.00277661
388.30339426,-0.00013599
388.52016641,0.00304514
388.73695355,0.00378879
388.95375565,0.00358222
389.17057273,0.00031846
389.38740477,0.00434652
389.60425177,0.00246676
389.82111374,-0.00061109
390.03799066,0.00573052
390.25488253,0.00161983
390.47178936,-0.00013599
390.68871114,0.00236347
390.90564787,-0.00085897
391.12259954,-0.00003271
391.33956614,0.00190902
391.55654769,0.00161983
391.77354418,0.00385076
391.99055559,0.00151655
392.20758194,0.00184705
392.42462321,0.00352025
392.64167941,0.00327237
392.85875053,0.00432586
393.07583657,-0.00168524
393.29293752,0.00292120
393.51005339,0.00455308
393.72718417,0.00310711
393.94432986,0.00409864
394.16149045,0.00153720
394.37866594,0.00133064
394.59585634,0.00370616
394.81306163,0.00389207
395.03028181,0.00385076
395.24751689,0.00849852
395.46476685,0.00238413
395.68203170,0.00399535
395.89931143,0.00595774
396.11660604,0.00312777
396.33391553,0.00294186
396.55123990,0.00085553
396.76857913,0.00318974
396.98593324,0.00302449
397.20330221,-0.00017730
397.42068604,0.00492490
397.63808474,-0.00034256
397.85549829,0.00614365
398.07292670,0.00523475
398.29036996,0.00397470
398.50782807,0.00506950
398.72530103,0.00550329
398.94278883,0.00318974
399.16029147,0.00616431
399.37780895,0.00234282
399.59534127,0.00666007
399.81288841,0.00372681
400.03045039,0.00601971
400.24802720,0.00761028
400.46561883,0.00325171
400.68322529,0.00128932
400.90084656,0.00184705
401.11848265,0.00542067
401.33613355,0.00356156
401.55379926,0.00248741
401.77147978,0.00663941
401.98917511,0.00612299
402.20688524,0.00405732
402.42461017,-0.00007402
402.64234989,0.00564789
402.86010441,0.00066962
403.07787372,0.00548264
403.29565782,0.00376813
403.51345670,0.00486293
403.73127037,0.00467702
403.94909882,0.00118604
404.16694205,0.00496622
404.38480005,0.00339631
404.60267282,0.00265267
404.82056036,0.00190902
405.03846267,0.00744502
405.25637974,0.00835392
405.47431157,0.00428455
405.69225816,0.00277661
405.91021951,0.00494556
406.12819561,0.00106210
406.34618645,0.00269398
406.56419205,0.00370616
406.78221239,0.00290055
407.00024747,0.00614365
407.21829729,0.00071094
407.43636184,0.00878771
407.65444113,0.00643284
407.87253515,0.00616431
408.09064390,0.00418126
408.30876737,0.00403667
408.52690556,0.00587511
408.74505847,0.00203296
408.96322610,0.00564789
409.18140844,0.00182640
409.39960550,0.00378879
409.61781726,0.00550329
409.83604372,0.00399535
410.05428489,0.00699058
410.27254076,0.00110341
410.49081133,0.00523475
410.70909659,0.00426389
410.92739654,0.00321040
411.14571118,0.00478031
411.36404051,0.00482162
411.58238452,0.00655678
411.80074321,0.00323105
412.01911658,0.00457374
412.23750462,0.00473899
412.45590734,0.00302449
412.67432472,0.00312777
412.89275677,0.00484228
413.11120349,0.00265267
413.32966486,0.00285923
413.54814090,0.00337565
413.76663159,0.00585446
413.98513693,0.00403667
414.20365692,0.00097947
414.42219156,0.00643284
414.64074084,0.00054568
414.85930477,0.00496622
415.07788333,0.00075225
415.29647653,0.00376813
415.51508437,0.00062831
415.73370683,0.00391273
415.95234392,0.00354090
416.17099564,0.00352025
416.38966198,0.00641219
416.60834294,0.00447046
416.82703851,0.00469768
417.04574870,-0.00054912
417.26447350,0.00393338
417.48321291,0.00397470
417.70196692,0.00064897
417.92073554,0.00542067
418.13951875,0.00537935
418.35831657,0.00079356
418.57712898,0.00071094
418.79595598,0.00862246
419.01479757,0.00705255
419.23365374,0.00325171
419.45252450,0.00184705
419.67140984,0.00880837
419.89030975,0.00670138
420.10922425,0.01002711
420.32815331,0.00329302
420.54709694,0.00573052
420.76605514,0.00554461
420.98502791,0.00310711
421.20401523,0.00358222
421.42301712,0.00370616
421.64203356,0.00732108
421.86106455,0.00449111
422.08011009,0.00440849
422.29917018,0.00630890
422.51824482,0.00360287
422.73733399,0.00095882
422.95643771,0.00657744
423.17555596,0.00548264
423.39468875,0.00312777
423.61383606,0.00610234
423.83299790,0.00546198
424.05217427,0.00455308
424.27136516,0.00333434
424.49057057,0.00358222
424.70979050,0.00568920
424.92902494,0.00442914
425.14827390,0.00428455
425.36753736,0.00616431
425.58681532,0.00663941
425.80610779,0.00818866
426.02541476,0.00808538
426.24473623,0.00296252
426.46407219,0.00856049
426.68342265,0.00168180
426.90278759,0.00837458
427.12216702,0.00577183
427.34156093,0.00540001
427.56096933,0.00897362
427.78039220,0.00996514
427.99982955,0.00884968
428.21928137,0.00678401
428.43874766,0.00494556
428.65822841,0.00820932
428.87772363,0.00901493
429.09723331,0.00577183
429.31675745,0.00321040
429.53629605,0.00488359
429.75584910,0.00606102
429.97541660,0.00810604
430.19499854,0.00548264
430.41459494,0.00979989
430.63420577,0.00816801
430.85383104,0.00763093
431.07347075,0.00794078
431.29312489,0.01343547
431.51279347,0.00527607
431.73247647,0.00442914
431.95217390,0.00325171
432.17188574,0.00763093
432.39161201,0.00511081
432.61135270,0.00616431
432.83110780,0.00796144
433.05087731,0.01099798
433.27066123,0.00533804
433.49045956,0.00670138
433.71027229,0.00614365
433.93009942,0.00705255
434.14994095,0.00746568
434.36979687,0.00649481
434.58966718,0.00626759
434.80955189,0.00802341
435.02945098,0.00734174
435.24936445,0.01262986
435.46929230,0.00599905
435.68923454,0.00657744
435.90919115,0.00810604
436.12916213,0.00862246
436.34914748,0.00818866
436.56914720,0.00837458
436.78916128,0.00678401
437.00918972,0.00696992
437.22923252,0.00692861
437.44928968,0.01000646
437.66936119,0.01010974
437.88944706,0.01023368
438.10954727,0.01017171
438.32966182,0.01070878
438.54979072,0.00740371
438.76993395,0.01422042
438.99009153,0.01048156
439.21026343,0.01221672
439.43044967,0.01248526
439.65065024,0.01655463
439.87086513,0.00816801
440.09109434,0.00808538
440.31133788,0.00889099
440.53159573,0.01260920
440.75186789,0.00705255
440.97215437,0.00651547
441.19245516,0.01110126
441.41277025,0.00893231
441.63309964,0.00758962
441.85344334,0.01062616
442.07380133,0.00889099
442.29417362,0.00986186
442.51456020,0.00703189
442.73496107,0.00783750
442.95537623,0.00872574
443.17580567,0.01072944
443.39624939,0.01281577
443.61670739,0.00736240
443.83717967,0.00878771
444.05766622,0.00951069
444.27816704,0.01201016
444.49868212,0.00666007
444.71921147,0.00781684
444.93975509,0.00806472
445.16031296,0.00932478
445.38088508,0.00837458
445.60147147,0.01013040
445.82207210,0.00802341
446.04268698,0.01015105
446.26331610,0.01603821
446.48395947,0.00626759
446.70461707,0.01013040
446.92528892,0.00740371
447.14597499,0.01219607
447.36667530,0.00668072
447.58738984,0.01308431
447.80811860,0.01101863
448.02886158,0.00661875
448.24961879,0.01025434
448.47039021,0.01064681
448.69117585,0.01690580
448.91197570,0.01364204
449.13278975,0.00825063
449.35361802,0.00893231
449.57446049,0.00938675
449.79531715,0.00570986
450.01618802,0.00630890
450.23707308,0.00802341
450.45797234,0.01525326
450.67888578,0.00876705
450.89981341,0.00864311
451.12075522,0.01114257
451.34171122,0.01331153
451.56268139,0.01252657
451.78366574,0.01327022
452.00466426,0.01186556
452.22567696,0.00812669
452.44670382,0.00920084
452.66774484,0.00732108
452.88880003,0.01358007
453.10986938,0.00938675
453.33095288,0.01101863
453.55205053,0.00944872
453.77316234,0.00637087
453.99428830,0.01044025
454.21542840,0.00746568
454.43658264,0.01041959
454.65775102,0.00818866
454.87893354,0.01019237
455.10013019,0.01124586
455.32134098,0.01370401
455.54256589,0.01366269
455.76380493,0.00895296
455.98505809,0.00963463
456.20632537,0.01170031
456.42760677,0.00944872
456.64890229,0.00816801
456.87021191,0.01335284
457.09153565,0.01060550
457.31287349,0.01203081
457.53422544,0.01583165
457.75559149,0.01488144
457.97697163,0.00949004
458.19836587,0.01339416
458.41977420,0.01393123
458.64119663,0.01492275
458.86263313,0.01238198
459.08408373,0.01816586
459.30554840,0.01353875
459.52702716,0.01806257
459.74851999,0.01006843
459.97002689,0.01810389
460.19154786,0.01403451
460.41308290,0.01769075
460.63463201,0.01316693
460.85619518,0.01302234
461.07777241,0.01539786
461.29936369,0.01634807
461.52096903,0.01725696
461.74258841,0.01781469
461.96422185,0.01484013
462.18586933,0.01597624
462.40753086,0.01740156
462.62920642,0.01556311
462.85089602,0.01682317
463.07259966,0.01415845
463.29431733,0.01388992
463.51604902,0.01607953
463.73779475,0.01409648
463.95955449,0.01913672
464.18132826,0.02260705
464.40311604,0.01729827
464.62491784,0.01752550
464.84673365,0.01692645
465.06856347,0.02019021
465.29040730,0.01760812
465.51226513,0.01810389
465.73413696,0.01525326
465.95602279,0.01843439
466.17792261,0.01641004
466.39983643,0.02105780
466.62176424,0.01977708
466.84370603,0.02016956
467.06566181,0.01864096
467.28763157,0.01921935
467.50961531,0.01731893
467.73161303,0.02047941
467.95362472,0.01545983
468.17565038,0.02025218
468.39769001,0.01616216
468.61974360,0.01721565
468.84181116,0.01905409
469.06389267,0.02411499
469.28598814,0.02136765
469.50809757,0.02293756
469.73022094,0.02335069
469.95235827,0.02209063
470.17450954,0.01938460
470.39667475,0.01950854
470.61885390,0.01959117
470.84104699,0.02192538
471.06325402,0.02622197
471.28547498,0.02037612
471.50770986,0.02335069
471.72995867,0.01994233
471.95222141,0.01919869
472.17449806,0.01797995
472.39678864,0.01789732
472.61909313,0.02281362
472.84141153,0.02085123
473.06374384,0.02585015
473.28609005,0.02337135
473.50845017,0.02176012
473.73082420,0.02446615
473.95321212,0.02312347
474.17561393,0.02432156
474.39802964,0.02159487
474.62045924,0.02151224
474.84290273,0.01864096
475.06536010,0.02644920
475.28783136,0.02531308
475.51031649,0.02260705
475.73281550,0.01740156
475.95532838,0.01521195
476.17785513,0.02002496
476.40039575,0.01963248
476.62295024,0.02068597
476.84551859,0.02103714
477.06810080,0.02118174
477.29069686,0.02023153
477.51330678,0.01868227
477.73593055,0.02120239
477.95856817,0.01988036
478.18121963,0.02095451
478.40388494,0.02103714
478.62656409,0.02368120
478.84925707,0.02196669
479.07196389,0.02142962
479.29468455,0.02425959
479.51741903,0.02560227
479.74016733,0.02186341
479.96292946,0.02111977
480.18570542,0.02361923
480.40849519,0.02182209
480.63129877,0.02547833
480.85411617,0.02372251
481.07694738,0.02107845
481.29979239,0.02363988
481.52265121,0.02142962
481.74552383,0.02479666
481.96841025,0.02289624
482.19131046,0.02442484
482.41422447,0.02324741
482.63715227,0.02417696
482.86009385,0.02264836
483.08304922,0.02128502
483.30601837,0.02235917
483.52900130,0.02463141
483.75199801,0.02021087
483.97500849,0.02204932
484.19803274,0.02285493
484.42107076,0.02126436
484.64412255,0.02620132
484.86718810,0.02456944
485.09026741,0.01667857
485.31336047,0.02109911
485.53646729,0.01983905
485.75958786,0.01876490
485.98272218,0.01903344
486.20587024,0.01847571
486.42903205,0.01928132
486.65220760,0.01855833
486.87539689,0.02161553
487.09859991,0.01905409
487.32181666,0.01921935
487.54504715,0.02128502
487.76829136,0.01992168
487.99154929,0.02436287
488.21482094,0.02186341
488.43810631,0.01911606
488.66140540,0.02415630
488.88471820,0.02072729
489.10804471,0.02142962
489.33138493,0.02161553
489.55473885,0.02128502
489.77810647,0.02320609
490.00148780,0.02264836
490.22488281,0.02240048
490.44829153,0.02492060
490.67171393,0.02525111
490.89515002,0.02543702
491.11859979,0.02702759
491.34206325,0.02706890
491.56554038,0.02446615
491.78903120,0.02737875
492.01253568,0.02390842
492.23605384,0.02578818
492.45958567,0.02888669
492.68313116,0.02609803
492.90669031,0.02252442
493.13026312,0.01893015
493.35384960,0.02008693
493.57744972,0.01816586
493.80106350,0.01810389
494.02469092,0.02000430
494.24833200,0.01975642
494.47198671,0.02161553
494.69565507,0.01942592
494.91933706,0.02471403
495.14303269,0.01839308
495.36674195,0.01696777
495.59046484,0.02031415
495.81420136,0.01981839
496.03795150,0.01570771
496.26171526,0.01762878
496.48549264,0.01779404
496.70928364,0.01837242
496.93308825,0.01985971
497.15690647,0.02324741
497.38073830,0.02202866
497.60458373,0.02390842
497.82844276,0.03353445
498.05231539,0.02613935
498.27620162,0.02235917
498.50010144,0.02428024
498.72401485,0.02438353
498.94794185,0.02963033
499.17188244,0.02425959
499.39583661,0.02591212
499.61980435,0.02289624
499.84378568,0.02894866
500.06778058,0.02814305
500.29178904,0.02770926
500.51581108,0.02167750
500.73984668,0.02682102
500.96389585,0.02496191
501.18795858,0.02407368
501.41203486,0.02719284
501.63612470,0.02374317
501.86022809,0.02599475
502.08434503,0.02890735
502.30847551,0.02663511
502.53261954,0.02789517
502.75677711,0.02547833
502.98094822,0.02907260
503.20513286,0.03051857
503.42933104,0.02946508
503.65354274,0.02952705
503.87776797,0.02793648
504.10200673,0.02401171
504.32625901,0.02901063
504.55052480,0.02620132
504.77480411,0.02601541
504.99909694,0.02184275
505.22340327,0.02591212
505.44772312,0.02390842
505.67205646,0.02109911
505.89640331,0.02312347
506.12076366,0.02242114
506.34513750,0.02134699
506.56952484,0.02064466
506.79392567,0.02229720
507.01833999,0.02229720
507.24276779,0.02397039
507.46720907,0.02246245
507.69166384,0.02128502
507.91613208,0.01944657
508.14061380,0.02351594
508.36510898,0.02176012
508.58961764,0.02343332
508.81413976,0.02477600
509.03867534,0.02907260
509.26322439,0.02551965
509.48778689,0.02622197
509.71236285,0.02925851
509.93695226,0.03004347
510.16155512,0.02696562
510.38617142,0.03027069
510.61080117,0.03014675
510.83544436,0.03262555
511.06010099,0.03041529
511.28477105,0.03582734
511.50945454,0.03590997
511.73415147,0.03179929
511.95886182,0.02894866
512.18358560,0.03093170
512.40832280,0.02661445
512.63307341,0.02878341
512.85783745,0.02960967
513.08261489,0.02921720
513.30740575,0.03301803
513.53221001,0.03078711
513.75702768,0.03289409
513.98185875,0.02839093
514.20670322,0.02818436
514.43156109,0.02735809
514.65643235,0.02921720
514.88131700,0.03008478
515.10621504,0.03560012
515.33112647,0.03343117
515.55605128,0.03421612
515.78098946,0.03485648
516.00594103,0.03064251
516.23090597,0.03268752
516.45588428,0.03661230
516.68087596,0.03190257
516.90588100,0.03384430
517.13089941,0.02870078
517.35593118,0.03134484
517.58097631,0.03039463
517.80603479,0.03062185
518.03110663,0.02764729
518.25619181,0.02886603
518.48129034,0.02781254
518.70640222,0.03103499
518.93152743,0.03064251
519.15666598,0.03419546
519.38181787,0.03025003
519.60698310,0.03353445
519.83216165,0.03074579
520.05735353,0.02810173
520.28255873,0.02929982
520.50777726,0.02956836
520.73300910,0.03014675
520.95825426,0.03332788
521.18351273,0.03543487
521.40878452,0.03595128
521.63406961,0.03630245
521.85936801,0.03537290
522.08467971,0.03146878
522.31000471,0.03248096
522.53534300,0.03266687
522.76069459,0.03626114
522.98605947,0.03454663
523.21143764,0.03543487
523.43682910,0.03795499
523.66223383,0.03698412
523.88765185,0.03975212
524.11308315,0.03973146
524.33852772,0.04252012
524.56398556,0.03935964
524.78945667,0.04134269
525.01494104,0.04388346
525.24043868,0.04214830
525.46594959,0.04483367
525.69147374,0.05034901
525.91701116,0.04611439
526.14256182,0.04613504
526.36812574,0.04444119
526.59370290,0.04563928
526.81929331,0.04287128
527.04489696,0.04636227
527.27051384,0.04621767
527.49614396,0.04545337
527.72178732,0.04328442
527.94744390,0.04458579
528.17311372,0.04708525
528.39879675,0.04782889
528.62449301,0.04743642
528.85020249,0.05282782
529.07592518,0.04879976
529.30166109,0.05067952
529.52741021,0.05452167
529.75317254,0.05731032
529.97894807,0.04933683
530.20473680,0.05737229
530.43053874,0.05520334
530.65635387,0.06557301
530.88218219,0.05419116
531.10802371,0.06057408
531.33387841,0.05877695
531.55974630,0.05687653
531.78562738,0.05371606
532.01152163,0.05555450
532.23742906,0.05022507
532.46334967,0.05175367
532.68928344,0.04954340
532.91523039,0.05154710
533.14119051,0.05431510
533.36716378,0.04974997
533.59315022,0.04970865
533.81914982,0.05210483
534.04516257,0.05406722
534.27118847,0.04741576
534.49722752,0.04902698
534.72327973,0.04886173
534.94934507,0.04766364
535.17542356,0.05445970
535.40151518,0.05193958
535.62761994,0.04824203
535.85373784,0.04654818
536.07986886,0.05340621
536.30601301,0.04956406
536.53217029,0.05010113
536.75834069,0.04710591
536.98452420,0.05123725
537.21072084,0.05596764
537.43693059,0.05912811
537.66315345,0.05419116
537.88938941,0.05571976
538.11563848,0.05954125
538.34190066,0.06005767
538.56817593,0.06259844
538.79446431,0.06181349
539.02076577,0.06317683
539.24708033,0.06400310
539.47340798,0.06714292
539.69974871,0.06759737
539.92610252,0.06662650
540.15246942,0.06718423
540.37884939,0.06629599
540.60524244,0.07435211
540.83164856,0.06877480
541.05806775,0.07722339
541.28450001,0.07716142
541.51094533,0.07961957
541.73740371,0.07668632
541.96387515,0.07391832
542.19035965,0.06664716
542.41685719,0.07488919
542.64336779,0.07352584
542.86989144,0.07459999
543.09642813,0.06447820
543.32297786,0.06960107
543.54954063,0.06648190
543.77611643,0.07488919
544.00270527,0.07073719
544.22930714,0.07614924
544.45592204,0.07079916
544.68254996,0.07261695
544.90919091,0.06720489
545.13584487,0.07317468
545.36251185,0.06955975
545.58919184,0.06666781
545.81588485,0.06363128
546.04259086,0.06367259
546.26930988,0.06166889
546.49604191,0.06400310
546.72278693,0.05956191
546.94954495,0.05997504
547.17631596,0.05987176
547.40309997,0.05834316
547.62989696,0.05584370
547.85670694,0.06449886
548.08352991,0.06691569
548.31036585,0.05605026
548.53721477,0.05724835
548.76407667,0.06249516
548.99095154,0.05842579
549.21783938,0.05609158
549.44474018,0.05499677
549.67165395,0.05753755
549.89858069,0.05704179
550.12552038,0.05400525
550.35247302,0.05189827
550.57943862,0.05373671
550.80641717,0.05208418
551.03340866,0.05782674
551.26041310,0.06177217
551.48743048,0.06059474
551.71446081,0.06617205
551.94150406,0.06991092
552.16856025,0.07028274
552.39562937,0.07090244
552.62271142,0.06809313
552.84980640,0.06924990
553.07691429,0.06724620
553.30403511,0.07050996
553.53116884,0.07796704
553.75831549,0.07449671
553.98547505,0.07912381
554.21264752,0.07941301
554.43983289,0.07449671
554.66703116,0.07645910
554.89424234,0.07924775
555.12146641,0.07951629
555.34870338,0.07672763
555.57595324,0.08346172
555.80321599,0.08242888
556.03049162,0.08071438
556.25778014,0.07604596
556.48508154,0.08263545
556.71239582,0.08360632
556.93972297,0.07786375
557.16706300,0.07373241
557.39441589,0.07441408
557.62178165,0.07761587
557.84916028,0.06681241
558.07655177,0.07364978
558.30395611,0.07290614
558.53137331,0.07133623
558.75880337,0.07443474
558.98624627,0.07426948
559.21370202,0.06798984
559.44117062,0.06104919
559.66865206,0.06499462
559.89614634,0.06408573
560.12365345,0.06162758
560.35117340,0.06354865
560.57870618,0.06109050
560.80625179,0.05656668
561.03381022,0.05883892
561.26138148,0.05811594
561.48896555,0.05863235
561.71656244,0.05980979
561.94417215,0.05561647
562.17179467,0.05417050
562.39942999,0.05648406
562.62707812,0.05712441
562.85473906,0.05846710
563.08241279,0.06090459
563.31009933,0.05530662
563.53779866,0.06162758
563.76551078,0.05621552
563.99323568,0.06111116
564.22097338,0.05978913
564.44872386,0.05755820
564.67648712,0.06156561
564.90426316,0.06164823
565.13205197,0.06270173
565.35985356,0.06266041
565.58766792,0.06615140
565.81549504,0.06629599
566.04333493,0.07115032
566.27118758,0.06127641
566.49905298,0.06261910
566.72693115,0.06687438
566.95482207,0.06937384
567.18272573,0.06759737
567.41064215,0.07350519
567.63857131,0.07441408
567.86651321,0.07431080
568.09446785,0.06962172
568.32243523,0.07577742
568.55041534,0.07315402
568.77840819,0.07670698
569.00641376,0.07181134
569.23443206,0.07761587
569.46246308,0.07619056
569.69050682,0.07809098
569.91856327,0.07893790
570.14663244,0.07455868
570.37471433,0.07532298
570.60280892,0.08073503
570.83091622,0.07858674
571.05903622,0.08261480
571.28716892,0.08123080
571.51531432,0.08577527
571.74347241,0.08802685
571.97164320,0.08445324
572.19982667,0.08209838
572.42802284,0.08437062
572.65623168,0.08620906
572.88445321,0.09087748
573.11268742,0.08790291
573.34093430,0.08674614
573.56919385,0.09325300
573.79746608,0.09135258
574.02575097,0.09901622
574.25404853,0.09531867
574.48235874,0.10050351
574.71068162,0.10168094
574.93901715,0.09932607
575.16736534,0.10496536
575.39572618,0.10149503
575.62409966,0.10711365
575.85248579,0.10066876
576.08088456,0.10013169
576.30929597,0.10271378
576.53772002,0.10075139
576.76615671,0.10258984
576.99460602,0.11118303
577.22306796,0.10816715
577.45154253,0.11415759
577.68002972,0.11163747
577.90852953,0.10955115
578.13704196,0.10992297
578.36556700,0.11799974
578.59410465,0.11680165
578.82265492,0.11952834
579.05121779,0.12330852
579.27979326,0.12260619
579.50838133,0.11942505
579.73698201,0.11981753
579.96559527,0.11775186
580.19422113,0.11589276
580.42285958,0.11302147
580.65151062,0.11407497
580.88017424,0.11547962
581.10885044,0.11415759
581.33753922,0.11820631
581.56624057,0.11019150
581.79495450,0.11446744
582.02368100,0.10729957
582.25242007,0.10719628
582.48117170,0.11114171
582.70993589,0.11153419
582.93871264,0.11103843
583.16750195,0.10484142
583.39630381,0.10217670
583.62511822,0.10242458
583.85394518,0.10500667
584.08278469,0.10624607
584.31163674,0.10676249
584.54050133,0.10467616
584.76937845,0.10436631
584.99826811,0.10234195
585.22717030,0.10275509
585.45608502,0.10046219
585.68501226,0.10723760
585.91395203,0.11062530
586.14290432,0.11735938
586.37186912,0.11397168
586.60084644,0.11806171
586.82983628,0.12109825
587.05883862,0.12262685
587.28785347,0.12235831
587.51688082,0.12907174
587.74592067,0.12508499
587.97497302,0.12355640
588.20403787,0.11930111
588.43311520,0.12605586
588.66220503,0.12921634
588.89130735,0.12923699
589.12042215,0.13169514
589.34954943,0.13663210
589.57868919,0.12993932
589.80784142,0.13547532
590.03700613,0.13500022
590.26618331,0.13818135
590.49537296,0.14076344
590.72457507,0.13462839
590.95378964,0.13564057
591.18301667,0.12967078
591.41225616,0.13078625
591.64150811,0.12934028
591.87077250,0.13617765
592.10004934,0.12936093
592.32933863,0.13068296
592.55864036,0.12494040
592.78795453,0.11944571
593.01728114,0.12440332
593.24662018,0.12258553
593.47597165,0.12021001
593.70533555,0.12157335
593.93471188,0.12380428
594.16410063,0.11614064
594.39350180,0.11448810
594.62291539,0.11465335
594.85234140,0.11593407
595.08177981,0.12047855
595.31123064,0.11289753
595.54069387,0.11857813
595.77016951,0.11855747
595.99965755,0.11339330
596.22915798,0.11483926
596.45867081,0.11095580
596.68819604,0.11686362
596.91773365,0.10998494
597.14728365,0.10942721
597.37684603,0.10647330
597.60642080,0.10909670
597.83600795,0.11318673
598.06560747,0.12023067
598.29521936,0.11298016
598.52484363,0.11940440
598.75448026,0.11934243
598.98412926,0.11562422
599.21379062,0.11595473
599.44346434,0.11262900
599.67315042,0.10897276
599.90284885,0.10581228
600.13255963,0.11124500
600.36228276,0.10519258
600.59201824,0.10077204
600.82176606,0.10401515
601.05152622,0.10634936
601.28129871,0.10234195
601.51108354,0.10318888
601.74088070,0.10250721
601.97069019,0.09907819
602.20051201,0.09835521
602.43034615,0.10190816
602.66019261,0.10585360
602.89005139,0.10744416
603.11992249,0.10928261
603.34980589,0.11696691
603.57970161,0.11411628
603.80960963,0.11390971
604.03952996,0.11804106
604.26946259,0.12779102
604.49940751,0.13142660
604.72936474,0.12706804
604.95933425,0.12839007
605.18931606,0.13105478
605.41931015,0.13002195
605.64931653,0.13194302
605.87933519,0.13105478
606.10936612,0.14313896
606.33940934,0.14061884
606.56946483,0.15759866
606.79953259,0.15679305
607.02961261,0.16933167
607.25970490,0.17592116
607.48980946,0.18759220
607.71992627,0.19938718
607.95005534,0.21126479
608.18019667,0.22115936
608.41035024,0.23402849
608.64051607,0.25059517
608.87069414,0.26720317
609.10088445,0.27325558
609.33108700,0.28556698
609.56130179,0.29909713
609.79152882,0.31760554
610.02176808,0.33406894
610.25201956,0.34129879
610.48228328,0.36455825
610.71255921,0.36511598
610.94284737,0.38219908
611.17314775,0.37176744
611.40346034,0.36240995
611.63378514,0.34989198
611.86412215,0.33338727
612.09447137,0.32210871
612.32483280,0.31896889
612.55520642,0.29653570
612.78559225,0.28091922
613.01599027,0.25842407
613.24640048,0.24991350
613.47682288,0.23894479
613.70725747,0.23297500
613.93770425,0.21192581
614.16816321,0.20649309
614.39863434,0.20244438
614.62911766,0.19639196
614.85961314,0.19298360
615.09012080,0.19017429
615.32064063,0.18046564
615.55117262,0.18061023
615.78171677,0.18089943
616.01227308,0.17220295
616.24284156,0.16416749
616.47342218,0.15896200
616.70401496,0.15666911
616.93461988,0.14824117
617.16523695,0.14475018
617.39586617,0.13022851
617.62650752,0.13035246
617.85716101,0.12012738
618.08782664,0.11750398
618.31850440,0.10473813
618.54919429,0.10612213
618.77989630,0.09967724
619.01061044,0.09304643
619.24133670,0.08131342
619.47207508,0.08339975
619.70282557,0.07391832
619.93358818,0.07734733
620.16436289,0.06334208
620.39514972,0.06332143
620.62594864,0.05530662
620.85675967,0.05598829
621.08758280,0.05495546
621.31841802,0.05084477
621.54926534,0.04739510
621.78012475,0.04458579
622.01099624,0.04349098
622.24187982,0.04185910
622.47277549,0.04338770
622.70368323,0.04113612
622.93460305,0.03632311
623.16553494,0.03698412
623.39647890,0.03504239
623.62743493,0.03388561
623.85840303,0.03231570
624.08938319,0.03464991
624.32037541,0.03522830
624.55137968,0.03500108
624.78239602,0.02975427
625.01342440,0.02874209
625.24446483,0.02762663
625.47551731,0.03055988
625.70658183,0.02956836
625.93765839,0.03051857
626.16874699,0.03091105
626.39984763,0.02665576
626.63096029,0.03415415
626.86208499,0.03268752
627.09322171,0.03626114
627.32437046,0.04022722
627.55553123,0.03989672
627.78670401,0.04307785
628.01788882,0.04944012
628.24908563,0.05348883
628.48029446,0.05123725
628.71151529,0.05462495
628.94274813,0.06257779
629.17399296,0.06784525
629.40524980,0.07402160
629.63651863,0.07249301
629.86779946,0.07749193
630.09909228,0.08176787
630.33039709,0.08596118
630.56171388,0.09695055
630.79304265,0.09269527
631.02438340,0.09670267
631.25573613,0.10261049
631.48710084,0.10395318
631.71847751,0.10961312
631.94986615,0.12128416
632.18126676,0.13208762
632.41267933,0.13570254
632.64410387,0.13452511
632.87554035,0.14111460
633.10698880,0.14776606
633.33844919,0.14636141
633.56992154,0.14865430
633.80140583,0.15774325
634.03290207,0.15828033
634.26441024,0.15381848
634.49593035,0.15695830
634.72746240,0.15456212
634.95900638,0.15770194
635.19056229,0.16745191
635.42213013,0.18108534
635.65370989,0.18984378
635.88530158,0.19628868
636.11690518,0.20932306
636.34852069,0.22628222
636.58014812,0.24357189
636.81178746,0.25836209
637.04343871,0.26026251
637.27510187,0.26139863
637.50677692,0.26604639
637.73846387,0.26751302
637.97016272,0.27660197
638.20187347,0.27713905
638.43359610,0.26348496
638.66533062,0.25307398
638.89707703,0.25096699
639.12883532,0.24039076
639.36060549,0.24274562
639.59238754,0.23879094
639.82418146,0.24492277
640.05598725,0.23515001
640.28780491,0.22883429
640.51963444,0.22776270
640.75147583,0.21240440
640.98332908,0.21391148
641.21519419,0.20711746
641.44707115,0.20094677
641.67895997,0.19711788
641.91086063,0.18605303
642.14277314,0.18726821
642.37469750,0.17903785
642.60663369,0.17944373
642.83858172,0.17936875
643.07054159,0.17839360
643.30251329,0.16659381
643.53449683,0.16849247
643.76649218,0.16288234
643.99849937,0.15963554
644.23051837,0.16501158
644.46254919,0.16064038
644.69459183,0.15996047
644.92664628,0.15159174
645.15871254,0.15106104
645.39079061,0.14298718
645.62288049,0.14628890
645.85498217,0.13677916
646.08709564,0.14056469
646.31922091,0.13936172
646.55135798,0.13785078
646.78350684,0.14265227
647.01566748,0.14125667
647.24783991,0.13399538
647.48002413,0.13506999
647.71222012,0.13369791
647.94442789,0.14000275
648.17664744,0.13908353
648.40887875,0.14247886
648.64112184,0.13572498
648.87337669,0.13478419
649.10564331,0.12532038
649.33792168,0.13775083
649.57021181,0.13193913
649.80251370,0.12504320
650.03482734,0.12609296
650.26715273,0.12463231
650.49948987,0.12258127
650.73183875,0.12252250
650.96419937,0.11456602
651.19657173,0.11296278
651.42895582,0.11483015
651.66135165,0.11462919
651.89375921,0.11019847
652.12617849,0.11678449
652.35860950,0.12153652
652.59105224,0.12284434
652.82350669,0.12552421
653.05597285,0.12966052
653.28845073,0.13052298
653.52094032,0.12510758
653.75344162,0.13911698
653.98595462,0.14350737
654.21847933,0.14414916
654.45101573,0.13804001
654.68356383,0.14693113
654.91612363,0.15014628
655.14869511,0.14021514
655.38127829,0.15393500
655.61387315,0.15009225
655.84647969,0.14890482
656.07909792,0.15280719
656.31172782,0.15041506
656.54436939,0.15030769
656.77702264,0.14972864
657.00968756,0.15241336
657.24236414,0.15854896
657.47505238,0.16914722
657.70775229,0.16024630
657.94046385,0.15931632
658.17318707,0.16366649
658.40592195,0.15564916
658.63866847,0.15364505
658.87142663,0.16376062
659.10419645,0.15809735
659.33697790,0.15861321
659.56977099,0.16809975
659.80257572,0.16308563
660.03539208,0.16066647
660.26822007,0.16397809
660.50105969,0.16168198
660.73391093,0.16261775
660.96677380,0.15782730
661.19964828,0.16673742
661.43253438,0.16372688
661.66543209,0.15943750
661.89834142,0.16250126
662.13126235,0.15726039
662.36419489,0.16561813
662.59713903,0.18390907
662.83009477,0.17329687
663.06306210,0.17052381
663.29604103,0.18094105
663.52903155,0.18497222
663.76203367,0.17973599
663.99504736,0.17794702
664.22807264,0.18188073
664.46110950,0.17808758
664.69415794,0.18398526
664.92721795,0.17539654
665.16028953,0.17460847
665.39337269,0.18356767
665.62646740,0.18200232
665.85957369,0.17495130
666.09269153,0.16929139
666.32582093,0.16728925
666.55896189,0.17535507
666.79211440,0.17164522
667.02527846,0.17664415
667.25845406,0.16520033
667.49164121,0.16381633
667.72483991,0.16815424
667.95805014,0.17067436
668.19127190,0.16495245
668.42450520,0.16540689
668.65775003,0.15850755
668.89100639,0.16900116
669.12427427,0.17282265
669.35755368,0.17046779
669.59084460,0.16612988
669.82414704,0.16997203
670.05746099,0.16844343
670.29078646,0.16191591
670.52412343,0.15069932
670.75747191,0.15571890
670.99083189,0.14929466
671.22420337,0.14301502
671.45758635,0.14714636
671.69098082,0.14586565
671.92438678,0.14373800
672.15780424,0.14830314
672.39123317,0.13597108
672.62467360,0.14028833
672.85812550,0.13677669
673.09158888,0.14247794
673.32506373,0.12952619
673.55855006,0.13165383
673.79204785,0.13119938
674.02555712,0.13229419
674.25907784,0.12741920
674.49261003,0.13640487
674.72615367,0.13217025
674.95970878,0.13427723
675.19327533,0.13466971
675.42685333,0.14169299
675.66044278,0.13772690
675.89404368,0.14921203
676.12765601,0.14758015
676.36127979,0.14997633
676.59491500,0.15235185
676.82856165,0.14611353
677.06221972,0.14431639
677.29588922,0.14836511
677.52957015,0.15053406
677.76326250,0.15299221
677.99696627,0.14712570
678.23068146,0.15852821
678.46440806,0.15361191
678.69814607,0.14772475
678.93189549,0.14605156
679.16565631,0.14671257
679.39942854,0.14245729
679.63321217,0.14466756
679.86700720,0.14667126
680.10081361,0.14353144
680.33463143,0.14398588
680.56846063,0.14778672
680.80230121,0.14520463
681.03615318,0.15385979
681.27001653,0.15856952
681.50389126,0.16453931
681.73777736,0.16131687
681.97167484,0.15489263
682.20558368,0.16379567
682.43950390,0.16199854
682.67343547,0.15832164
682.90737841,0.16447734
683.14133270,0.15883806
683.37529836,0.15456212
683.60927536,0.15148427
683.84326371,0.15441752
684.07726341,0.15590481
684.31127446,0.15873478
684.54529685,0.15757800
684.77933057,0.16199854
685.01337564,0.16825752
685.24743203,0.17420665
685.48149976,0.18313035
685.71557881,0.19608211
685.94966919,0.20279554
686.18377090,0.20893058
686.41788392,0.22144855
686.65200826,0.22467100
686.88614391,0.22516676
687.12029088,0.22206825
687.35444915,0.21446658
687.58861873,0.21578861
687.82279961,0.20494384
688.05699179,0.20079184
688.29119527,0.18786074
688.52541004,0.19294229
688.75963611,0.19201274
688.99387346,0.19205405
689.22812210,0.19203340
689.46238203,0.19973835
689.69665323,0.19391316
689.93093571,0.21083100
690.16522947,0.21446658
690.39953450,0.21659422
690.63385080,0.22266730
690.86817837,0.22661273
691.10251720,0.23652795
691.33686730,0.23152903
691.57122865,0.22832724
691.80560125,0.23026897
692.03998511,0.23194216
692.27438023,0.23489607
692.50878658,0.23018634
692.74320419,0.22838921
692.97763303,0.23280974
693.21207312,0.23590825
693.44652444,0.23437965
693.68098699,0.24072126
693.91546077,0.24408831
694.14994579,0.24210526
694.38444203,0.23729225
694.61894949,0.24976890
694.85346817,0.25295004
695.08799806,0.25536687
695.32253918,0.25379696
695.55709150,0.26453845
695.79165503,0.27021905
696.02622977,0.26592245
696.26081571,0.26935147
696.49541285,0.26491027
696.73002119,0.25747386
696.96464072,0.25588329
697.19927145,0.25164866
697.43391336,0.24561690
697.66856647,0.24266299
697.90323075,0.23483410
698.13790622,0.23479279
698.37259286,0.23983302
698.60729068,0.24165082
698.84199967,0.24208461
699.07671984,0.24326204
699.31145117,0.24916986
699.54619366,0.25885786
699.78094731,0.26199768
700.01571213,0.28209666
700.25048810,0.28325343
700.48527522,0.29044197
700.72007349,0.29391230
700.95488292,0.29554418
701.18970348,0.30139002
701.42453519,0.30145199
701.65937804,0.29730000
701.89423202,0.29982011
702.12909714,0.30031588
702.36397339,0.29899385
702.59886077,0.29354047
702.83375927,0.28872746
703.06866889,0.28709558
703.30358964,0.27583767
703.53852150,0.26761630
703.77346448,0.26393941
704.00841857,0.24301416
704.24338376,0.24344795
704.47836007,0.23150837
704.71334748,0.22144855
704.94834598,0.20934372
705.18335559,0.21027327
705.41837629,0.19835435
705.65340808,0.19837501
705.88845096,0.20376641
706.12350493,0.21696605
706.35856998,0.21052115
706.59364612,0.21839136
706.82873333,0.22733571
707.06383161,0.24169213
707.29894097,0.25115290
707.53406141,0.26784353
707.76919290,0.27808925
708.00433546,0.30279468
708.23948909,0.30721522
708.47465377,0.32535181
708.70982951,0.31948530
708.94501630,0.33330464
709.18021414,0.32758273
709.41542303,0.32853294
709.65064297,0.32632268
709.88587395,0.31568447
710.12111597,0.31611826
710.35636902,0.29794035
710.59163311,0.28496794
710.82690823,0.28284030
711.06219437,0.27408185
711.29749155,0.26951672
711.53279974,0.25594526
711.76811896,0.25600723
712.00344920,0.25534622
712.23879044,0.26073762
712.47414270,0.26150192
712.70950597,0.25586263
712.94488025,0.25497439
713.18026553,0.26573654
713.41566181,0.26280329
713.65106908,0.26862848
713.88648736,0.26866979
714.12191662,0.26007660
714.35735688,0.25780436
714.59280812,0.26137797
714.82827034,0.25755648
715.06374355,0.25720532
715.29922774,0.25910574
715.53472290,0.26024186
715.77022903,0.25292938
716.00574614,0.25751517
716.24127421,0.25385893
716.47681324,0.24456341
716.71236324,0.24070061
716.94792420,0.24338598
717.18349611,0.22462969
717.41907898,0.22929810
717.65467280,0.21781297
717.89027757,0.21589190
718.12589328,0.21909369
718.36151993,0.20457202
718.59715752,0.20395232
718.83280605,0.19990360
719.06846552,0.18860438
719.30413591,0.19684641
719.53981724,0.18631149
719.77550949,0.18416319
720.01121266,0.18401859
720.24692676,0.18585704
720.48265177,0.19188880
720.71838769,0.19120713
720.95413453,0.18777811
721.18989228,0.19422301
721.42566093,0.19525584
721.66144049,0.20130826
721.89723095,0.20056462
722.13303231,0.20781512
722.36884456,0.20963291
722.60466770,0.22027112
722.84050173,0.21661488
723.07634666,0.21006670
723.31220246,0.21188449
723.54806915,0.21130611
723.78394671,0.20690623
724.01983515,0.19903602
724.25573447,0.19955244
724.49164465,0.20548091
724.72756571,0.20362181
724.96349762,0.20370444
725.19944040,0.21078969
725.43539404,0.20696820
725.67135854,0.20851745
725.90733388,0.20254766
726.14332008,0.20791841
726.37931713,0.20659638
726.61532503,0.20736067
726.85134376,0.20942635
727.08737334,0.21901106
727.32341375,0.21264879
727.55946500,0.21727590
727.79552708,0.21739984
728.03159998,0.21876318
728.26768372,0.21940354
728.50377827,0.23557774
728.73988365,0.23714765
728.97599985,0.23609416
729.21212686,0.24625726
729.44826468,0.25317726
729.68441331,0.25195851
729.92057275,0.25024401
730.15674299,0.25602789
730.39292403,0.26559194
730.62911587,0.24939708
730.86531851,0.24363386
731.10153194,0.23152903
731.33775616,0.21870121
731.57399117,0.20335327
731.81023696,0.18587770
732.04649353,0.18368808
732.28276088,0.16836080
732.51903901,0.16286612
732.75532791,0.16092439
732.99162758,0.15191806
733.22793802,0.14353144
733.46425923,0.14028833
733.70059119,0.13564057
733.93693392,0.12965013
734.17328740,0.12481646
734.40965164,0.12107759
734.64602662,0.12291604
734.88241236,0.12446529
735.11880884,0.12781168
735.35521607,0.12859663
735.59163403,0.12774971
735.82806273,0.14245729
736.06450217,0.15001764
736.30095234,0.15702027
736.53741323,0.16334122
736.77388486,0.18484486
737.01036720,0.19341739
737.24686027,0.20994276
737.48336406,0.22293584
737.71987856,0.23809786
737.95640377,0.26294788
738.19293969,0.26526144
738.42948632,0.27773809
738.66604365,0.28916125
738.90261169,0.29186728
739.13919042,0.31401128
739.37577985,0.31657271
739.61237997,0.32066274
739.84899078,0.31301975
740.08561228,0.30731850
740.32224446,0.30310453
740.55888732,0.28573224
740.79554087,0.28166287
741.03220509,0.27168567
741.26887998,0.25706072
741.50556555,0.24165082
741.74226178,0.22909154
741.97896868,0.22099410
742.21568624,0.20853811
742.45241446,0.19599948
742.68915333,0.18971984
742.92590286,0.18808796
743.16266304,0.18480355
743.39943387,0.18094074
743.63621535,0.17740844
743.87300747,0.17732582
744.10981023,0.17199639
744.34662363,0.17086027
744.58344766,0.17536343
744.82028232,0.17937083
745.05712761,0.18145716
745.29398353,0.17656152
745.53085007,0.17063304
745.76772724,0.17067436
746.00461502,0.16470457
746.24151341,0.15995352
746.47842242,0.15419030
746.71534204,0.15898266
746.95227227,0.15766063
747.18921310,0.16022206
747.42616453,0.16323794
747.66312656,0.17055042
747.90009918,0.15898266
748.13708240,0.16885656
748.37407621,0.17466110
748.61108061,0.17614838
748.84809559,0.18515471
749.08512115,0.18327495
749.32215730,0.17490898
749.55920401,0.17765632
749.79626131,0.18296510
750.03332917,0.18246934
750.27040760,0.18610492
750.50749660,0.19232259
750.74459616,0.18761286
750.98170628,0.18523734
751.21882695,0.18728235
751.45595818,0.18127125
751.69309997,0.18740629
751.93025230,0.19137238
752.16741517,0.18653871
752.40458859,0.19240522
752.64177256,0.19399578
752.87896705,0.19856092
753.11617209,0.19955244
753.35338765,0.20907518
753.59061374,0.20874467
753.82785037,0.21587124
754.06509751,0.21651160
754.30235518,0.21967207
754.53962336,0.22593106
754.77690206,0.23468950
755.01419127,0.23944055
755.25149099,0.24652580
755.48880122,0.24660843
755.72612195,0.24332401
755.96345319,0.23975040
756.20079492,0.22766622
756.43814715,0.22752162
756.67550987,0.23101261
756.91288309,0.22039506
757.15026679,0.22467100
757.38766097,0.21785428
757.62506564,0.21382623
757.86248079,0.21847399
758.09990641,0.20839351
758.33734251,0.21085166
758.57478908,0.20632784
758.81224612,0.21283470
759.04971362,0.20684426
759.28719159,0.19866420
759.52468001,0.18845978
759.76217889,0.18344020
759.99968823,0.17571459
760.23720802,0.16261824
760.47473826,0.15931316
760.71227894,0.15526445
760.94983007,0.15024487
761.18739164,0.14931532
761.42496364,0.13638421
761.66254608,0.13778887
761.90013895,0.14295305
762.13774226,0.14644403
762.37535598,0.14229203
762.61298014,0.13975126
762.85061471,0.14035030
763.08825970,0.14578302
763.32591511,0.14910875
763.56358093,0.14774541
763.80125716,0.15584284
764.03894380,0.16011878
764.27664084,0.17061239
764.51434829,0.17280200
764.75206613,0.18036235
764.98979437,0.17800749
765.22753300,0.17546671
765.46528203,0.18255196
765.70304144,0.18358480
765.94081124,0.18065155
766.17859142,0.18538193
766.41638197,0.19416104
766.65418291,0.18852175
766.89199422,0.19104187
767.12981590,0.19135172
767.36764795,0.18852175
767.60549036,0.19108319
767.84334314,0.18982313
768.08120628,0.18682790
768.31907977,0.18470026
768.55696362,0.18823256
768.79485782,0.18786074
769.03276238,0.18488617
769.27067727,0.18441107
769.50860251,0.17904032
769.74653809,0.18777811
769.98448401,0.18505143
770.22244027,0.18678659
770.46040685,0.19612342
770.69838377,0.19546241
770.93637101,0.20011017
771.17436858,0.20893058
771.41237647,0.21909369
771.65039468,0.23111589
771.88842320,0.23107458
772.12646204,0.23305762
772.36451118,0.22246073
772.60257064,0.21618109
772.84064039,0.21149202
773.07872045,0.21667685
773.31681081,0.20353918
773.55491147,0.20011017
773.79302242,0.20372509
774.03114366,0.19864354
774.26927519,0.19180617
774.50741700,0.18990575
774.74556910,0.18261393
774.98373147,0.18180832
775.22190413,0.18550587
775.46008705,0.18075483
775.69828025,0.18509274
775.93648372,0.18715841
776.17469745,0.18680725
776.41292145,0.19438826
776.65115570,0.19095925
776.88940022,0.20110169
777.12765499,0.20413823
777.36592001,0.20308474
777.60419528,0.20368378
777.84248079,0.20254766
778.08077655,0.20628653
778.31908256,0.20465465
778.55739879,0.20893058
778.79572527,0.21781297
779.03406198,0.21483840
779.27240891,0.21058312
779.51076608,0.20603865
779.74913346,0.21306193
779.98751107,0.20397297
780.22589890,0.22871971
780.46429695,0.20849679
780.70270520,0.20855876
780.94112367,0.19519387
781.17955235,0.20839351
781.41799123,0.19312820
781.65644031,0.19451220
781.89489959,0.18664199
782.13336907,0.19316951
782.37184874,0.17728450
782.61033861,0.17565262
782.84883866,0.17400009
783.08734890,0.16926970
783.32586931,0.16505573
783.56439991,0.16486982
783.80294069,0.16340319
784.04149164,0.16218445
784.28005276,0.16243233
784.51862406,0.16931101
784.75720551,0.16222576
784.99579713,0.16148212
785.23439891,0.15927185
785.47301085,0.15898266
785.71163295,0.15396308
785.95026519,0.15350863
786.18890759,0.14904678
786.42756013,0.14305633
786.66622282,0.13105478
786.90489564,0.13634290
787.14357861,0.12491974
787.38227171,0.12665490
787.62097494,0.12198649
787.85968831,0.12262685
788.09841180,0.11936308
788.33714541,0.12297801
788.57588915,0.11808237
788.81464301,0.12021001
789.05340698,0.12644834
789.29218106,0.12865860
789.53096526,0.13508284
789.76975956,0.13274863
790.00856397,0.13590911
790.24737848,0.14627878
790.48620309,0.14563842
790.72503780,0.16127555
790.96388260,0.16224642
791.20273749,0.16865000
791.44160247,0.16918707
791.68047754,0.16666695
791.91936269,0.16011878
792.15825792,0.16106898
792.39716323,0.15615269
792.63607861,0.14919138
792.87500406,0.15530576
793.11393958,0.16055257
793.35288517,0.15666911
793.59184082,0.16377501
793.83080653,0.15697896
794.06978230,0.15704093
794.30876813,0.16090373
794.54776401,0.15840427
794.78676993,0.15036881
795.02578591,0.15540905
795.26481193,0.15654517
795.50384798,0.15010027
795.74289408,0.14551448
795.98195022,0.14712570
796.22101638,0.14253991
796.46009258,0.13997848
796.69917880,0.13663210
796.93827505,0.13601239
797.17738132,0.13363687
797.41649761,0.13055902
797.65562392,0.13991651
797.89476024,0.13477299
798.13390657,0.13167448
798.37306290,0.13508284
798.61222925,0.12252356
798.85140559,0.12448595
799.09059194,0.12345311
799.32978828,0.13659078
799.56899462,0.12035461
799.80821094,0.12783234
800.04743726,0.12479580
800.28667356,0.12252356
800.52591985,0.12025132
800.76517611,0.12363902
801.00444236,0.12039592
801.24371857,0.11353789
801.48300476,0.11983819
801.72230092,0.11830959
801.96160705,0.11727676
802.20092314,0.12551878
802.44024919,0.13303783
802.67958519,0.14683651
802.91893116,0.14284977
803.15828707,0.15388045
803.39765294,0.16697680
803.63702875,0.17782158
803.87641450,0.17207901
804.11581020,0.18459698
804.35521584,0.18476223
804.59463141,0.18372940
804.83405692,0.17744976
805.07349235,0.18222146
805.31293772,0.18517537
805.55239300,0.18025907
805.79185821,0.19170289
806.03133334,0.19994492
806.27081839,0.19230193
806.51031335,0.19717692
806.74981822,0.20826957
806.98933300,0.21171924
807.22885768,0.21326849
807.46839227,0.21892843
807.70793675,0.22097345
807.94749114,0.21936222
808.18705542,0.20853811
808.42662959,0.22438180
808.66621364,0.21998193
808.90580759,0.21985799
809.14541141,0.21760640
809.38502512,0.20227912
809.62464871,0.20426217
809.86428217,0.20366312
810.10392550,0.19544175
810.34357870,0.18141585
810.58324177,0.17292594
810.82291470,0.16321728
811.06259749,0.14840642
811.30229015,0.14439902
811.54199265,0.12993932
811.78170501,0.12093299
812.02142722,0.10913801
812.26115928,0.09893360
812.50090118,0.09602100
812.74065292,0.08482506
812.98041450,0.07821492
813.22018592,0.07718208
813.45996717,0.06708095
813.69975825,0.06443689
813.93955916,0.06166889
814.17936989,0.06135904
814.41919045,0.05402591
814.65902083,0.05927271
814.89886102,0.04979128
815.13871102,0.05545122
815.37857084,0.05191892
815.61844047,0.05270388
815.85831990,0.05117528
816.09820913,0.05198089
816.33810817,0.05227009
816.57801700,0.05381934
816.81793562,0.05222877
817.05786404,0.05012179
817.29780225,0.04580454
817.53775024,0.04844859
817.77770801,0.05268322
818.01767557,0.04851057
818.25765290,0.04954340
818.49764001,0.05293110
818.73763689,0.05642209
818.97764354,0.05677325
819.21765996,0.06466411
819.45768614,0.06142101
819.69772209,0.06065671
819.93776779,0.06786590
820.17782324,0.06094591
820.41788845,0.06546973
820.65796341,0.06363128
820.89804812,0.06288764
821.13814257,0.06960107
821.37824677,0.07383569
821.61836070,0.07674829
821.85848437,0.07807032
822.09861777,0.08755175
822.33876090,0.09443043
822.57891376,0.09575246
822.81907635,0.10046219
823.05924866,0.11050136
823.29943069,0.12969144
823.53962243,0.13871842
823.77982389,0.15534708
824.02003506,0.17284331
824.26025594,0.19366528
824.50048652,0.21642897
824.74072681,0.23066145
824.98097680,0.24991350
825.22123648,0.26232818
825.46150586,0.28980161
825.70178493,0.28197272
825.94207369,0.29238370
826.18237214,0.30353832
826.42268027,0.31093343
826.66299808,0.31357748
826.90332557,0.32367862
827.14366273,0.31808065
827.38400957,0.31921677
827.62436608,0.31006584
827.86473225,0.30868184
828.10510809,0.29911779
828.34549359,0.28461677
828.58588874,0.27668460
828.82629356,0.27401988
829.06670802,0.25650299
829.30713214,0.25241296
829.54756590,0.24194001
829.78800931,0.24937643
830.02846236,0.24146491
830.26892505,0.23921332
830.50939738,0.22878168
830.74987934,0.22541464
830.99037093,0.21859793
831.23087215,0.21101691
831.47138299,0.20744330
831.71190346,0.20655506
831.95243355,0.19672247
832.19297325,0.18940999
832.43352257,0.18089943
832.67408150,0.17895770
832.91465003,0.17470241
833.15522818,0.15733012
833.39581592,0.15313681
833.63641327,0.14832379
833.87702022,0.14229203
834.11763676,0.13289323
834.35826289,0.12684081
834.59889861,0.12667556
834.83954392,0.11180273
835.08019881,0.10261049
835.32086328,0.09763222
835.56153733,0.10112321
835.80222095,0.09224082
836.04291415,0.08127211
836.28361692,0.07364978
836.52432926,0.07356716
836.76505116,0.07185265
837.00578262,0.06995223
837.24652364,0.06379653
837.48727421,0.06148298
837.72803434,0.05764083
837.96880402,0.05687653
838.20958325,0.05280716
838.45037202,0.05741361
838.69117033,0.05592632
838.93197819,0.05722770
839.17279558,0.05293110
839.41362250,0.06189611
839.65445896,0.06319749
839.89530494,0.06373456
840.13616045,0.06208202
840.37702548,0.06249516
840.61790003,0.06782459
840.85878410,0.07020011
841.09967768,0.06472608
841.34058078,0.06482937
841.58149338,0.06243319
841.82241549,0.06115247
842.06334710,0.05869432
842.30428821,0.05720704
842.54523883,0.05507940
842.78619893,0.05307570
843.02716853,0.05043164
843.26814762,0.05051427
843.50913619,0.04299522
843.75013425,0.04801480
843.99114179,0.04873779
844.23215881,0.04807677
844.47318530,0.04613504
844.71422127,0.05925205
844.95526670,0.05144382
845.19632161,0.05326161
845.43738597,0.04822137
845.67845980,0.05557516
845.91954309,0.05450101
846.16063584,0.05322030
846.40173803,0.05689719
846.64284968,0.06309420
846.88397078,0.05976847
847.12510132,0.06385850
847.36624130,0.06836166
847.60739073,0.07278220
847.84854959,0.07333993
848.08971788,0.08015665
848.33089561,0.08350303
848.57208276,0.08792357
848.81327934,0.09317037
849.05448534,0.09302578
849.29570076,0.09498817
849.53692560,0.11027413
849.77815986,0.10639067
850.01940353,0.11200930
850.26065660,0.11159616
850.50191908,0.12078840
850.74319097,0.11698756
850.98447225,0.11870207
851.22576294,0.11928046
851.46706301,0.12262685
851.70837248,0.12601455
851.94969135,0.12783234
852.19101959,0.13640487
852.43235722,0.14983173
852.67370424,0.15363257
852.91506063,0.15739209
853.15642640,0.16226707
853.39780154,0.16590266
853.63918605,0.16767913
853.88057992,0.16846409
854.12198317,0.16982743
854.36339577,0.16920773
854.60481773,0.16255627
854.84624905,0.16263889
855.08768973,0.15567758
855.32913975,0.14567973
855.57059912,0.14582433
855.81206784,0.14919138
856.05354590,0.13438051
856.29503330,0.13902827
856.53653004,0.13745836
856.77803611,0.13768559
857.01955151,0.12512631
857.26107624,0.15084391
857.50261030,0.12180058
857.74415367,0.12099496
857.98570637,0.09998709
858.22726839,0.10550243
858.46883972,0.09947067
858.71042037,0.09818996
858.95201032,0.09273658
859.19360958,0.08761372
859.43521814,0.08428799
859.67683601,0.08296596
859.91846317,0.09785945
860.16009963,0.08141671
860.40174538,0.07984680
860.64340042,0.07771915
860.88506474,0.08001205
861.12673835,0.08302793
861.36842125,0.07788441
861.61011342,0.08147868
861.85181487,0.08224297
862.09352559,0.08573396
862.33524558,0.08941085
862.57697484,0.08755175
862.81871336,0.08936954
863.06046114,0.09333563
863.30221819,0.09040238
863.54398449,0.09348023
863.78576004,0.09298446
864.02754485,0.09434781
864.26933890,0.08992727
864.51114220,0.09523605
864.75295474,0.09379008
864.99477653,0.10325085
865.23660755,0.09854112
865.47844780,0.09021647
865.72029728,0.09058829
865.96215600,0.08841933
866.20402394,0.08594053
866.44590110,0.08689073
866.68778748,0.07705814
866.92968308,0.07955760
867.17158790,0.07949563
867.41350193,0.08203641
867.65542516,0.07871068
867.89735761,0.07652107
868.13929926,0.07860739
868.38125011,0.07854542
868.62321015,0.07798769
868.86517940,0.08606447
869.10715783,0.07846280
869.34914546,0.07716142
869.59114227,0.08449456
869.83314827,0.08631235
870.07516344,0.08705599
870.31718780,0.08304859
870.55922133,0.08168524
870.80126404,0.08213969
871.04331592,0.08602315
871.28537696,0.08687008
871.52744717,0.07842148
871.76952655,0.07889659
872.01161508,0.08100357
872.25371277,0.09077420
872.49581961,0.08988596
872.73793560,0.08521754
872.98006075,0.08364763
873.22219503,0.08829539
873.46433846,0.09011318
873.70649103,0.09651676
873.94865274,0.08943151
874.19082358,0.09091879
874.43300356,0.09358351
874.67519266,0.09246805
874.91739089,0.08434996
875.15959824,0.08294530
875.40181471,0.07612859
875.64404031,0.08116883
875.88627501,0.07621121
876.12851883,0.07311271
876.37077176,0.07317468
876.61303379,0.06869217
876.85530493,0.06867152
877.09758517,0.06263976
877.33987451,0.06330077
877.58217294,0.06759737
877.82448047,0.06974566
878.06679709,0.07342256
878.30912279,0.07065456
878.55145758,0.07011749
878.79380145,0.07592202
879.03615440,0.08067306
879.27851643,0.08383354
879.52088753,0.08046650
879.76326770,0.07395963
880.00565694,0.08271808
880.24805524,0.08480441
880.49046260,0.08622972
880.73287903,0.08538279
880.97530451,0.09358351
881.21773905,0.09275724
881.46018264,0.09073288
881.70263527,0.09779748
881.94509695,0.09141455
882.18756768,0.09467831
882.43004744,0.09277790
882.67253625,0.09901622
882.91503409,0.09575246
883.15754095,0.09207557
883.40005685,0.09058829
883.64258178,0.09255067
883.88511573,0.08668417
884.12765869,0.09058829
884.37021068,0.08213969
884.61277168,0.08389551
884.85534170,0.07660369
885.09792072,0.07552954
885.34050876,0.07307139
885.58310579,0.06962172
885.82571183,0.06883677
886.06832686,0.06230925
886.31095090,0.06710161
886.55358392,0.06253647
886.79622594,0.05776477
887.03887694,0.05592632
887.28153693,0.05565779
887.52420589,0.05615355
887.76688384,0.05555450
888.00957077,0.05070018
888.25226667,0.04487498
888.49497154,0.04646555
888.73768537,0.05014245
888.98040818,0.04696131
889.22313994,0.04183845
889.46588067,0.04720919
889.70863035,0.04338770
889.95138899,0.04309851
890.19415657,0.04487498
890.43693311,0.04142531
890.67971859,0.04099152
890.92251302,0.04299522
891.16531639,0.04095021
891.40812869,0.04212764
891.65094993,0.03971081
891.89378010,0.04309851
892.13661920,0.03944227
892.37946723,0.04642424
892.62232418,0.04596979
892.86519005,0.05202221
893.10806484,0.04764298
893.35094854,0.05262125
893.59384116,0.04960537
893.83674269,0.05454232
894.07965312,0.05377803
894.32257246,0.05417050
894.56550070,0.05429444
894.80843784,0.05764083
895.05138388,0.05588501
895.29433881,0.05861170
895.53730263,0.05443904
895.78027533,0.06036752
896.02325692,0.05204286
896.26624740,0.05538925
896.50924675,0.05350949
896.75225498,0.05739295
896.99527208,0.05392262
897.23829806,0.05778543
897.48133290,0.05735164
897.72437661,0.05452167
897.96742918,0.05462495
898.21049061,0.05332358
898.45356090,0.05237337
898.69664005,0.05297241
898.93972804,0.05342686
899.18282488,0.05487283
899.42593057,0.05803331
899.66904511,0.05590567
899.91216848,0.05871498
900.15530069,0.05675259
900.39844174,0.05673194
900.64159162,0.05216680
900.88475033,0.05677325
901.12791786,0.06716358
901.37109422,0.06305289
901.61427940,0.06602746
901.85747340,0.07296811
902.10067621,0.07253432
902.34388784,0.07445539
902.58710827,0.07658304
902.83033752,0.07678960
903.07357557,0.08420536
903.31682242,0.08490769
903.56007807,0.08883247
903.80334251,0.08771700
904.04661575,0.08914232
904.28989778,0.08901838
904.53318860,0.09484357
904.77648820,0.09255067
905.01979659,0.09926410
905.26311375,0.09757025
905.50643969,0.09969790
905.74977441,0.10281706
905.99311789,0.10374661
906.23647015,0.10273443
906.47983117,0.10490339
906.72320095,0.09868572
906.96657950,0.10300297
907.20996680,0.09965658
907.45336285,0.10118518
907.69676766,0.10215604
907.94018122,0.10254852
908.18360352,0.09870637
908.42703457,0.10655592
908.67047435,0.09513276
908.91392288,0.09521539
909.15738014,0.09298446
909.40084613,0.09124930
909.64432085,0.09203426
909.88780430,0.09155915
910.13129648,0.09147652
910.37479737,0.08881181
910.61830699,0.08408142
910.86182531,0.08418471
911.10535236,0.08013599
911.34888811,0.08544476
911.59243257,0.07092310
911.83598573,0.07697551
912.07954760,0.07600465
912.32311816,0.08003271
912.56669743,0.08118948
912.81028538,0.07802901
913.05388203,0.07705814
913.29748736,0.07980548
913.54110138,0.07526101
913.78472408,0.07662435
914.02835547,0.07550889
914.27199552,0.07563283
914.51564426,0.07327796
914.75930166,0.07092310
915.00296774,0.07344322
915.24664247,0.07674829
915.49032588,0.06970435
915.73401794,0.07238972
915.97771866,0.07030340
916.22142803,0.07550889
916.46514606,0.07662435
916.70887274,0.07769850
916.95260806,0.07329862
917.19635202,0.08209838
917.44010463,0.08187115
917.68386588,0.08936954
917.92763576,0.08660154
918.17141427,0.10141240
918.41520141,0.10610148
918.65899718,0.10775401
918.90280158,0.11502518
919.14661459,0.11919783
919.39043623,0.11514912
919.63426648,0.11812368
919.87810534,0.12167664
920.12195281,0.12931962
920.36580890,0.12622111
920.60967358,0.13764427
920.85354687,0.13564057
921.09742876,0.13710720
921.34131924,0.13423592
921.58521832,0.13626027
921.82912599,0.12956750
922.07304225,0.12593192
922.31696709,0.11174076
922.56090052,0.11105909
922.80484252,0.10197013
923.04879310,0.09527736
923.29275226,0.09000990
923.53671999,0.08517623
923.78069629,0.07445539
924.02468115,0.07718208
924.26867458,0.06621337
924.51267656,0.06142101
924.75668711,0.05483152
925.00070621,0.05344752
925.24473386,0.04551534
925.48877006,0.04212764
925.73281481,0.04111546
925.97686810,0.03442269
926.22092994,0.03198520
926.46500031,0.03103499
926.70907921,0.02394974
926.95316665,0.02523045
927.19726262,0.02380514
927.44136712,0.02308215
927.68548014,0.01797995
927.92960168,0.02101648
928.17373175,0.01669923
928.41787032,0.01913672
928.66201741,0.01905409
928.90617302,0.01630675
929.15033713,0.01525326
929.39450974,0.01624478
929.63869086,0.01554245
929.88288047,0.01696777
930.12707859,0.01738090
930.37128520,0.02425959
930.61550029,0.01855833
930.85972388,0.02231786
931.10395595,0.02198735
931.34819651,0.02349529
931.59244554,0.02570556
931.83670306,0.02630460
932.08096904,0.03142746
932.32524350,0.03192323
932.56952643,0.03458794
932.81381782,0.03814090
933.05811768,0.03485648
933.30242600,0.04278866
933.54674278,0.04028919
933.79106801,0.04830400
934.03540169,0.04623833
934.27974382,0.04382149
934.52409440,0.04935749
934.76845343,0.05406722
935.01282089,0.05061755
935.25719680,0.05685588
935.50158114,0.05675259
935.74597391,0.05697982
935.99037511,0.05460429
936.23478474,0.05092740
936.47920279,0.05198089
936.72362927,0.06208202
936.96806417,0.05113397
937.21250748,0.05561647
937.45695920,0.05770280
937.70141934,0.04776692
937.94588788,0.04506089
938.19036483,0.04640358
938.43485019,0.04846925
938.67934394,0.04415200
938.92384608,0.04382149
939.16835663,0.04652752
939.41287556,0.04787021
939.65740288,0.05245600
939.90193859,0.04706460
940.14648268,0.04805612
940.39103515,0.03969015
940.63559600,0.04214830
940.88016523,0.03942161
941.12474282,0.04165254
941.36932879,0.04146663
941.61392312,0.04524680
941.85852581,0.04384215
942.10313687,0.04097087
942.34775628,0.04138400
942.59238405,0.03787236
942.83702017,0.03752119
943.08166464,0.03946293
943.32631746,0.03834746
943.57097862,0.03838878
943.81564813,0.03776908
944.06032597,0.04030985
944.30501215,0.03840943
944.54970666,0.04088824
944.79440950,0.03838878
945.03912067,0.03834746
945.28384016,0.04152860
945.52856798,0.03632311
945.77330412,0.03855403
946.01804857,0.03217111
946.26280133,0.03264621
946.50756241,0.03305935
946.75233179,0.03417481
946.99710948,0.03549684
947.24189548,0.03570340
947.48668977,0.03355511
947.73149236,0.03630245
947.97630324,0.03103499
948.22112242,0.03380299
948.46594988,0.03250161
948.71078563,0.03122090
948.95562966,0.03900848
949.20048198,0.03078711
949.44534257,0.02969230
949.69021144,0.03091105
949.93508857,0.03089039
950.17997398,0.03151009
950.42486766,0.02698627
950.66976959,0.03262555
950.91467979,0.03006412
951.15959825,0.02948573
951.40452496,0.02688299
951.64945993,0.02729612
951.89440314,0.02781254
952.13935461,0.02194603
952.38431431,0.02157421
952.62928226,0.01851702
952.87425845,0.01911606
953.11924287,0.02347463
953.36423553,0.02008693
953.60923642,0.01762878
953.85424553,0.01839308
954.09926287,0.01756681
954.34428843,0.01391057
954.58932222,0.01426174
954.83436421,0.01638938
955.07941443,0.01358007
955.32447285,0.01147308
955.56953948,0.01531523
955.81461432,0.01548048
956.05969736,0.01300168
956.30478860,0.00849852
956.54988803,0.01219607
956.79499567,0.01139045
957.04011149,0.01153505
957.28523550,0.01017171
957.53036770,0.00934544
957.77550808,0.01232001
958.02065664,0.01201016
958.26581338,0.01155571
958.51097830,0.01316693
958.75615139,0.01399320
959.00133264,0.01767010
959.24652207,0.01246460
959.49171965,0.02039678
959.73692540,0.01977708
959.98213931,0.02004562
960.22736137,0.02089254
960.47259159,0.02368120
960.71782995,0.04952274
960.96307647,0.02609803
961.20833112,0.02764729
961.45359392,0.03126221
961.69886486,0.02731678
961.94414394,0.02890735
962.18943115,0.03066317
962.43472648,0.03115893
962.68002995,0.03611654
962.92534154,0.03683952
963.17066126,0.03264621
963.41598909,0.03518699
963.66132504,0.03634376
963.90666911,0.03729397
964.15202128,0.03601325
964.39738157,0.04402806
964.64274996,0.04156991
964.88812645,0.04603176
965.13351104,0.04276800
965.37890374,0.04535009
965.62430452,0.04671343
965.86971340,0.04423463
966.11513036,0.04485433
966.36055542,0.04605242
966.60598855,0.04361492
966.85142977,0.04138400
967.09687907,0.03925636
967.34233644,0.03956621
967.58780188,0.03913242
967.83327539,0.03557946
968.07875697,0.04047510
968.32424661,0.04743642
968.56974432,0.03876060
968.81525008,0.03859534
969.06076390,0.03956621
969.30628577,0.03797564
969.55181570,0.03830615
969.79735367,0.03855403
970.04289968,0.03326591
970.28845374,0.03332788
970.53401583,0.03714937
970.77958597,0.03900848
971.02516413,0.03735594
971.27075033,0.03506305
971.51634455,0.03537290
971.76194680,0.03816155
972.00755708,0.03308000
972.25317537,0.03593063
972.49880168,0.03553815
972.74443600,0.03392693
972.99007834,0.03456728
973.23572868,0.03849206
973.48138703,0.03826484
973.72705338,0.03894651
973.97272774,0.04076430
974.21841009,0.04481301
974.46410043,0.04489564
974.70979877,0.04235487
974.95550510,0.03950424
975.20121941,0.04097087
975.44694171,0.03675690
975.69267199,0.03508370
975.93841024,0.03609588
976.18415647,0.03896716
976.42991068,0.03737660
976.67567285,0.03450531
976.92144299,0.03258424
977.16722110,0.03086973
977.41300717,0.03834746
977.65880119,0.03398890
977.90460317,0.03349314
978.15041311,0.03690149
978.39623099,0.03256358
978.64205683,0.03456728
978.88789061,0.03498042
979.13373233,0.03733528
979.37958199,0.03115893
979.62543958,0.03012609
979.87130511,0.03495976
980.11717857,0.03626114
980.36305996,0.02934114
980.60894928,0.03144812
980.85484651,0.03082842
981.10075167,0.03355511
981.34666475,0.02934114
981.59258573,0.02849421
981.83851463,0.02382580
982.08445144,0.02793648
982.33039616,0.02376382
982.57634878,0.02109911
982.82230930,0.01961183
983.06827771,0.02382580
983.31425403,0.02438353
983.56023823,0.02111977
983.80623032,0.02240048
984.05223031,0.01839308
984.29823817,0.01924001
984.54425391,0.02101648
984.79027754,0.01481947
985.03630904,0.01921935
985.28234841,0.01680251
985.52839565,0.02161553
985.77445076,0.01841374
986.02051374,0.02328872
986.26658457,0.01696777
986.51266327,0.02582950
986.75874982,0.02442484
987.00484422,0.02283427
987.25094647,0.02692430
987.49705658,0.02407368
987.74317452,0.02580884
987.98930031,0.02316478
988.23543394,0.02665576
988.48157541,0.02248311
988.72772471,0.02558162
988.97388184,0.03033266
989.22004680,0.02456944
989.46621959,0.02853553
989.71240020,0.02680036
989.95858862,0.02803976
990.20478487,0.02489994
990.45098893,0.03531093
990.69720080,0.02878341
990.94342048,0.02907260
991.18964797,0.02229720
991.43588326,0.02520979
991.68212635,0.02438353
991.92837724,0.02304084
992.17463593,0.02264836
992.42090240,0.02145027
992.66717667,0.01944657
992.91345872,0.01851702
993.15974856,0.01682317
993.40604618,0.01880621
993.65235158,0.01688514
993.89866475,0.01721565
994.14498570,0.01663726
994.39131441,0.01481947
994.63765090,0.01833111
994.88399515,0.01593493
995.13034716,0.01653398
995.37670693,0.01705039
995.62307445,0.01372466
995.86944973,0.01033696
996.11583276,0.01075010
996.36222354,0.01643069
996.60862206,0.01628610
996.85502833,0.01579033
997.10144233,0.01405517
997.34786408,0.01355941
997.59429355,0.01277445
997.84073076,0.01391057
998.08717570,0.00866377
998.33362836,0.01091535
998.58008875,0.00992383
998.82655685,0.01415845
999.07303267,0.02163618
999.31951621,0.01756681
999.56600746,0.01339416
999.81250642,0.01467487
1000.05901309,0.01190687
1000.30552746,0.01519129
1000.55204953,0.01267117
1000.79857929,0.01508801
1001.04511676,0.01804192
1001.29166191,0.01808323
1001.53821476,0.01347678
1001.78477529,0.01719499
1002.03134351,0.01589362
1002.27791941,0.01719499
1002.52450299,0.01886818
1002.77109424,0.01657529
1003.01769317,0.01459225
1003.26429976,0.01643069
1003.51091403,0.01469553
1003.75753596,0.01632741
1004.00416555,0.01277445
1004.25080280,0.01965314
1004.49744771,0.01556311
1004.74410027,0.01304299
1004.99076048,0.01370401
1005.23742834,0.01178293
1005.48410384,0.01634807
1005.73078699,0.01215475
1005.97747778,0.01256789
1006.22417620,0.01161768
1006.47088226,0.01147308
1006.71759595,0.01190687
1006.96431727,0.01442699
1007.21104622,0.01105995
1007.45778279,0.01506735
1007.70452698,0.00839523
1007.95127879,0.01267117
1008.19803821,0.01079141
1008.44480524,0.01432371
1008.69157988,0.01508801
1008.93836213,0.01469553
1009.18515199,0.01037828
1009.43194944,0.01287774
1009.67875450,0.01349744
1009.92556715,0.00961398
1010.17238739,0.01574902
1010.41921522,0.01335284
1010.66605064,0.01382795
1010.91289364,0.01376598
1011.15974422,0.00926281
1011.40660239,0.01151440
1011.65346813,0.01068813
1011.90034144,0.01756681
1012.14722232,0.01345613
1012.39411078,0.01215475
1012.64100679,0.01316693
1012.88791037,0.01533589
1013.13482151,0.01339416
1013.38174020,0.01417911
1013.62866645,0.01876490
1013.87560025,0.02153290
1014.12254160,0.01797995
1014.36949049,0.02085123
1014.61644693,0.02568490
1014.86341091,0.01913672
1015.11038242,0.01917804
1015.35736147,0.02035547
1015.60434805,0.01967380
1015.85134216,0.01812454
1016.09834379,0.01824848
1016.34535295,0.01847571
1016.59236963,0.01950854
1016.83939383,0.01804192
1017.08642554,0.01762878
1017.33346476,0.01874424
1017.58051150,0.01969445
1017.82756574,0.01686448
1018.07462748,0.01461290
1018.32169673,0.02111977
1018.56877347,0.01486078
1018.81585771,0.01905409
1019.06294945,0.01409648
1019.31004867,0.01037828
1019.55715538,0.00884968
1019.80426957,0.01298102
1020.05139125,0.01376598
1020.29852041,0.01322890
1020.54565704,0.00822998
1020.79280114,0.00998580
1021.03995272,0.00595774
1021.28711177,0.01287774
1021.53427828,0.00771356
1021.78145225,0.01182425
1022.02863368,0.00579249
1022.27582257,0.00601971
1022.52301891,0.01250592
1022.77022270,0.00969660
1023.01743395,0.00818866
1023.26465263,0.00616431
1023.51187876,0.00201231
1023.75911234,0.00668072
1024.00635335,0.00616431
1024.25360179,0.00744502
1024.50085766,0.00583380
1024.74812097,0.00862246
1024.99539170,0.00521410
1025.24266985,0.00862246
1025.48995543,0.00473899
1025.73724842,0.00568920
1025.98454883,0.00880837
1026.23185665,0.00473899
1026.47917188,0.00467702
1026.72649452,0.00907690
1026.97382456,0.00808538
1027.22116200,0.00583380
1027.46850685,0.00550329
1027.71585908,0.00928347
1027.96321872,0.00750699
1028.21058574,0.00506950
1028.45796014,-0.00852261
1028.70534194,-0.00903903
1028.95273111,-0.01056763
1029.20012767,-0.01029909
1029.44753160,-0.00996858
1029.69494290,-0.00881181
