198.80933475,0.00659540
199.01143578,0.00605629
199.21355429,0.00188860
199.41569028,-0.00070326
199.61784374,0.00211668
199.82001468,0.00199227
200.02220309,0.00385840
200.22440896,0.00188860
200.42663230,0.00078965
200.62887310,0.00062377
200.83113136,0.00533057
201.03340708,0.00199227
201.23570025,0.00244844
201.43801087,0.00288387
201.64033894,0.00566233
201.84268445,0.00358885
202.04504741,0.00431457
202.24742780,0.00290460
202.44982564,0.00358885
202.65224090,-0.00180220
202.85467360,0.00682348
203.05712372,0.00408648
203.25959128,-0.00076546
203.46207625,0.00313268
203.66457864,0.00141169
203.86709846,0.00520616
204.06963568,0.00607703
204.27219032,0.00381693
204.47476237,0.00101773
204.67735182,0.00066524
204.87995868,0.01177910
205.08258293,0.00642952
205.28522459,0.00321562
205.48788364,0.00209594
205.69056008,0.00128729
205.89325391,0.00810904
206.09596513,0.00234476
206.29869374,0.00734185
206.50143972,0.00607703
206.70420308,0.00251064
206.90698382,0.00058230
207.10978194,0.00315342
207.31259742,0.00723818
207.51543027,-0.00149118
207.71828048,0.00416942
207.92114806,0.00240697
208.12403299,0.01005811
208.32693528,0.00120435
208.52985493,0.00429383
208.73279193,-0.00283894
208.93574627,0.00752846
209.13871796,0.00657466
209.34170699,0.00377546
209.54471336,0.00137023
209.74773707,0.00566233
209.95077811,0.00209594
210.15383649,0.00180566
210.35691219,0.00248990
210.56000522,0.00389987
210.76311557,0.00010540
210.96624324,0.00649172
211.16938823,-0.00020562
211.37255053,0.00271799
211.57573015,-0.00109722
211.77892707,0.00586968
211.98214130,0.00114214
212.18537284,0.00273872
212.38862167,0.00153610
212.59188781,0.00058230
212.79517124,0.00105920
212.99847196,0.00126655
213.20178997,0.00479147
213.40512527,0.00603556
213.60847785,0.00329856
213.81184772,0.00248990
214.01523486,-0.00020562
214.21863928,0.00603556
214.42206097,0.00462559
214.62549993,0.00309121
214.82895616,0.00031275
215.03242966,0.00286313
215.23592042,-0.00030929
215.43942843,0.00180566
215.64295370,0.00178492
215.84649623,0.00367179
216.05005601,0.00740405
216.25363303,0.00404502
216.45722731,0.00296681
216.66083882,0.00002246
216.86446757,0.00280093
217.06811356,0.00147390
217.27177679,0.00609776
217.47545724,0.00414869
217.67915493,0.00161904
217.88286984,0.00350591
218.08660198,0.00535131
218.29035133,0.00920798
218.49411790,0.00854447
218.69790169,0.00385840
218.90170269,0.00414869
219.10552090,0.00609776
219.30935632,0.00572453
219.51320894,0.00275946
219.71707876,0.00074818
219.92096578,0.00557939
220.12486999,0.00145316
220.32879140,0.00437677
220.53272999,-0.00157412
220.73668578,0.00555866
220.94065875,0.00593188
221.14464890,0.00120435
221.34865623,0.00261431
221.55268073,0.00132876
221.75672241,-0.00165706
221.96078126,0.00097626
222.16485728,-0.00066179
222.36895046,0.00097626
222.57306080,0.00435604
222.77718831,0.00265578
222.98133297,0.00025055
223.18549478,0.00522690
223.38967375,-0.00006048
223.59386986,0.00060304
223.79808312,-0.00086913
224.00231352,0.00327783
224.20656106,0.00539278
224.41082574,0.00557939
224.61510756,0.00883476
224.81940650,-0.00126310
225.02372258,0.00107994
225.22805578,0.00157757
225.43240610,-0.00088987
225.63677355,0.00504029
225.84115811,-0.00066179
226.04555979,0.00340224
226.24997858,0.00047863
226.45441448,0.00130802
226.65886748,0.00586968
226.86333759,0.00141169
227.06782480,0.00282166
227.27232911,0.00224109
227.47685052,0.00018834
227.68138902,0.00346444
227.88594461,0.00076892
228.09051728,0.00058230
228.29510704,0.00416942
228.49971389,0.00568307
228.70433781,0.00448045
228.90897881,0.00560013
229.11363688,0.00089332
229.31831202,0.00431457
229.52300423,0.00271799
229.72771350,0.00205447
229.93243984,0.00346444
230.13718324,0.00267652
230.34194369,0.00230329
230.54672120,0.00680274
230.75151576,0.00122508
230.95632737,0.00638805
231.16115602,0.00016761
231.36600172,-0.00014342
231.57086446,0.00008467
231.77574423,0.00334003
231.98064104,-0.00277674
232.18555488,0.00112141
232.39048575,0.00408648
232.59543365,0.00110067
232.80039857,-0.00016415
233.00538051,0.00375473
233.21037947,0.00520616
233.41539544,0.01926436
233.62042843,0.00083112
233.82547842,0.00166051
234.03054543,0.00680274
234.23562943,0.00317415
234.44073044,0.00085185
234.64584845,0.00481220
234.85098345,0.00159831
235.05613545,0.00296681
235.26130444,0.00419016
235.46649041,0.00286313
235.67169337,0.00501955
235.87691331,0.00642952
236.08215023,-0.00192661
236.28740413,0.00553792
236.49267500,0.00234476
236.69796284,-0.00045444
236.90326765,0.00506102
237.10858942,0.00491588
237.31392816,0.00456339
237.51928386,0.00634658
237.72465651,0.00147390
237.93004612,-0.00012268
238.13545268,0.00112141
238.34087619,0.00696862
238.54631664,0.00213741
238.75177404,0.00190933
238.95724838,0.00083112
239.16273965,0.00373399
239.36824786,0.00611850
239.57377300,0.00271799
239.77931508,0.00477073
239.98487407,0.00336077
240.19045000,0.00589041
240.39604284,0.00429383
240.60165260,-0.00035076
240.80727928,0.00203374
241.01292287,0.00416942
241.21858337,0.00520616
241.42426077,0.00321562
241.62995508,0.00377546
241.83566630,-0.00167779
242.04139441,0.00504029
242.24713941,0.00331930
242.45290131,0.00182639
242.65868010,0.00379620
242.86447578,0.00052010
243.07028835,0.00501955
243.27611779,0.00665760
243.48196412,0.00470853
243.68782732,0.00207521
243.89370739,0.00269725
244.09960434,-0.00033003
244.30551816,0.00605629
244.51144884,0.00437677
244.71739638,0.00197153
244.92336078,0.00278019
245.12934204,0.00327783
245.33534016,0.00224109
245.54135512,0.00091406
245.74738694,0.00222035
245.95343560,0.00296681
246.15950110,0.00599409
246.36558345,0.00141169
246.57168263,0.00520616
246.77779865,0.00232403
246.98393150,0.00437677
247.19008118,0.00072745
247.39624769,0.00375473
247.60243102,0.00381693
247.80863117,0.00715524
248.01484814,0.00309121
248.22108192,0.00302901
248.42733252,-0.00012268
248.63359993,0.00049936
248.83988415,-0.00113869
249.04618517,0.00475000
249.25250299,-0.00026782
249.45883761,-0.00182294
249.66518903,0.00329856
249.87155724,0.00331930
250.07794224,0.00551719
250.28434403,0.00439751
250.49076260,0.00655393
250.69719796,-0.00252792
250.90365009,-0.00103501
251.11011901,0.00224109
251.31660469,0.00394134
251.52310715,0.00180566
251.72962638,0.00479147
251.93616237,0.00240697
252.14271513,0.00238623
252.34928464,0.00062377
252.55587091,0.00072745
252.76247394,0.00298754
252.96909372,0.00228256
253.17573025,0.00296681
253.38238352,0.00151537
253.58905354,0.00323636
253.79574030,0.00103847
254.00244380,0.00398281
254.20916403,0.00775655
254.41590099,0.00645025
254.62265469,0.00296681
254.82942511,0.00159831
255.03621225,0.00224109
255.24301612,0.00201300
255.44983670,0.00126655
255.65667400,0.00501955
255.86352802,0.00172272
256.07039874,-0.00047517
256.27728617,0.00066524
256.48419031,0.00586968
256.69111115,0.00479147
256.89804868,0.00381693
257.10500292,-0.00012268
257.31197384,0.00398281
257.51896146,0.00976782
257.72596577,0.00045789
257.93298676,0.00070671
258.14002443,0.00410722
258.34707878,0.00302901
258.55414981,0.00352665
258.76123752,0.00255211
258.96834190,0.00752846
259.17546294,-0.00053738
259.38260065,-0.00184367
259.58975502,0.00037495
259.79692606,0.00294607
260.00411375,0.00246917
260.21131810,-0.00074473
260.41853909,0.00470853
260.62577674,0.00149463
260.83303103,0.00257284
261.04030197,-0.00095207
261.24758955,0.00008467
261.45489377,0.00147390
261.66221462,0.00342297
261.86955210,0.00477073
262.07690622,0.00068598
262.28427696,-0.00057885
262.49166433,-0.00176073
262.69906831,0.00547572
262.90648892,-0.00180220
263.11392614,-0.00016415
263.32137998,0.00433530
263.52885042,0.00311195
263.73633747,0.00705156
263.94384113,-0.00008121
264.15136139,0.00456339
264.35889825,0.00769434
264.56645171,0.00445971
264.77402176,0.00182639
264.98160840,0.00360958
265.18921163,0.00074818
265.39683144,-0.00165706
265.60446784,0.00868961
265.81212081,0.00095553
266.01979037,0.00423163
266.22747650,0.00203374
266.43517920,0.00315342
266.64289847,-0.00217543
266.85063430,0.00307048
267.05838670,0.00089332
267.26615566,0.00375473
267.47394117,-0.00153265
267.68174324,0.00049936
267.88956187,0.00234476
268.09739704,0.00182639
268.30524876,0.00377546
268.51311702,0.00800536
268.72100183,-0.00265233
268.92890317,0.00081039
269.13682105,-0.00205102
269.34475546,-0.00074473
269.55270640,0.00168125
269.76067387,0.00238623
269.96865786,0.00018834
270.17665838,-0.00049591
270.38467541,0.00298754
270.59270896,0.00346444
270.80075902,0.00132876
271.00882560,0.00338150
271.21690868,0.00089332
271.42500826,0.00404502
271.63312435,0.00383767
271.84125694,0.00087259
272.04940602,0.00854447
272.25757160,0.00222035
272.46575367,0.00296681
272.67395223,0.00259358
272.88216727,0.00006393
273.09039880,0.00580747
273.29864681,0.00107994
273.50691129,0.00095553
273.71519225,0.00394134
273.92348968,0.00112141
274.13180358,0.00112141
274.34013395,-0.00053738
274.54848077,0.00363032
274.75684406,0.00298754
274.96522381,0.00248990
275.17362001,-0.00259012
275.38203267,0.00638805
275.59046177,0.00280093
275.79890732,0.00151537
276.00736932,0.00311195
276.21584776,-0.00074473
276.42434263,0.00190933
276.63285394,-0.00352319
276.84138169,0.00033348
277.04992586,0.00205447
277.25848646,0.00423163
277.46706349,0.00066524
277.67565694,-0.00391715
277.88426680,0.00014687
278.09289309,-0.00198881
278.30153578,-0.00049591
278.51019489,0.00381693
278.71887041,0.00116288
278.92756233,0.00396208
279.13627065,0.00541351
279.34499537,0.00261431
279.55373649,0.00433530
279.76249401,0.01016178
279.97126791,0.00485367
280.18005820,0.00230329
280.38886488,0.00394134
280.59768795,-0.00331584
280.80652739,0.00110067
281.01538321,0.00246917
281.22425540,0.00184713
281.43314397,0.00269725
281.64204891,-0.00140824
281.85097021,0.00286313
282.05990788,0.00466706
282.26886190,0.00327783
282.47783229,-0.00256939
282.68681903,0.00632584
282.89582212,0.00163978
283.10484156,0.00325709
283.31387735,0.00043716
283.52292949,0.00039569
283.73199796,0.00215815
283.94108277,0.00352665
284.15018392,-0.00109722
284.35930141,0.00147390
284.56843522,0.00363032
284.77758536,0.00300827
284.98675183,0.00246917
285.19593461,0.00827492
285.40513372,0.00504029
285.61434914,0.00618070
285.82358088,-0.00341952
286.03282893,0.00195080
286.24209328,0.00389987
286.45137395,0.00172272
286.66067091,0.00389987
286.86998417,0.00197153
287.07931373,0.00149463
287.28865959,0.00547572
287.49802174,0.00107994
287.70740017,0.00000173
287.91679489,0.00126655
288.12620590,0.00168125
288.33563318,0.00018834
288.54507675,0.00375473
288.75453658,0.00000173
288.96401269,0.00006393
289.17350507,0.00126655
289.38301372,0.00578674
289.59253863,0.00389987
289.80207980,0.00543425
290.01163723,0.00180566
290.22121091,0.00257284
290.43080085,0.00402428
290.64040703,0.00139096
290.85002947,0.00448045
291.05966815,0.00363032
291.26932307,0.00439751
291.47899422,0.00246917
291.68868162,0.00410722
291.89838525,0.00182639
292.10810511,0.00584894
292.31784119,0.00203374
292.52759350,-0.00095207
292.73736204,0.00385840
292.94714679,0.00066524
293.15694776,0.00128729
293.36676494,0.00064451
293.57659834,0.00170198
293.78644794,-0.00049591
293.99631375,-0.00016415
294.20619576,0.00472926
294.41609397,0.00777728
294.62600838,0.00083112
294.83593898,0.00280093
295.04588578,0.00000173
295.25584876,-0.00144971
295.46582793,0.00016761
295.67582328,0.00255211
295.88583481,0.00029202
296.09586253,0.00029202
296.30590641,0.00373399
296.51596647,0.00174345
296.72604270,-0.00163632
296.93613509,0.00433530
297.14624365,-0.00358539
297.35636837,0.00068598
297.56650925,0.00147390
297.77666629,0.00016761
297.98683947,-0.00099354
298.19702881,0.00224109
298.40723429,0.00217888
298.61745592,0.00311195
298.82769369,0.00385840
299.03794760,0.00804683
299.24821765,-0.00066179
299.45850383,0.00375473
299.66880614,0.00145316
299.87912458,-0.00333658
300.08945914,0.00014687
300.29980983,0.00381693
300.51017663,0.00261431
300.72055955,0.00649172
300.93095859,0.00325709
301.14137374,0.00172272
301.35180499,-0.00001901
301.56225235,0.00099700
301.77271582,-0.00402082
301.98319538,0.01051428
302.19369105,-0.00314996
302.40420280,0.00000173
302.61473065,0.00419016
302.82527459,0.00489514
303.03583461,-0.00203028
303.24641072,-0.00022635
303.45700291,0.00097626
303.66761117,0.00244844
303.87823552,0.00522690
304.08887593,0.00130802
304.29953241,0.00147390
304.51020496,-0.00198881
304.72089358,0.00541351
304.93159825,0.00572453
305.14231899,0.00190933
305.35305578,0.00539278
305.56380862,0.00319489
305.77457752,0.00267652
305.98536246,0.00309121
306.19616344,0.00246917
306.40698047,0.00485367
306.61781354,0.00124582
306.82866264,0.00302901
307.03952778,0.00410722
307.25040895,0.00296681
307.46130614,0.00414869
307.67221937,-0.00039223
307.88314861,-0.00159485
308.09409387,0.00408648
308.30505515,0.00207521
308.51603245,0.00458412
308.72702576,-0.00024709
308.93803507,0.00174345
309.14906039,0.00155684
309.36010172,0.00205447
309.57115904,0.00284240
309.78223236,0.00095553
309.99332168,0.00313268
310.20442699,0.00462559
310.41554829,0.00130802
310.62668557,-0.00263159
310.83783884,0.00209594
311.04900809,-0.00485022
311.26019332,0.00118361
311.47139452,0.00275946
311.68261169,0.00298754
311.89384484,0.00479147
312.10509395,0.00497808
312.31635903,0.00402428
312.52764007,0.00081039
312.73893706,0.00004320
312.95025002,-0.00074473
313.16157892,0.00049936
313.37292378,0.00387914
313.58428458,0.00209594
313.79566133,0.00091406
314.00705402,0.00414869
314.21846266,0.00093479
314.42988722,-0.00078619
314.64132772,0.00205447
314.85278416,-0.00010195
315.06425652,0.00752846
315.27574480,-0.00194734
315.48724901,0.00462559
315.69876914,0.00018834
315.91030518,0.00284240
316.12185715,-0.00055811
316.33342502,0.00058230
316.54500880,0.00292534
316.75660848,0.00402428
316.96822407,0.00304974
317.17985556,-0.00001901
317.39150295,0.00116288
317.60316624,0.00331930
317.81484541,0.00103847
318.02654048,0.00275946
318.23825143,0.00375473
318.44997826,0.00282166
318.66172098,0.00273872
318.87347957,0.00599409
319.08525404,0.00263505
319.29704439,0.00344371
319.50885060,0.00222035
319.72067268,0.00414869
319.93251063,0.00186786
320.14436443,0.00161904
320.35623410,0.00823345
320.56811962,0.00462559
320.78002100,-0.00057885
320.99193822,-0.00018489
321.20387130,-0.00057885
321.41582021,0.00143243
321.62778498,0.00524763
321.83976558,0.00371326
322.05176201,0.00431457
322.26377428,-0.00026782
322.47580239,0.00533057
322.68784632,0.00419016
322.89990607,0.00199227
323.11198165,0.00188860
323.32407305,0.00263505
323.53618027,0.00275946
323.74830330,0.00062377
323.96044215,0.00360958
324.17259680,0.00626364
324.38476726,0.00286313
324.59695352,0.00176419
324.80915558,0.00327783
325.02137344,0.00033348
325.23360710,0.00145316
325.44585655,0.00557939
325.65812178,0.00383767
325.87040281,-0.00049591
326.08269962,0.00329856
326.29501221,-0.00232057
326.50734058,0.00387914
326.71968472,0.00014687
326.93204464,0.00827492
327.14442032,0.00379620
327.35681178,0.00412795
327.56921900,0.00157757
327.78164198,0.00130802
327.99408072,0.00006393
328.20653522,0.00224109
328.41900547,-0.00194734
328.63149147,0.00300827
328.84399322,0.00099700
329.05651071,0.00213741
329.26904395,0.00062377
329.48159293,0.00379620
329.69415764,0.00039569
329.90673809,0.00381693
330.11933427,0.00081039
330.33194617,0.00431457
330.54457381,0.00282166
330.75721716,-0.00101428
330.96987624,0.00045789
331.18255104,0.00280093
331.39524154,0.00771508
331.60794777,0.00174345
331.82066970,-0.00072399
332.03340733,0.00155684
332.24616067,0.00574527
332.45892971,0.00155684
332.67171445,0.00381693
332.88451489,0.00240697
333.09733102,0.00323636
333.31016283,0.00132876
333.52301034,0.00110067
333.73587352,-0.00055811
333.94875239,-0.00362686
334.16164694,-0.00068252
334.37455717,-0.00234131
334.58748306,0.00363032
334.80042463,0.00512323
335.01338187,-0.00234131
335.22635477,0.00360958
335.43934333,0.00147390
335.65234755,0.00555866
335.86536743,0.00586968
336.07840296,0.00128729
336.29145415,-0.00072399
336.50452098,0.00215815
336.71760345,0.00286313
336.93070157,0.00201300
337.14381533,0.00137023
337.35694473,0.00066524
337.57008976,0.00528910
337.78325042,-0.00006048
337.99642671,0.00205447
338.20961863,0.00431457
338.42282617,0.00342297
338.63604933,-0.00271453
338.84928810,0.00097626
339.06254250,0.00211668
339.27581250,0.00275946
339.48909812,0.00282166
339.70239934,0.00640878
339.91571616,0.00315342
340.12904859,0.00052010
340.34239661,-0.00072399
340.55576023,0.00313268
340.76913945,0.00506102
340.98253425,0.00238623
341.19594464,0.00224109
341.40937061,0.00122508
341.62281217,0.00385840
341.83626930,0.00692715
342.04974201,0.00267652
342.26323030,-0.00229984
342.47673415,0.00114214
342.69025357,0.00783948
342.90378856,-0.00136677
343.11733911,0.00522690
343.33090522,0.00280093
343.54448688,0.00244844
343.75808410,0.00031275
343.97169687,0.00209594
344.18532519,0.00029202
344.39896906,0.00255211
344.61262847,0.00043716
344.82630341,0.00369252
345.03999390,0.00371326
345.25369992,0.00541351
345.46742147,0.00958121
345.68115855,0.00315342
345.89491115,0.00273872
346.10867928,0.00012614
346.32246293,0.00319489
346.53626210,0.00006393
346.75007679,-0.00124236
346.96390698,0.00371326
347.17775269,0.00213741
347.39161390,0.00110067
347.60549061,0.00352665
347.81938283,0.00099700
348.03329055,0.00280093
348.24721376,0.00066524
348.46115246,0.00238623
348.67510665,-0.00205102
348.88907634,0.00110067
349.10306150,0.00022981
349.31706215,-0.00103501
349.53107828,0.00394134
349.74510988,0.00228256
349.95915696,0.00468779
350.17321950,0.00383767
350.38729752,0.00618070
350.60139100,0.00118361
350.81549994,-0.00008121
351.02962435,-0.00308776
351.24376421,0.00217888
351.45791952,0.00014687
351.67209028,0.00161904
351.88627650,0.00037495
352.10047816,0.00271799
352.31469526,0.00304974
352.52892780,0.00321562
352.74317578,0.00400355
352.95743919,0.00340224
353.17171804,0.00211668
353.38601232,0.00520616
353.60032202,0.00031275
353.81464714,0.00618070
354.02898769,-0.00026782
354.24334365,-0.00099354
354.45771503,-0.00159485
354.67210182,0.00481220
354.88650403,0.00468779
355.10092164,0.00379620
355.31535465,0.00236550
355.52980306,0.00980929
355.74426687,0.00226182
355.95874608,0.00354738
356.17324069,0.00126655
356.38775068,-0.00144971
356.60227606,0.00228256
356.81681682,-0.00256939
357.03137297,-0.00176073
357.24594449,0.00375473
357.46053139,0.00541351
357.67513367,0.00678201
357.88975132,0.00321562
358.10438433,0.00085185
358.31903271,0.00244844
358.53369645,0.00145316
358.74837556,-0.00368907
358.96307002,0.00290460
359.17777983,-0.00068252
359.39250499,0.00211668
359.60724551,0.00197153
359.82200137,0.00280093
360.03677257,0.00047863
360.25155911,0.00012614
360.46636100,0.00116288
360.68117821,-0.00194734
360.89601076,-0.00126310
361.11085864,0.00350591
361.32572184,-0.00136677
361.54060037,0.00375473
361.75549422,0.00186786
361.97040338,0.00655393
362.18532786,0.00481220
362.40026766,0.00313268
362.61522276,0.00302901
362.83019318,0.00475000
363.04517889,0.00039569
363.26017991,0.00120435
363.47519623,0.00027128
363.69022784,0.00286313
363.90527474,-0.00072399
364.12033694,0.00601482
364.33541442,-0.00134603
364.55050719,-0.00057885
364.76561524,0.00099700
364.98073857,-0.00074473
365.19587718,0.00014687
365.41103106,0.00323636
365.62620021,-0.00103501
365.84138463,0.00145316
366.05658432,0.00311195
366.27179927,0.00555866
366.48702948,0.00016761
366.70227494,-0.00068252
366.91753566,0.00025055
367.13281163,0.00037495
367.34810285,-0.00275600
367.56340932,0.00159831
367.77873103,0.00190933
367.99406798,0.00178492
368.20942017,0.00029202
368.42478759,0.00143243
368.64017025,0.00006393
368.85556813,0.00356811
369.07098125,0.00101773
369.28640958,0.00398281
369.50185314,0.00176419
369.71731191,0.00271799
369.93278590,-0.00416597
370.14827511,0.00369252
370.36377952,-0.00095207
370.57929914,0.00004320
370.79483397,0.00445971
371.01038400,0.00176419
371.22594922,0.00095553
371.44152965,0.00132876
371.65712526,0.00338150
371.87273607,-0.00167779
372.08836206,0.00336077
372.30400324,0.00479147
372.51965960,-0.00086913
372.73533114,0.00398281
372.95101786,0.00054083
373.16671976,0.00431457
373.38243682,0.00448045
373.59816905,0.00321562
373.81391645,-0.00209249
374.02967901,0.00211668
374.24545673,0.00240697
374.46124961,-0.00174000
374.67705764,0.00074818
374.89288082,-0.00028856
375.10871916,0.00076892
375.32457264,0.00174345
375.54044126,0.00211668
375.75632503,0.00582821
375.97222393,0.00137023
376.18813797,-0.00319143
376.40406713,0.00027128
376.62001143,0.00087259
376.83597086,-0.00269380
377.05194541,-0.00008121
377.26793508,0.00236550
377.48393987,0.00226182
377.69995978,0.00389987
377.91599480,-0.00026782
378.13204493,0.00112141
378.34811016,0.00443898
378.56419050,0.00555866
378.78028595,0.00402428
378.99639649,0.00008467
379.21252213,0.00018834
379.42866286,0.00385840
379.64481868,-0.00006048
379.86098960,0.00481220
380.07717559,0.00203374
380.29337667,0.00325709
380.50959283,0.00182639
380.72582407,0.00387914
380.94207038,0.00313268
381.15833176,0.00219962
381.37460821,0.00141169
381.59089972,0.00134949
381.80720630,0.00284240
382.02352794,0.00070671
382.23986464,0.00280093
382.45621639,0.00178492
382.67258319,0.00327783
382.88896505,0.00099700
383.10536195,0.00338150
383.32177389,0.00155684
383.53820087,0.00149463
383.75464289,0.00240697
383.97109995,0.00311195
384.18757204,-0.00066179
384.40405916,0.00195080
384.62056131,-0.00095207
384.83707848,0.00178492
385.05361067,0.00371326
385.27015788,0.00253137
385.48672011,0.00460486
385.70329735,0.00342297
385.91988960,0.00327783
386.13649686,0.00083112
386.35311912,0.00296681
386.56975639,0.00219962
386.78640865,0.00054083
387.00307592,0.00159831
387.21975817,-0.00024709
387.43645542,0.00317415
387.65316765,0.00199227
387.86989487,0.00302901
388.08663707,0.00224109
388.30339426,-0.00047517
388.52016641,0.00240697
388.73695355,0.00626364
388.95375565,0.00383767
389.17057273,-0.00182294
389.38740477,0.00497808
389.60425177,0.00611850
389.82111374,-0.00107648
390.03799066,0.00593188
390.25488253,0.00145316
390.47178936,-0.00024709
390.68871114,0.00385840
390.90564787,0.00157757
391.12259954,0.00089332
391.33956614,0.00089332
391.55654769,-0.00057885
391.77354418,0.00203374
391.99055559,0.00170198
392.20758194,0.00168125
392.42462321,0.00282166
392.64167941,0.00338150
392.85875053,0.00504029
393.07583657,-0.00035076
393.29293752,0.00512323
393.51005339,0.00479147
393.72718417,0.00228256
393.94432986,0.00479147
394.16149045,0.00190933
394.37866594,0.00107994
394.59585634,0.00466706
394.81306163,0.00462559
395.03028181,0.00483294
395.24751689,0.00856520
395.46476685,0.00209594
395.68203170,0.00387914
395.89931143,0.00707230
396.11660604,0.00487441
396.33391553,0.00334003
396.55123990,0.00149463
396.76857913,0.00402428
396.98593324,0.00412795
397.20330221,-0.00227910
397.42068604,0.00383767
397.63808474,-0.00142897
397.85549829,0.00508176
398.07292670,0.00589041
398.29036996,0.00307048
398.50782807,0.00568307
398.72530103,0.00661613
398.94278883,0.00470853
399.16029147,0.00719671
399.37780895,0.00110067
399.59534127,0.00939460
399.81288841,0.00539278
400.03045039,0.00769434
400.24802720,0.00854447
400.46561883,0.00431457
400.68322529,0.00161904
400.90084656,0.00360958
401.11848265,0.00545498
401.33613355,0.00118361
401.55379926,0.00182639
401.77147978,0.00512323
401.98917511,0.00833712
402.20688524,0.00363032
402.42461017,0.00325709
402.64234989,0.00472926
402.86010441,0.00199227
403.07787372,0.00493661
403.29565782,0.00454265
403.51345670,0.00528910
403.73127037,0.00591115
403.94909882,0.00078965
404.16694205,0.00570380
404.38480005,0.00406575
404.60267282,0.00298754
404.82056036,0.00149463
405.03846267,0.00804683
405.25637974,0.01034840
405.47431157,0.00707230
405.69225816,0.00298754
405.91021951,0.00508176
406.12819561,0.00060304
406.34618645,0.00120435
406.56419205,0.00443898
406.78221239,0.00439751
407.00024747,0.00779802
407.21829729,0.00174345
407.43636184,0.00723818
407.65444113,0.00756993
407.87253515,0.00815051
408.09064390,0.00520616
408.30876737,0.00506102
408.52690556,0.00887623
408.74505847,0.00425236
408.96322610,0.00721744
409.18140844,0.00537204
409.39960550,0.00331930
409.61781726,0.00618070
409.83604372,0.00454265
410.05428489,0.00995444
410.27254076,0.00060304
410.49081133,0.00842006
410.70909659,0.00715524
410.92739654,0.00547572
411.14571118,0.00970562
411.36404051,0.00528910
411.58238452,0.00868961
411.80074321,0.00765287
412.01911658,0.00796389
412.23750462,0.00773581
412.45590734,0.00645025
412.67432472,0.00487441
412.89275677,0.00846153
413.11120349,0.00334003
413.32966486,0.00267652
413.54814090,0.00671981
413.76663159,0.00910431
413.98513693,0.00387914
414.20365692,0.00288387
414.42219156,0.00730038
414.64074084,0.00199227
414.85930477,0.00572453
415.07788333,0.00286313
415.29647653,0.00495735
415.51508437,0.00396208
415.73370683,0.00429383
415.95234392,0.00530984
416.17099564,0.00651246
416.38966198,0.00717597
416.60834294,0.00624290
416.82703851,0.00802610
417.04574870,-0.00010195
417.26447350,0.00609776
417.48321291,0.00506102
417.70196692,0.00134949
417.92073554,0.00589041
418.13951875,0.00696862
418.35831657,0.00157757
418.57712898,0.00275946
418.79595598,0.01068015
419.01479757,0.00852373
419.23365374,0.00508176
419.45252450,0.00533057
419.67140984,0.00779802
419.89030975,0.00850300
420.10922425,0.01084603
420.32815331,0.00433530
420.54709694,0.00696862
420.76605514,0.00441824
420.98502791,0.00547572
421.20401523,0.00317415
421.42301712,0.00543425
421.64203356,0.00951900
421.86106455,0.00360958
422.08011009,0.00495735
422.29917018,0.00933239
422.51824482,0.00564160
422.73733399,0.00280093
422.95643771,0.00719671
423.17555596,0.00653319
423.39468875,0.00504029
423.61383606,0.00477073
423.83299790,0.00387914
424.05217427,0.00570380
424.27136516,0.00620144
424.49057057,0.00711377
424.70979050,0.00429383
424.92902494,0.00640878
425.14827390,0.00506102
425.36753736,0.00659540
425.58681532,0.01126073
425.80610779,0.00929092
426.02541476,0.01126073
426.24473623,0.00458412
426.46407219,0.00812977
426.68342265,0.00329856
426.90278759,0.00713450
427.12216702,0.00889696
427.34156093,0.00485367
427.56096933,0.01059721
427.78039220,0.01225600
427.99982955,0.00744552
428.21928137,0.00719671
428.43874766,0.00207521
428.65822841,0.00935313
428.87772363,0.00879329
429.09723331,0.00574527
429.31675745,0.00157757
429.53629605,0.00290460
429.75584910,0.00678201
429.97541660,0.00792242
430.19499854,0.00448045
430.41459494,0.00781875
430.63420577,0.00831639
430.85383104,0.00848226
431.07347075,0.00802610
431.29312489,0.01238041
431.51279347,0.00738332
431.73247647,0.00727965
431.95217390,0.00591115
432.17188574,0.01068015
432.39161201,0.00464632
432.61135270,0.00589041
432.83110780,0.00622217
433.05087731,0.01161322
433.27066123,0.00392061
433.49045956,0.00597335
433.71027229,0.00752846
433.93009942,0.00935313
434.14994095,0.00738332
434.36979687,0.00736258
434.58966718,0.00908357
434.80955189,0.00798463
435.02945098,0.00781875
435.24936445,0.01592606
435.46929230,0.00727965
435.68923454,0.00908357
435.90919115,0.01128146
436.12916213,0.00943607
436.34914748,0.01132293
436.56914720,0.00769434
436.78916128,0.00831639
437.00918972,0.00889696
437.22923252,0.00935313
437.44928968,0.00761140
437.66936119,0.00788095
437.88944706,0.01233894
438.10954727,0.01136440
438.32966182,0.01304392
438.54979072,0.00937386
438.76993395,0.01403919
438.99009153,0.01300245
439.21026343,0.01366597
439.43044967,0.01526255
439.65065024,0.01816542
439.87086513,0.01217306
440.09109434,0.01188277
440.31133788,0.01078383
440.53159573,0.01571871
440.75186789,0.00978856
440.97215437,0.01262923
441.19245516,0.01445389
441.41277025,0.01289878
441.63309964,0.01285731
441.85344334,0.01515887
442.07380133,0.01360376
442.29417362,0.01366597
442.51456020,0.01350009
442.73496107,0.01347935
442.95537623,0.01466124
443.17580567,0.01571871
443.39624939,0.01822762
443.61670739,0.01476491
443.83717967,0.01343788
444.05766622,0.01557357
444.27816704,0.02009376
444.49868212,0.01024472
444.71921147,0.01258776
444.93975509,0.01451609
445.16031296,0.01360376
445.38088508,0.01542842
445.60147147,0.01582239
445.82207210,0.01242188
446.04268698,0.01464050
446.26331610,0.02063286
446.48395947,0.00887623
446.70461707,0.01123999
446.92528892,0.01053501
447.14597499,0.01376964
447.36667530,0.00985076
447.58738984,0.01893261
447.80811860,0.01625782
448.02886158,0.01057648
448.24961879,0.01546989
448.47039021,0.01515887
448.69117585,0.02084021
448.91197570,0.01729456
449.13278975,0.01007884
449.35361802,0.01287804
449.57446049,0.01399772
449.79531715,0.00767361
450.01618802,0.00999590
450.23707308,0.00918725
450.45797234,0.01899481
450.67888578,0.01304392
450.89981341,0.00995444
451.12075522,0.01602973
451.34171122,0.01889114
451.56268139,0.01930583
451.78366574,0.01783366
452.00466426,0.01644443
452.22567696,0.01161322
452.44670382,0.01316833
452.66774484,0.00732111
452.88880003,0.01974126
453.10986938,0.01240114
453.33095288,0.01602973
453.55205053,0.01277437
453.77316234,0.01126073
453.99428830,0.01362450
454.21542840,0.01209012
454.43658264,0.01517961
454.65775102,0.01381111
454.87893354,0.01511740
455.10013019,0.01393552
455.32134098,0.01712868
455.54256589,0.01976200
455.76380493,0.01256702
455.98505809,0.01590532
456.20632537,0.01729456
456.42760677,0.01551136
456.64890229,0.01441242
456.87021191,0.01818615
457.09153565,0.01592606
457.31287349,0.01557357
457.53422544,0.02245752
457.75559149,0.02081947
457.97697163,0.01526255
458.19836587,0.01884967
458.41977420,0.01926436
458.64119663,0.02137931
458.86263313,0.01629929
459.08408373,0.02090241
459.30554840,0.01905702
459.52702716,0.02664595
459.74851999,0.01698353
459.97002689,0.02753755
460.19154786,0.01988641
460.41308290,0.02324545
460.63463201,0.01945098
460.85619518,0.01704574
461.07777241,0.02135858
461.29936369,0.01922289
461.52096903,0.02162813
461.74258841,0.02368088
461.96422185,0.02061213
462.18586933,0.01994861
462.40753086,0.02299663
462.62920642,0.02164887
462.85089602,0.02075727
463.07259966,0.01901555
463.29431733,0.01576018
463.51604902,0.02034257
463.73779475,0.02061213
463.95955449,0.02210503
464.18132826,0.02621052
464.40311604,0.02088168
464.62491784,0.02181474
464.84673365,0.02357720
465.06856347,0.02366014
465.29040730,0.02113050
465.51226513,0.02050845
465.73413696,0.01899481
465.95602279,0.02515305
466.17792261,0.02525672
466.39983643,0.02759976
466.62176424,0.02330765
466.84370603,0.02832547
467.06566181,0.02538113
467.28763157,0.02594097
467.50961531,0.02562995
467.73161303,0.02818033
467.95362472,0.02339059
468.17565038,0.02840841
468.39769001,0.02129637
468.61974360,0.02334912
468.84181116,0.02880237
469.06389267,0.03122835
469.28598814,0.02502864
469.50809757,0.03141496
469.73022094,0.03342624
469.95235827,0.02905119
470.17450954,0.02598244
470.39667475,0.02378455
470.61885390,0.02670816
470.84104699,0.02703992
471.06325402,0.03162231
471.28547498,0.02807666
471.50770986,0.02944515
471.72995867,0.02436513
471.95222141,0.02198062
472.17449806,0.02208430
472.39678864,0.02484203
472.61909313,0.02589950
472.84141153,0.02146225
473.06374384,0.03010867
473.28609005,0.02861576
473.50845017,0.02347353
473.73082420,0.02581656
473.95321212,0.02488350
474.17561393,0.02822180
474.39802964,0.02550554
474.62045924,0.02388823
474.84290273,0.02187695
475.06536010,0.02888531
475.28783136,0.02921707
475.51031649,0.02554701
475.73281550,0.01999008
475.95532838,0.02067433
476.17785513,0.02222944
476.40039575,0.02355647
476.62295024,0.02562995
476.84551859,0.02818033
477.06810080,0.02710212
477.29069686,0.02592024
477.51330678,0.02473835
477.73593055,0.02911340
477.95856817,0.02471762
478.18121963,0.02668742
478.40388494,0.02689477
478.62656409,0.03344697
478.84925707,0.02706065
479.07196389,0.02674963
479.29468455,0.02722653
479.51741903,0.03126982
479.74016733,0.02592024
479.96292946,0.02405410
480.18570542,0.02683257
480.40849519,0.02438586
480.63129877,0.02753755
480.85411617,0.02581656
481.07694738,0.02477982
481.29979239,0.02882311
481.52265121,0.02330765
481.74552383,0.02687404
481.96841025,0.02303810
482.19131046,0.02500791
482.41422447,0.02216724
482.63715227,0.02411631
482.86009385,0.02086094
483.08304922,0.02276855
483.30601837,0.02144152
483.52900130,0.02571289
483.75199801,0.02291369
483.97500849,0.02318324
484.19803274,0.02336986
484.42107076,0.01940951
484.64412255,0.02776563
484.86718810,0.02428219
485.09026741,0.01833130
485.31336047,0.02015596
485.53646729,0.02206356
485.75958786,0.01891187
485.98272218,0.01918142
486.20587024,0.01756411
486.42903205,0.02065360
486.65220760,0.01866305
486.87539689,0.02585803
487.09859991,0.02133784
487.32181666,0.02380529
487.54504715,0.02735094
487.76829136,0.02380529
487.99154929,0.02946589
488.21482094,0.02621052
488.43810631,0.02386749
488.66140540,0.03145643
488.88471820,0.02894752
489.10804471,0.02894752
489.33138493,0.03222362
489.55473885,0.03220288
489.77810647,0.03558266
490.00148780,0.03603882
490.22488281,0.03392387
490.44829153,0.03898317
490.67171393,0.03597662
490.89515002,0.03753173
491.11859979,0.03780128
491.34206325,0.03717924
491.56554038,0.03593515
491.78903120,0.03713777
492.01253568,0.03632911
492.23605384,0.04060048
492.45958567,0.03956374
492.68313116,0.03972962
492.90669031,0.03425563
493.13026312,0.03220288
493.35384960,0.03066851
493.57744972,0.02863650
493.80106350,0.02992205
494.02469092,0.03077218
494.24833200,0.03257611
494.47198671,0.03564486
494.69565507,0.02946589
494.91933706,0.03693042
495.14303269,0.03286640
495.36674195,0.02934148
495.59046484,0.03301154
495.81420136,0.03415196
496.03795150,0.03023308
496.26171526,0.02789004
496.48549264,0.03265905
496.70928364,0.03323962
496.93308825,0.03332256
497.15690647,0.03516796
497.38073830,0.03301154
497.60458373,0.03690968
497.82844276,0.04422907
498.05231539,0.03860994
498.27620162,0.03871361
498.50010144,0.04031019
498.72401485,0.03869288
498.94794185,0.04414613
499.17188244,0.03701336
499.39583661,0.03906610
499.61980435,0.03332256
499.84378568,0.04155428
500.06778058,0.03892096
500.29178904,0.03943933
500.51581108,0.03757320
500.73984668,0.04053828
500.96389585,0.03730365
501.18795858,0.03639131
501.41203486,0.04528655
501.63612470,0.03701336
501.86022809,0.04360703
502.08434503,0.04721488
502.30847551,0.04325454
502.53261954,0.04145061
502.75677711,0.03724144
502.98094822,0.04153355
503.20513286,0.04325454
503.42933104,0.04205192
503.65354274,0.03860994
503.87776797,0.03531310
504.10200673,0.03404828
504.32625901,0.03846479
504.55052480,0.03361285
504.77480411,0.03124908
504.99909694,0.03081365
505.22340327,0.03539604
505.44772312,0.03058557
505.67205646,0.02888531
505.89640331,0.03100026
506.12076366,0.02554701
506.34513750,0.02844988
506.56952484,0.02853282
506.79392567,0.02612758
507.01833999,0.02836694
507.24276779,0.02969397
507.46720907,0.02859503
507.69166384,0.03019161
507.91613208,0.02838768
508.14061380,0.03019161
508.36510898,0.02946589
508.58961764,0.03243097
508.81413976,0.03375799
509.03867534,0.03616323
509.26322439,0.03462886
509.48778689,0.02992205
509.71236285,0.03931492
509.93695226,0.03711703
510.16155512,0.03396534
510.38617142,0.03549972
510.61080117,0.03599735
510.83544436,0.03730365
511.06010099,0.03433857
511.28477105,0.04006138
511.50945454,0.04072489
511.73415147,0.03935639
511.95886182,0.03630837
512.18358560,0.03581074
512.40832280,0.02898899
512.63307341,0.03676454
512.85783745,0.03411049
513.08261489,0.03070998
513.30740575,0.03257611
513.53221001,0.03025381
513.75702768,0.03174672
513.98185875,0.03118688
514.20670322,0.03058557
514.43156109,0.03158084
514.65643235,0.02998426
514.88131700,0.02919634
515.10621504,0.03518870
515.33112647,0.03382020
515.55605128,0.03012940
515.78098946,0.03350918
516.00594103,0.03075145
516.23090597,0.03091733
516.45588428,0.03386167
516.68087596,0.02762049
516.90588100,0.02975618
517.13089941,0.02670816
517.35593118,0.02840841
517.58097631,0.02714359
517.80603479,0.02832547
518.03110663,0.02467615
518.25619181,0.02455174
518.48129034,0.02434439
518.70640222,0.02917560
518.93152743,0.02770343
519.15666598,0.02703992
519.38181787,0.02430292
519.60698310,0.03035749
519.83216165,0.02762049
520.05735353,0.02162813
520.28255873,0.02334912
520.50777726,0.02272708
520.73300910,0.02376382
520.95825426,0.02577509
521.18351273,0.02550554
521.40878452,0.02643861
521.63406961,0.02490423
521.85936801,0.02336986
522.08467971,0.02361867
522.31000471,0.02191842
522.53534300,0.02328692
522.76069459,0.02946589
522.98605947,0.02795225
523.21143764,0.03004646
523.43682910,0.03238950
523.66223383,0.02932075
523.88765185,0.03137349
524.11308315,0.03371652
524.33852772,0.03413122
524.56398556,0.02838768
524.78945667,0.03452518
525.01494104,0.03537531
525.24043868,0.03249317
525.46594959,0.03773908
525.69147374,0.04385584
525.91701116,0.03790496
526.14256182,0.03419342
526.36812574,0.03352991
526.59370290,0.03504355
526.81929331,0.02969397
527.04489696,0.03554119
527.27051384,0.03363358
527.49614396,0.03141496
527.72178732,0.02840841
527.94744390,0.02954883
528.17311372,0.02936221
528.39879675,0.03512649
528.62449301,0.02994279
528.85020249,0.03645352
529.07592518,0.03539604
529.30166109,0.03435930
529.52741021,0.03991623
529.75317254,0.04097371
529.97894807,0.03734512
530.20473680,0.04319233
530.43053874,0.04491332
530.65635387,0.05490750
530.88218219,0.04476818
531.10802371,0.05250226
531.33387841,0.05158993
531.55974630,0.04937130
531.78562738,0.05264740
532.01152163,0.05741641
532.23742906,0.05190095
532.46334967,0.04986894
532.68928344,0.05038731
532.91523039,0.05084347
533.14119051,0.05440986
533.36716378,0.04696607
533.59315022,0.04721488
533.81914982,0.04883220
534.04516257,0.05978018
534.27118847,0.04982747
534.49722752,0.05167287
534.72327973,0.05646261
534.94934507,0.05312430
535.17542356,0.05857756
535.40151518,0.05847388
535.62761994,0.05217050
535.85373784,0.04968233
536.07986886,0.05662849
536.30601301,0.05262667
536.53217029,0.05478309
536.75834069,0.05044951
536.98452420,0.05318651
537.21072084,0.05397443
537.43693059,0.05530146
537.66315345,0.05210830
537.88938941,0.05169360
538.11563848,0.05391223
538.34190066,0.05826654
538.56817593,0.05219124
538.79446431,0.05467941
539.02076577,0.05250226
539.24708033,0.05957283
539.47340798,0.06104500
539.69974871,0.05754082
539.92610252,0.05443060
540.15246942,0.05422325
540.37884939,0.05451354
540.60524244,0.06338803
540.83164856,0.05428545
541.05806775,0.05961430
541.28450001,0.06216468
541.51094533,0.06432110
541.73740371,0.06531637
541.96387515,0.06353318
542.19035965,0.06019487
542.41685719,0.06888276
542.64336779,0.07014758
542.86989144,0.07259429
543.09642813,0.06303554
543.32297786,0.06309775
543.54954063,0.06262085
543.77611643,0.06653972
544.00270527,0.06087912
544.22930714,0.07178563
544.45592204,0.06249644
544.68254996,0.06328436
544.90919091,0.05872270
545.13584487,0.06376126
545.36251185,0.06174998
545.58919184,0.05768596
545.81588485,0.06017414
546.04259086,0.05893005
546.26930988,0.05861903
546.49604191,0.06593841
546.72278693,0.06423816
546.94954495,0.06123161
547.17631596,0.06498461
547.40309997,0.06884129
547.62989696,0.06508829
547.85670694,0.07118432
548.08352991,0.08001735
548.31036585,0.07294678
548.53721477,0.07551790
548.76407667,0.08169687
548.99095154,0.07777799
549.21783938,0.07240767
549.44474018,0.08136511
549.67165395,0.07792313
549.89858069,0.07883546
550.12552038,0.07767431
550.35247302,0.07533128
550.57943862,0.07562157
550.80641717,0.07112212
551.03340866,0.07802681
551.26041310,0.07680345
551.48743048,0.08095041
551.71446081,0.08161393
551.94150406,0.08789657
552.16856025,0.08644514
552.39562937,0.09098606
552.62271142,0.08455827
552.84980640,0.08683910
553.07691429,0.09162884
553.30403511,0.08644514
553.53116884,0.08943095
553.75831549,0.08542913
553.98547505,0.09243750
554.21264752,0.09623197
554.43983289,0.09482200
554.66703116,0.10110465
554.89424234,0.10394532
555.12146641,0.10589439
555.34870338,0.10873506
555.57595324,0.11292349
555.80321599,0.11512138
556.03049162,0.11186601
556.25778014,0.10823742
556.48508154,0.11694604
556.71239582,0.11984891
556.93972297,0.11607518
557.16706300,0.10964739
557.39441589,0.11337965
557.62178165,0.12136255
557.84916028,0.11230144
558.07655177,0.11707045
558.30395611,0.11673869
558.53137331,0.11904025
558.75880337,0.11709118
558.98624627,0.11860482
559.21370202,0.11642767
559.44117062,0.11016576
559.66865206,0.11760955
559.89614634,0.11779617
560.12365345,0.11578489
560.35117340,0.11607518
560.57870618,0.11771323
560.80625179,0.11140985
561.03381022,0.11149279
561.26138148,0.11518358
561.48896555,0.11590930
561.71656244,0.11651061
561.94417215,0.11821086
562.17179467,0.11327598
562.39942999,0.11396023
562.62707812,0.11503844
562.85473906,0.12555098
563.08241279,0.12505335
563.31009933,0.12285546
563.53779866,0.13166775
563.76551078,0.12710609
563.99323568,0.12816357
564.22097338,0.12523996
564.44872386,0.12389220
564.67648712,0.12451424
564.90426316,0.12067830
565.13205197,0.12053316
565.35985356,0.11462374
565.58766792,0.11769249
565.81549504,0.11667649
566.04333493,0.11754735
566.27118758,0.10709701
566.49905298,0.10854844
566.72693115,0.11020723
566.95482207,0.11371141
567.18272573,0.10632982
567.41064215,0.11512138
567.63857131,0.10894240
567.86651321,0.11478962
568.09446785,0.10975106
568.32243523,0.11194895
568.55041534,0.10539675
568.77840819,0.11300643
569.00641376,0.10966812
569.23443206,0.11078780
569.46246308,0.11476888
569.69050682,0.11537019
569.91856327,0.11636546
570.14663244,0.11203189
570.37471433,0.11022796
570.60280892,0.11503844
570.83091622,0.11194895
571.05903622,0.11107809
571.28716892,0.11103662
571.51531432,0.11389802
571.74347241,0.11653134
571.97164320,0.10782272
572.19982667,0.11172087
572.42802284,0.10782272
572.65623168,0.11076707
572.88445321,0.10991694
573.11268742,0.10614320
573.34093430,0.09811883
573.56919385,0.10350988
573.79746608,0.10348915
574.02575097,0.10562483
574.25404853,0.10730435
574.48235874,0.10939857
574.71068162,0.11147205
574.93901715,0.10601880
575.16736534,0.11783764
575.39572618,0.11624106
575.62409966,0.11574342
575.85248579,0.12040875
576.08088456,0.11814866
576.30929597,0.12540584
576.53772002,0.12409955
576.76615671,0.12781108
576.99460602,0.12488747
577.22306796,0.12028434
577.45154253,0.12582054
577.68002972,0.12650479
577.90852953,0.11960009
578.13704196,0.11864629
578.36556700,0.12345677
578.59410465,0.12018067
578.82265492,0.12370559
579.05121779,0.12125888
579.27979326,0.11578489
579.50838133,0.11512138
579.73698201,0.11655208
579.96559527,0.11512138
580.19422113,0.11541166
580.42285958,0.11545313
580.65151062,0.10944004
580.88017424,0.10767758
581.10885044,0.10521014
581.33753922,0.10929490
581.56624057,0.10149861
581.79495450,0.10102171
582.02368100,0.09903117
582.25242007,0.10091803
582.48117170,0.10516867
582.70993589,0.10757391
582.93871264,0.10950224
583.16750195,0.10668231
583.39630381,0.10185110
583.62511822,0.10143640
583.85394518,0.10172669
584.08278469,0.10436001
584.31163674,0.10042040
584.54050133,0.10514793
584.76937845,0.10759464
584.99826811,0.11236365
585.22717030,0.11300643
585.45608502,0.10873506
585.68501226,0.12084418
585.91395203,0.12451424
586.14290432,0.12897223
586.37186912,0.12723050
586.60084644,0.13050660
586.82983628,0.13778452
587.05883862,0.14379761
587.28785347,0.14470995
587.51688082,0.15155243
587.74592067,0.14294749
587.97497302,0.13799187
588.20403787,0.13403152
588.43311520,0.13587692
588.66220503,0.14493803
588.89130735,0.14473068
589.12042215,0.14672122
589.34954943,0.15422722
589.57868919,0.14927160
589.80784142,0.15368812
590.03700613,0.15093039
590.26618331,0.15159390
590.49537296,0.15325269
590.72457507,0.14186928
590.95378964,0.14616138
591.18301667,0.14983144
591.41225616,0.15049496
591.64150811,0.14630653
591.87077250,0.14929234
592.10004934,0.15292093
592.32933863,0.14458554
592.55864036,0.14101915
592.78795453,0.14124723
593.01728114,0.14317557
593.24662018,0.14251206
593.47597165,0.14116429
593.70533555,0.14367321
593.93471188,0.14823486
594.16410063,0.15219521
594.39350180,0.15265138
594.62291539,0.14931307
594.85234140,0.14676269
595.08177981,0.15053643
595.31123064,0.14495876
595.54069387,0.14769576
595.77016951,0.15381253
595.99965755,0.15569939
596.22915798,0.15683981
596.45867081,0.15314901
596.68819604,0.14995585
596.91773365,0.14730180
597.14728365,0.15136582
597.37684603,0.14821413
597.60642080,0.15333563
597.83600795,0.16082089
598.06560747,0.16353715
598.29521936,0.15999150
598.52484363,0.16162955
598.75448026,0.16731089
598.98412926,0.16687545
599.21379062,0.17259826
599.44346434,0.18213627
599.67315042,0.18634544
599.90284885,0.19329160
600.13255963,0.20863536
600.36228276,0.20745347
600.59201824,0.20863536
600.82176606,0.20629232
601.05152622,0.21272011
601.28129871,0.21257497
601.51108354,0.22339854
601.74088070,0.22903841
601.97069019,0.22864444
602.20051201,0.23098748
602.43034615,0.23422211
602.66019261,0.23843127
602.89005139,0.23749821
603.11992249,0.23977904
603.34980589,0.24819737
603.57970161,0.24697401
603.80960963,0.25344327
604.03952996,0.26260806
604.26946259,0.27691508
604.49940751,0.28112424
604.72936474,0.28041926
604.95933425,0.27892635
605.18931606,0.27535996
605.41931015,0.27139962
605.64931653,0.27181431
605.87933519,0.26673429
606.10936612,0.27869827
606.33940934,0.27030067
606.56946483,0.28581031
606.79953259,0.28133159
607.02961261,0.28773864
607.25970490,0.29516171
607.48980946,0.30812096
607.71992627,0.29966116
607.95005534,0.31376083
608.18019667,0.31083722
608.41035024,0.31226792
608.64051607,0.31463169
608.87069414,0.31562696
609.10088445,0.31993980
609.33108700,0.32672008
609.56130179,0.33092925
609.79152882,0.33341742
610.02176808,0.34500818
610.25201956,0.34249927
610.48228328,0.34658403
610.71255921,0.33860113
610.94284737,0.34455202
611.17314775,0.34386777
611.40346034,0.34227119
611.63378514,0.34405438
611.86412215,0.33078410
612.09447137,0.32493689
612.32483280,0.32076919
612.55520642,0.31121045
612.78559225,0.28547855
613.01599027,0.25991253
613.24640048,0.25083069
613.47682288,0.24205986
613.70725747,0.23096674
613.93770425,0.21945893
614.16816321,0.21367391
614.39863434,0.20764009
614.62911766,0.20701804
614.85961314,0.20660334
615.09012080,0.21479359
615.32064063,0.21473139
615.55117262,0.21697075
615.78171677,0.21456551
616.01227308,0.21904423
616.24284156,0.22265209
616.47342218,0.21883688
616.70401496,0.22138726
616.93461988,0.21547784
617.16523695,0.22574157
617.39586617,0.21495947
617.62650752,0.21251276
617.85716101,0.20504823
618.08782664,0.19613227
618.31850440,0.19244147
618.54919429,0.18170084
618.77989630,0.17487909
619.01061044,0.16540328
619.24133670,0.16069648
619.47207508,0.15934872
619.70282557,0.15192566
619.93358818,0.15943166
620.16436289,0.14991438
620.39514972,0.15406134
620.62594864,0.14464774
620.85675967,0.14686637
621.08758280,0.13965065
621.31841802,0.13461209
621.54926534,0.12822577
621.78012475,0.12559245
622.01099624,0.12015993
622.24187982,0.12159064
622.47277549,0.11827307
622.70368323,0.12026361
622.93460305,0.11120250
623.16553494,0.11172087
623.39647890,0.11188675
623.62743493,0.11055972
623.85840303,0.11060119
624.08938319,0.11551534
624.32037541,0.11439566
624.55137968,0.11823160
624.78239602,0.10707627
625.01342440,0.10419413
625.24446483,0.10906681
625.47551731,0.10220359
625.70658183,0.10060701
625.93765839,0.09946660
626.16874699,0.09930072
626.39984763,0.09449024
626.63096029,0.10178890
626.86208499,0.10193404
627.09322171,0.10147787
627.32437046,0.11095368
627.55553123,0.11230144
627.78670401,0.11597150
628.01788882,0.12022214
628.24908563,0.13146040
628.48029446,0.12285546
628.71151529,0.13054807
628.94274813,0.13110791
629.17399296,0.13996168
629.40524980,0.13840656
629.63651863,0.13882126
629.86779946,0.14236691
630.09909228,0.14672122
630.33039709,0.15775214
630.56171388,0.17052478
630.79304265,0.17533526
631.02438340,0.18329742
631.25573613,0.19096930
631.48710084,0.19088636
631.71847751,0.19128032
631.94986615,0.20011335
632.18126676,0.20799258
632.41267933,0.21605842
632.64410387,0.21692928
632.87554035,0.22435234
633.10698880,0.23955095
633.33844919,0.24593727
633.56992154,0.25097583
633.80140583,0.25377503
634.03290207,0.24081578
634.26441024,0.23163026
634.49593035,0.23098748
634.72746240,0.22802240
634.95900638,0.23148511
635.19056229,0.24537743
635.42213013,0.25752803
635.65370989,0.25257241
635.88530158,0.24483833
636.11690518,0.25435561
636.34852069,0.25559969
636.58014812,0.27535996
636.81178746,0.28838142
637.04343871,0.31566843
637.27510187,0.31869571
637.50677692,0.33617515
637.73846387,0.33051455
637.97016272,0.31998127
638.20187347,0.33192452
638.43359610,0.32860695
638.66533062,0.32734213
638.89707703,0.33503474
639.12883532,0.32674082
639.36060549,0.32684449
639.59238754,0.32376798
639.82418146,0.34062871
640.05598725,0.34025319
640.28780491,0.34783347
640.51963444,0.33914595
640.75147583,0.31626386
640.98332908,0.31576624
641.21519419,0.31024409
641.44707115,0.31788310
641.67895997,0.30684908
641.91086063,0.29723465
642.14277314,0.29467325
642.37469750,0.28507932
642.60663369,0.29145993
642.83858172,0.29820237
643.07054159,0.30041513
643.30251329,0.30536618
643.53449683,0.30933070
643.76649218,0.29747532
643.99849937,0.29209277
644.23051837,0.29533347
644.46254919,0.29359869
644.69459183,0.29018988
644.92664628,0.28281305
645.15871254,0.27289047
645.39079061,0.26563559
645.62288049,0.27892858
645.85498217,0.26672075
646.08709564,0.25895044
646.31922091,0.25760858
646.55135798,0.26338585
646.78350684,0.27663311
647.01566748,0.26583543
647.24783991,0.25874501
647.48002413,0.25810723
647.71222012,0.25466010
647.94442789,0.26273833
648.17664744,0.26214445
648.40887875,0.26583136
648.64112184,0.25759115
648.87337669,0.25254362
649.10564331,0.24666644
649.33792168,0.25687688
649.57021181,0.24821848
649.80251370,0.24952767
650.03482734,0.25117286
650.26715273,0.25048146
650.49948987,0.24391642
650.73183875,0.24907374
650.96419937,0.24514090
651.19657173,0.23905907
651.42895582,0.24718750
651.66135165,0.24435216
651.89375921,0.24093659
652.12617849,0.23639671
652.35860950,0.23805907
652.59105224,0.23058380
652.82350669,0.22942070
653.05597285,0.23620926
653.28845073,0.23674002
653.52094032,0.23379315
653.75344162,0.24174870
653.98595462,0.24549047
654.21847933,0.25295603
654.45101573,0.25294575
654.68356383,0.25977753
654.91612363,0.26223103
655.14869511,0.25932796
655.38127829,0.28177163
655.61387315,0.26975936
655.84647969,0.26876103
656.07909792,0.26609766
656.31172782,0.26875979
656.54436939,0.25572948
656.77702264,0.26585268
657.00968756,0.25833481
657.24236414,0.27016261
657.47505238,0.27773153
657.70775229,0.28207817
657.94046385,0.28328943
658.17318707,0.29252967
658.40592195,0.29105609
658.63866847,0.28310383
658.87142663,0.28045208
659.10419645,0.28038658
659.33697790,0.27831064
659.56977099,0.28437881
659.80257572,0.28251921
660.03539208,0.27608258
660.26822007,0.27068775
660.50105969,0.27252438
660.73391093,0.27447309
660.96677380,0.27344775
661.19964828,0.28652324
661.43253438,0.29606338
661.66543209,0.28479437
661.89834142,0.29654687
662.13126235,0.30313002
662.36419489,0.31636800
662.59713903,0.32898711
662.83009477,0.32417861
663.06306210,0.31161998
663.29604103,0.30373494
663.52903155,0.30159770
663.76203367,0.28219193
663.99504736,0.27746618
664.22807264,0.26958271
664.46110950,0.26516540
664.69415794,0.25892620
664.92721795,0.26150541
665.16028953,0.25598930
665.39337269,0.25505589
665.62646740,0.26038385
665.85957369,0.25127011
666.09269153,0.25370561
666.32582093,0.25823405
666.55896189,0.25133180
666.79211440,0.24585433
667.02527846,0.25727921
667.25845406,0.24985615
667.49164121,0.23756041
667.72483991,0.23534179
667.95805014,0.23351712
668.19127190,0.22020538
668.42450520,0.22132506
668.65775003,0.21881615
668.89100639,0.21707442
669.12427427,0.21823557
669.35755368,0.22281796
669.59084460,0.21869174
669.82414704,0.22706860
670.05746099,0.24402967
670.29078646,0.24336616
670.52412343,0.24253677
670.75747191,0.25586925
670.99083189,0.25649129
671.22420337,0.26360333
671.45758635,0.26101148
671.69098082,0.26339598
671.92438678,0.26700384
672.15780424,0.27384632
672.39123317,0.27492453
672.62467360,0.28860951
672.85812550,0.29418717
673.09158888,0.30758185
673.32506373,0.30874300
673.55855006,0.31427920
673.79204785,0.31286923
674.02555712,0.30921990
674.25907784,0.31168735
674.49261003,0.31218498
674.72615367,0.30785141
674.95970878,0.31871645
675.19327533,0.31591725
675.42685333,0.32211695
675.66044278,0.31819808
675.89404368,0.33213187
676.12765601,0.32910458
676.36127979,0.34575463
676.59491500,0.34108930
676.82856165,0.34463496
677.06221972,0.33422608
677.29588922,0.33538723
677.52957015,0.34691578
677.76326250,0.33408094
677.99696627,0.31813587
678.23068146,0.31371936
678.46440806,0.31004930
678.69814607,0.30057349
678.93189549,0.28672264
679.16565631,0.28889979
679.39942854,0.27774447
679.63321217,0.27477939
679.86700720,0.26692090
680.10081361,0.26534505
680.33463143,0.25943563
680.56846063,0.26617445
680.80230121,0.26474374
681.03615318,0.27351457
681.27001653,0.26845527
681.50389126,0.26644400
681.73777736,0.27077757
681.97167484,0.26221410
682.20558368,0.26557314
682.43950390,0.26389362
682.67343547,0.26258732
682.90737841,0.25985033
683.14133270,0.25103804
683.37529836,0.24417482
683.60927536,0.23793364
683.84326371,0.23206569
684.07726341,0.22725521
684.31127446,0.22814681
684.54529685,0.22070301
684.77933057,0.21831851
685.01337564,0.22501585
685.24743203,0.22708933
685.48149976,0.24064990
685.71557881,0.25049893
685.94966919,0.25132832
686.18377090,0.26640253
686.41788392,0.26926393
686.65200826,0.28371609
686.88614391,0.28319772
687.12029088,0.29752547
687.35444915,0.28883759
687.58861873,0.29389688
687.82279961,0.28726174
688.05699179,0.29310896
688.29119527,0.28697146
688.52541004,0.28552002
688.75963611,0.28846436
688.99387346,0.29812678
689.22812210,0.29590816
689.46238203,0.31172882
689.69665323,0.31320099
689.93093571,0.31998127
690.16522947,0.33142688
690.39953450,0.33090851
690.63385080,0.34137959
690.86817837,0.34252000
691.10251720,0.34050873
691.33686730,0.35044070
691.57122865,0.35012968
691.80560125,0.36153382
692.03998511,0.35489868
692.27438023,0.36460257
692.50878658,0.35682702
692.74320419,0.36192778
692.97763303,0.34851236
693.21207312,0.36211440
693.44652444,0.35570734
693.68098699,0.37339413
693.91546077,0.37720934
694.14994579,0.39381792
694.38444203,0.39344469
694.61894949,0.40092996
694.85346817,0.41552726
695.08799806,0.40965931
695.32253918,0.40590631
695.55709150,0.41191940
695.79165503,0.41162912
696.02622977,0.42707655
696.26081571,0.43039412
696.49541285,0.44428644
696.73002119,0.44652580
696.96464072,0.45987901
697.19927145,0.45637483
697.43391336,0.46106090
697.66856647,0.45243522
697.90323075,0.44888956
698.13790622,0.43049779
698.37259286,0.44098960
698.60729068,0.44246177
698.84199967,0.45241448
699.07671984,0.46690811
699.31145117,0.47059891
699.54619366,0.46203543
699.78094731,0.46456508
700.01571213,0.49545994
700.25048810,0.50074732
700.48527522,0.52606452
700.72007349,0.54611507
700.95488292,0.54646757
701.18970348,0.55791318
701.42453519,0.55836935
701.65937804,0.56591682
701.89423202,0.57518527
702.12909714,0.58455741
702.36397339,0.58909833
702.59886077,0.60620455
702.83375927,0.57450103
703.06866889,0.57595246
703.30358964,0.57711361
703.53852150,0.58372801
703.77346448,0.58007869
704.00841857,0.58099102
704.24338376,0.58074220
704.47836007,0.57493646
704.71334748,0.55716673
704.94834598,0.54234134
705.18335559,0.54557597
705.41837629,0.53162144
705.65340808,0.52117110
705.88845096,0.52150286
706.12350493,0.53578914
706.35856998,0.54298412
706.59364612,0.56554359
706.82873333,0.57759051
707.06383161,0.60367490
707.29894097,0.61018563
707.53406141,0.62032495
707.76919290,0.64514451
708.00433546,0.68451991
708.23948909,0.71232529
708.47465377,0.72862285
708.70982951,0.71958247
708.94501630,0.73797424
709.18021414,0.71294733
709.41542303,0.72455882
709.65064297,0.70581456
709.88587395,0.69534348
710.12111597,0.68671780
710.35636902,0.65401901
710.59163311,0.62872255
710.82690823,0.62447191
711.06219437,0.59697756
711.29749155,0.59225002
711.53279974,0.58405977
711.76811896,0.58416345
712.00344920,0.57810888
712.23879044,0.58828967
712.47414270,0.58082514
712.70950597,0.58262907
712.94488025,0.57145301
713.18026553,0.57922856
713.41566181,0.55691791
713.65106908,0.55789245
713.88648736,0.55362107
714.12191662,0.56116854
714.35735688,0.55586043
714.59280812,0.53927259
714.82827034,0.53641119
715.06374355,0.52264327
715.29922774,0.51897321
715.53472290,0.53220202
715.77022903,0.51998922
716.00574614,0.52732934
716.24127421,0.52108816
716.47681324,0.48967493
716.71236324,0.48156762
716.94792420,0.47372986
717.18349611,0.47292121
717.41907898,0.47758654
717.65467280,0.46653489
717.89027757,0.47899650
718.12589328,0.47966002
718.36151993,0.47963928
718.59715752,0.47275533
718.83280605,0.46448214
719.06846552,0.45210346
719.30413591,0.44926279
719.53981724,0.44165312
719.77550949,0.43721587
720.01121266,0.44843340
720.24692676,0.45349269
720.48265177,0.46288556
720.71838769,0.47304561
720.95413453,0.46690811
721.18989228,0.47159418
721.42566093,0.46796559
721.66144049,0.46786191
721.89723095,0.46582990
722.13303231,0.46701179
722.36884456,0.46342466
722.60466770,0.47480807
722.84050173,0.46800706
723.07634666,0.47372986
723.31220246,0.46916821
723.54806915,0.47134536
723.78394671,0.46558108
724.01983515,0.44665021
724.25573447,0.42545923
724.49164465,0.41527844
724.72756571,0.39441923
724.96349762,0.38135630
725.19944040,0.38145997
725.43539404,0.37001436
725.67135854,0.36041414
725.90733388,0.35543779
726.14332008,0.35746980
726.37931713,0.34500818
726.61532503,0.33374918
726.85134376,0.32835813
727.08737334,0.32215842
727.32341375,0.31355348
727.55946500,0.31158367
727.79552708,0.30926137
728.03159998,0.30604748
728.26768372,0.30803802
728.50377827,0.31541961
728.73988365,0.32387941
728.97599985,0.31958731
729.21212686,0.32626392
729.44826468,0.32365133
729.68441331,0.32056184
729.92057275,0.30789288
730.15674299,0.30223227
730.39292403,0.31071281
730.62911587,0.29358586
730.86531851,0.29271500
731.10153194,0.28576884
731.33775616,0.27177284
731.57399117,0.27254003
731.81023696,0.25425193
732.04649353,0.25406532
732.28276088,0.24492127
732.51903901,0.24475539
732.75532791,0.23679322
732.99162758,0.22771138
733.22793802,0.22001877
733.46425923,0.21261644
733.70059119,0.20755715
733.93693392,0.20359680
734.17328740,0.19582125
734.40965164,0.19791546
734.64602662,0.19264882
734.88241236,0.19248294
735.11880884,0.19335380
735.35521607,0.18435490
735.59163403,0.18524649
735.82806273,0.18891655
736.06450217,0.18877141
736.30095234,0.18817010
736.53741323,0.19882779
736.77388486,0.21126868
737.01036720,0.22049567
737.24686027,0.22893473
737.48336406,0.24199766
737.71987856,0.25126612
737.95640377,0.26640253
738.19293969,0.27266444
738.42948632,0.27303767
738.66604365,0.27913370
738.90261169,0.27436469
739.13919042,0.28232686
739.37577985,0.27741271
739.61237997,0.28048146
739.84899078,0.28456622
740.08561228,0.27766153
740.32224446,0.26184087
740.55888732,0.25136979
740.79554087,0.24102312
741.03220509,0.23851421
741.26887998,0.22132506
741.50556555,0.22514026
741.74226178,0.21748912
741.97896868,0.21514609
742.21568624,0.20401149
742.45241446,0.19714827
742.68915333,0.18794202
742.92590286,0.18609662
743.16266304,0.18091292
743.39943387,0.16843057
743.63621535,0.16687545
743.87300747,0.16073795
744.10981023,0.15968048
744.34662363,0.15947313
744.58344766,0.16594239
744.82028232,0.16853424
745.05712761,0.16745603
745.29398353,0.16894894
745.53085007,0.15785581
745.76772724,0.16430434
746.00461502,0.16579724
746.24151341,0.16046840
746.47842242,0.16086236
746.71534204,0.16492638
746.95227227,0.16513373
747.18921310,0.17463027
747.42616453,0.17054552
747.66312656,0.17398749
747.90009918,0.16977833
748.13708240,0.18597221
748.37407621,0.18769320
748.61108061,0.18634544
748.84809559,0.18541237
749.08512115,0.17840401
749.32215730,0.17568775
749.55920401,0.17732580
749.79626131,0.17143711
750.03332917,0.17666228
750.27040760,0.17066992
750.50749660,0.17498276
750.74459616,0.17601950
750.98170628,0.17214210
751.21882695,0.17168593
751.45595818,0.16687545
751.69309997,0.17937854
751.93025230,0.17763682
752.16741517,0.17722212
752.40458859,0.17369721
752.64177256,0.16310172
752.87896705,0.16952951
753.11617209,0.16318466
753.35338765,0.17361427
753.59061374,0.16986127
753.82785037,0.17867356
754.06509751,0.18213627
754.30235518,0.18787981
754.53962336,0.19971939
754.77690206,0.20757788
755.01419127,0.21873321
755.25149099,0.22648802
755.48880122,0.23003368
755.72612195,0.23156805
755.96345319,0.23403549
756.20079492,0.23096674
756.43814715,0.23034470
756.67550987,0.23009588
756.91288309,0.22878959
757.15026679,0.22285943
757.38766097,0.22433160
757.62506564,0.21415081
757.86248079,0.20749494
758.09990641,0.19530288
758.33734251,0.19497112
758.57478908,0.18993256
758.81224612,0.18632470
759.04971362,0.17765755
759.28719159,0.17574995
759.52468001,0.16492638
759.76217889,0.17407043
759.99968823,0.16200278
760.23720802,0.16140147
760.47473826,0.15211227
760.71227894,0.15352224
760.94983007,0.14831780
761.18739164,0.14050078
761.42496364,0.13710027
761.66254608,0.14041784
761.90013895,0.13826142
762.13774226,0.14155826
762.37535598,0.13301551
762.61298014,0.14155826
762.85061471,0.14091548
763.08825970,0.15041202
763.32591511,0.14823486
763.56358093,0.15014247
763.80125716,0.15783508
764.03894380,0.17243238
764.27664084,0.17599877
764.51434829,0.17886017
764.75206613,0.19221339
764.98979437,0.19824722
765.22753300,0.20272594
765.46528203,0.21166264
765.70304144,0.21216027
765.94081124,0.20882197
766.17859142,0.20880123
766.41638197,0.21869174
766.65418291,0.21663899
766.89199422,0.21910643
767.12981590,0.21255423
767.36764795,0.20840727
767.60549036,0.20042437
767.84334314,0.20654114
768.08120628,0.20092201
768.31907977,0.20492383
768.55696362,0.19733489
768.79485782,0.20330651
769.03276238,0.19509553
769.27067727,0.20040364
769.50860251,0.19706533
769.74653809,0.20900858
769.98448401,0.20751568
770.22244027,0.20426031
770.46040685,0.20386635
770.69838377,0.20243565
770.93637101,0.20761935
771.17436858,0.20807552
771.41237647,0.21298967
771.65039468,0.21570593
771.88842320,0.20757788
772.12646204,0.21495947
772.36451118,0.21083325
772.60257064,0.21112353
772.84064039,0.20660334
773.07872045,0.20141964
773.31681081,0.20173067
773.55491147,0.19789473
773.79302242,0.19264882
774.03114366,0.18754806
774.26927519,0.18425122
774.50741700,0.17726359
774.74556910,0.17218357
774.98373147,0.17523158
775.22190413,0.17506570
775.46008705,0.17191401
775.69828025,0.17239091
775.93648372,0.17487909
776.17469745,0.17174813
776.41292145,0.17152005
776.65115570,0.16596312
776.88940022,0.16471903
777.12765499,0.15947313
777.36592001,0.16318466
777.60419528,0.16011591
777.84248079,0.15346003
778.08077655,0.16239674
778.31908256,0.15866447
778.55739879,0.14694931
778.79572527,0.15221595
779.03406198,0.14526979
779.27240891,0.14054225
779.51076608,0.13212392
779.74913346,0.13759791
779.98751107,0.13832363
780.22589890,0.15754479
780.46429695,0.13214465
780.70270520,0.13382417
780.94112367,0.13268376
781.17955235,0.13844803
781.41799123,0.12826724
781.65644031,0.13448769
781.89489959,0.12418249
782.13336907,0.12356044
782.37184874,0.12513629
782.61033861,0.13023705
782.84883866,0.13268376
783.08734890,0.13139820
783.32586931,0.12557172
783.56439991,0.12521923
783.80294069,0.12335309
784.04149164,0.12642185
784.28005276,0.12453498
784.51862406,0.13156408
784.75720551,0.12971868
784.99579713,0.13154334
785.23439891,0.13915302
785.47301085,0.14193148
785.71163295,0.14004461
785.95026519,0.14514538
786.18890759,0.14605771
786.42756013,0.14560154
786.66622282,0.14207663
786.90489564,0.14796531
787.14357861,0.14744694
787.38227171,0.15024614
787.62097494,0.14808972
787.85968831,0.14162046
788.09841180,0.13996168
788.33714541,0.13736982
788.57588915,0.12698169
788.81464301,0.12646332
789.05340698,0.12470086
789.29218106,0.12546805
789.53096526,0.12893076
789.76975956,0.12297987
790.00856397,0.12698169
790.24737848,0.13471577
790.48620309,0.12706463
790.72503780,0.13222759
790.96388260,0.13585618
791.20273749,0.14120576
791.44160247,0.13780526
791.68047754,0.13444622
791.91936269,0.13054807
792.15825792,0.12455571
792.39716323,0.12915884
792.63607861,0.12181872
792.87500406,0.11924760
793.11393958,0.12980162
793.35288517,0.12316648
793.59184082,0.11758882
793.83080653,0.11452007
794.06978230,0.11713265
794.30876813,0.12295913
794.54776401,0.12007700
794.78676993,0.11613738
795.02578591,0.12293840
795.26481193,0.12192239
795.50384798,0.12018067
795.74289408,0.11775470
795.98195022,0.12424469
796.22101638,0.12457645
796.46009258,0.12181872
796.69917880,0.12837092
796.93827505,0.13461209
797.17738132,0.13768085
797.41649761,0.13979580
797.65562392,0.15084745
797.89476024,0.15028761
798.13390657,0.14576742
798.37306290,0.15290019
798.61222925,0.14315484
798.85140559,0.14902279
799.09059194,0.14450260
799.32978828,0.15138655
799.56899462,0.13710027
799.80821094,0.14390129
800.04743726,0.13444622
800.28667356,0.13247641
800.52591985,0.13038219
800.76517611,0.13063101
801.00444236,0.14062519
801.24371857,0.14070813
801.48300476,0.14626506
801.72230092,0.15095112
801.96160705,0.15692275
802.20092314,0.16368229
802.44024919,0.15980489
802.67958519,0.16478124
802.91893116,0.17093948
803.15828707,0.17290928
803.39765294,0.17363500
803.63702875,0.18603442
803.87641450,0.18584780
804.11581020,0.18261317
804.35521584,0.18358771
804.59463141,0.18584780
804.83405692,0.17987618
805.07349235,0.18335963
805.31293772,0.18636617
805.55239300,0.18576486
805.79185821,0.17821739
806.03133334,0.17272267
806.27081839,0.16768411
806.51031335,0.16316392
806.74981822,0.15240256
806.98933300,0.14589183
807.22885768,0.14016902
807.46839227,0.13384491
807.70793675,0.13158481
807.94749114,0.13320213
808.18705542,0.13343021
808.42662959,0.12664993
808.66621364,0.12938692
808.90580759,0.13038219
809.14541141,0.13019558
809.38502512,0.12200533
809.62464871,0.12623523
809.86428217,0.12646332
810.10392550,0.12154917
810.34357870,0.11325524
810.58324177,0.11833527
810.82291470,0.10726288
811.06259749,0.10297078
811.30229015,0.10363429
811.54199265,0.09616976
811.78170501,0.09146296
812.02142722,0.08072233
812.26115928,0.07589112
812.50090118,0.07290531
812.74065292,0.06931819
812.98041450,0.06417596
813.22018592,0.07072815
813.45996717,0.05878491
813.69975825,0.05513558
813.93955916,0.05548807
814.17936989,0.05310357
814.41919045,0.05140331
814.65902083,0.05606865
814.89886102,0.04584639
815.13871102,0.04798207
815.37857084,0.04688313
815.61844047,0.05090568
815.85831990,0.04821015
816.09820913,0.04545242
816.33810817,0.04458156
816.57801700,0.04344115
816.81793562,0.04298498
817.05786404,0.04335821
817.29780225,0.03695115
817.53775024,0.03552045
817.77770801,0.03637058
818.01767557,0.03041969
818.25765290,0.03162231
818.49764001,0.03050263
818.73763689,0.03272125
818.97764354,0.03002573
819.21765996,0.03168451
819.45768614,0.02766196
819.69772209,0.02577509
819.93776779,0.02475909
820.17782324,0.02125491
820.41788845,0.02395043
820.65796341,0.02069507
820.89804812,0.01768852
821.13814257,0.01949245
821.37824677,0.02293442
821.61836070,0.02152446
821.85848437,0.02272708
822.09861777,0.02612758
822.33876090,0.02925854
822.57891376,0.03041969
822.81907635,0.03413122
823.05924866,0.03914904
823.29943069,0.04986894
823.53962243,0.06079618
823.77982389,0.07613994
824.02003506,0.08408137
824.26025594,0.09932145
824.50048652,0.11561901
824.74072681,0.12333236
824.98097680,0.14197295
825.22123648,0.14686637
825.46150586,0.17496203
825.70178493,0.17400823
825.94207369,0.17695257
826.18237214,0.18354624
826.42268027,0.19447348
826.66299808,0.20079760
826.90332557,0.20987944
827.14366273,0.21601695
827.38400957,0.22487071
827.62436608,0.22356442
827.86473225,0.22766991
828.10510809,0.23397329
828.34549359,0.23911552
828.58588874,0.23084233
828.82629356,0.23629559
829.06670802,0.22551349
829.30713214,0.22717227
829.54756590,0.22194710
829.78800931,0.22352295
830.02846236,0.22883106
830.26892505,0.22681978
830.50939738,0.22426940
830.74987934,0.22588672
830.99037093,0.22748330
831.23087215,0.23048984
831.47138299,0.22659170
831.71190346,0.22178122
831.95243355,0.21780014
832.19297325,0.21079178
832.43352257,0.20911226
832.67408150,0.20649967
832.91465003,0.20670702
833.15522818,0.19354042
833.39581592,0.19312572
833.63641327,0.19109371
833.87702022,0.17883944
834.11763676,0.17185181
834.35826289,0.16585945
834.59889861,0.16836836
834.83954392,0.15491147
835.08019881,0.15335636
835.32086328,0.14464774
835.56153733,0.14757135
835.80222095,0.13616721
836.04291415,0.12745859
836.28361692,0.11827307
836.52432926,0.11901952
836.76505116,0.10987547
837.00578262,0.11058045
837.24652364,0.09764193
837.48727421,0.09419996
837.72803434,0.08725380
837.96880402,0.08547060
838.20958325,0.08273361
838.45037202,0.08209083
838.69117033,0.07943677
838.93197819,0.08190422
839.17279558,0.07970633
839.41362250,0.08870523
839.65445896,0.08271287
839.89530494,0.08565722
840.13616045,0.09289366
840.37702548,0.09179472
840.61790003,0.09131782
840.85878410,0.09693695
841.09967768,0.09587948
841.34058078,0.09741385
841.58149338,0.09399261
841.82241549,0.09146296
842.06334710,0.08997006
842.30428821,0.08992859
842.54523883,0.08584383
842.78619893,0.09011520
843.02716853,0.08866376
843.26814762,0.09370232
843.50913619,0.08592677
843.75013425,0.08725380
843.99114179,0.08596824
844.23215881,0.09310101
844.47318530,0.08627926
844.71422127,0.10066922
844.95526670,0.08858082
845.19632161,0.08849788
845.43738597,0.08271287
845.67845980,0.08650734
845.91954309,0.08167613
846.16063584,0.08084674
846.40173803,0.07607773
846.64284968,0.08271287
846.88397078,0.07354809
847.12510132,0.07705227
847.36624130,0.07485438
847.60739073,0.07539349
847.84854959,0.07334074
848.08971788,0.07925016
848.33089561,0.07506173
848.57208276,0.08109556
848.81327934,0.08596824
849.05448534,0.08416431
849.29570076,0.08310683
849.53692560,0.09619050
849.77815986,0.09475980
850.01940353,0.10365503
850.26065660,0.10319886
850.50191908,0.10753244
850.74319097,0.11219777
850.98447225,0.11895732
851.22576294,0.12644258
851.46706301,0.12932472
851.70837248,0.13378270
851.94969135,0.14305116
852.19101959,0.14796531
852.43235722,0.16876232
852.67370424,0.17487909
852.91506063,0.17832107
853.15642640,0.18611736
853.39780154,0.19227559
853.63918605,0.19607006
853.88057992,0.20011335
854.12198317,0.19665064
854.36339577,0.20297475
854.60481773,0.20075613
854.84624905,0.20442619
855.08768973,0.19876559
855.32913975,0.19244147
855.57059912,0.18491474
855.81206784,0.19710680
856.05354590,0.18819084
856.29503330,0.19016064
856.53653004,0.18503915
856.77803611,0.18705042
857.01955151,0.17433999
857.26107624,0.20556660
857.50261030,0.17541820
857.74415367,0.17008935
857.98570637,0.16140147
858.22726839,0.16660590
858.46883972,0.16111118
858.71042037,0.16424213
858.95201032,0.15717156
859.19360958,0.15522249
859.43521814,0.15281726
859.67683601,0.14777870
859.91846317,0.15849859
860.16009963,0.13751497
860.40174538,0.13119085
860.64340042,0.13036146
860.88506474,0.12750006
861.12673835,0.12111374
861.36842125,0.11648987
861.61011342,0.11746441
861.85181487,0.11151352
862.09352559,0.11725706
862.33524558,0.12171505
862.57697484,0.11727780
862.81871336,0.12057463
863.06046114,0.12451424
863.30221819,0.12148696
863.54398449,0.12609009
863.78576004,0.12252370
864.02754485,0.11366994
864.26933890,0.10614320
864.51114220,0.11018649
864.75295474,0.11205262
864.99477653,0.10896314
865.23660755,0.09818104
865.47844780,0.09540257
865.72029728,0.09540257
865.96215600,0.09067504
866.20402394,0.09142149
866.44590110,0.08841494
866.68778748,0.08194569
866.92968308,0.08418504
867.17158790,0.08681836
867.41350193,0.08569869
867.65542516,0.08717086
867.89735761,0.08876744
868.13929926,0.08978344
868.38125011,0.09623197
868.62321015,0.09639785
868.86517940,0.09861647
869.10715783,0.09502935
869.34914546,0.09811883
869.59114227,0.10098024
869.83314827,0.10114612
870.07516344,0.10284637
870.31718780,0.09954954
870.55922133,0.11118176
870.80126404,0.11313083
871.04331592,0.10782272
871.28537696,0.10568704
871.52744717,0.09963248
871.76952655,0.09932145
872.01161508,0.10276343
872.25371277,0.10234874
872.49581961,0.09017740
872.73793560,0.09065430
872.98006075,0.08880891
873.22219503,0.08443386
873.46433846,0.08271287
873.70649103,0.07902208
873.94865274,0.07280164
874.19082358,0.07497879
874.43300356,0.07732182
874.67519266,0.06964994
874.91739089,0.06210247
875.15959824,0.06334656
875.40181471,0.05975944
875.64404031,0.06060957
875.88627501,0.05905446
876.12851883,0.05368414
876.37077176,0.05310357
876.61303379,0.04833456
876.85530493,0.05065686
877.09758517,0.04441568
877.33987451,0.04344115
877.58217294,0.04736003
877.82448047,0.04586712
878.06679709,0.05565395
878.30912279,0.05268887
878.55145758,0.05948989
878.79380145,0.06038149
879.03615440,0.05996679
879.27851643,0.06751426
879.52088753,0.07466777
879.76326770,0.07437748
880.00565694,0.08252626
880.24805524,0.07848297
880.49046260,0.07999661
880.73287903,0.08053572
880.97530451,0.08219450
881.21773905,0.08082601
881.46018264,0.07651317
881.70263527,0.08316904
881.94509695,0.08486929
882.18756768,0.08416431
882.43004744,0.08339712
882.67253625,0.08194569
882.91503409,0.08209083
883.15754095,0.08066013
883.40005685,0.08078454
883.64258178,0.08202862
883.88511573,0.07672051
884.12765869,0.07114285
884.37021068,0.07220033
884.61277168,0.07848297
884.85534170,0.07108065
885.09792072,0.06643605
885.34050876,0.06353318
885.58310579,0.06751426
885.82571183,0.06763867
886.06832686,0.06046443
886.31095090,0.07025125
886.55358392,0.06593841
886.79622594,0.06123161
887.03887694,0.06021561
887.28153693,0.06224762
887.52420589,0.06301481
887.76688384,0.06087912
888.00957077,0.05895078
888.25226667,0.04964086
888.49497154,0.05177654
888.73768537,0.05233638
888.98040818,0.04630255
889.22313994,0.04219706
889.46588067,0.04891514
889.70863035,0.04321307
889.95138899,0.04026872
890.19415657,0.03935639
890.43693311,0.03767687
890.67971859,0.03558266
890.92251302,0.02878164
891.16531639,0.02938295
891.40812869,0.02726800
891.65094993,0.02602391
891.89378010,0.02861576
892.13661920,0.02434439
892.37946723,0.02762049
892.62232418,0.02330765
892.86519005,0.02668742
893.10806484,0.02855356
893.35094854,0.03238950
893.59384116,0.02714359
893.83674269,0.03297007
894.07965312,0.03263831
894.32257246,0.03471179
894.56550070,0.03525090
894.80843784,0.04342041
895.05138388,0.04188604
895.29433881,0.04524508
895.53730263,0.04039313
895.78027533,0.04833456
896.02325692,0.04924689
896.26624740,0.04889440
896.50924675,0.05360120
896.75225498,0.05727126
896.99527208,0.05362194
897.23829806,0.05704318
897.48133290,0.06019487
897.72437661,0.05863976
897.96742918,0.05698098
898.21049061,0.05729200
898.45356090,0.05801772
898.69664005,0.06179145
898.93972804,0.05382929
899.18282488,0.05917887
899.42593057,0.06058883
899.66904511,0.05783110
899.91216848,0.06087912
900.15530069,0.05071907
900.39844174,0.06042296
900.64159162,0.05561248
900.88475033,0.05640040
901.12791786,0.06162557
901.37109422,0.06440404
901.61427940,0.06044369
901.85747340,0.06353318
902.10067621,0.06469433
902.34388784,0.07396278
902.58710827,0.07470924
902.83033752,0.06819851
903.07357557,0.06807410
903.31682242,0.06734838
903.56007807,0.06977435
903.80334251,0.07251135
904.04661575,0.06774234
904.28989778,0.07406646
904.53318860,0.07676198
904.77648820,0.07087330
905.01979659,0.07305045
905.26311375,0.07174416
905.50643969,0.07821342
905.74977441,0.08704645
905.99311789,0.08826980
906.23647015,0.09349497
906.47983117,0.09347424
906.72320095,0.09455245
906.96657950,0.10108391
907.20996680,0.09662593
907.45336285,0.10218286
907.69676766,0.10440148
907.94018122,0.10734582
908.18360352,0.09581727
908.42703457,0.10572851
908.67047435,0.09397187
908.91392288,0.09581727
909.15738014,0.09637711
909.40084613,0.09123488
909.64432085,0.09082018
909.88780430,0.09270705
910.13129648,0.09173251
910.37479737,0.08731600
910.61830699,0.09142149
910.86182531,0.08634146
911.10535236,0.08217377
911.34888811,0.08777217
911.59243257,0.07338221
911.83598573,0.07244914
912.07954760,0.07178563
912.32311816,0.07387985
912.56669743,0.07713521
912.81028538,0.07346515
913.05388203,0.07079036
913.29748736,0.07346515
913.54110138,0.07238694
913.78472408,0.06971215
914.02835547,0.06365759
914.27199552,0.06378199
914.51564426,0.06019487
914.75930166,0.05930328
915.00296774,0.05664922
915.24664247,0.06494314
915.49032588,0.05897152
915.73401794,0.06635311
915.97771866,0.06633238
916.22142803,0.07769505
916.46514606,0.08229818
916.70887274,0.08107482
916.95260806,0.07833783
917.19635202,0.09071651
917.44010463,0.09003226
917.68386588,0.09919704
917.92763576,0.09654299
918.17141427,0.10645423
918.41520141,0.11358700
918.65899718,0.10782272
918.90280158,0.10765685
919.14661459,0.11337965
919.39043623,0.11549460
919.63426648,0.12142476
919.87810534,0.12980162
920.12195281,0.13987874
920.36580890,0.13942257
920.60967358,0.15323195
920.85354687,0.15375032
921.09742876,0.15957680
921.34131924,0.15314901
921.58521832,0.15883035
921.82912599,0.14684563
922.07304225,0.14367321
922.31696709,0.13075542
922.56090052,0.12822577
922.80484252,0.12488747
923.04879310,0.11391876
923.29275226,0.10170596
923.53671999,0.09625270
923.78069629,0.08779290
924.02468115,0.08800025
924.26867458,0.07796460
924.51267656,0.07174416
924.75668711,0.06709956
925.00070621,0.06506755
925.24473386,0.06224762
925.48877006,0.05967650
925.73281481,0.06015340
925.97686810,0.05484529
926.22092994,0.05374635
926.46500031,0.05268887
926.70907921,0.04742223
926.95316665,0.04690386
927.19726262,0.04460230
927.44136712,0.04862485
927.68548014,0.04070415
927.92960168,0.04619888
928.17373175,0.03807083
928.41787032,0.03705483
928.66201741,0.03811230
928.90617302,0.03357138
929.15033713,0.02996352
929.39450974,0.02782784
929.63869086,0.02930001
929.88288047,0.02936221
930.12707859,0.02911340
930.37128520,0.03896243
930.61550029,0.02903046
930.85972388,0.03243097
931.10395595,0.03243097
931.34819651,0.03131129
931.59244554,0.03433857
931.83670306,0.03589368
932.08096904,0.04035166
932.32524350,0.04424981
932.56952643,0.04752591
932.81381782,0.05078127
933.05811768,0.04899808
933.30242600,0.05915813
933.54674278,0.05737494
933.79106801,0.06295260
934.03540169,0.05986312
934.27974382,0.06446624
934.52409440,0.06962921
934.76845343,0.07149534
935.01282089,0.06879982
935.25719680,0.07249061
935.50158114,0.06925598
935.74597391,0.06962921
935.99037511,0.06763867
936.23478474,0.06867541
936.47920279,0.06853027
936.72362927,0.07736329
936.96806417,0.06359538
937.21250748,0.06627017
937.45695920,0.06627017
937.70141934,0.06042296
937.94588788,0.05988385
938.19036483,0.06168778
938.43485019,0.06647752
938.67934394,0.05901299
938.92384608,0.05803845
939.16835663,0.05932401
939.41287556,0.05851535
939.65740288,0.06108647
939.90193859,0.05061539
940.14648268,0.05333165
940.39103515,0.05154846
940.63559600,0.05349753
940.88016523,0.05246079
941.12474282,0.05445133
941.36932879,0.05364267
941.61392312,0.05463794
941.85852581,0.05814213
942.10313687,0.05250226
942.34775628,0.05461721
942.59238405,0.05227418
942.83702017,0.05283402
943.08166464,0.05702245
943.32631746,0.05598571
943.57097862,0.05167287
943.81564813,0.05333165
944.06032597,0.05281328
944.30501215,0.04897734
944.54970666,0.05424398
944.79440950,0.05098862
945.03912067,0.04595006
945.28384016,0.05364267
945.52856798,0.04516214
945.77330412,0.04821015
946.01804857,0.03898317
946.26280133,0.03985403
946.50756241,0.03937713
946.75233179,0.04080783
946.99710948,0.03852700
947.24189548,0.04306792
947.48668977,0.04078709
947.73149236,0.04451936
947.97630324,0.03950154
948.22112242,0.04277763
948.46594988,0.04142987
948.71078563,0.04105665
948.95562966,0.05210830
949.20048198,0.04530728
949.44534257,0.04331674
949.69021144,0.04379364
949.93508857,0.04464377
950.17997398,0.04201045
950.42486766,0.03910757
950.66976959,0.04731856
950.91467979,0.04454009
951.15959825,0.04310939
951.40452496,0.03935639
951.64945993,0.04006138
951.89440314,0.04653063
952.13935461,0.03865141
952.38431431,0.03796716
952.62928226,0.03626691
952.87425845,0.03846479
953.11924287,0.03981256
953.36423553,0.03786349
953.60923642,0.03390314
953.85424553,0.03568633
954.09926287,0.03392387
954.34428843,0.03182966
954.58932222,0.02952809
954.83436421,0.03593515
955.07941443,0.02878164
955.32447285,0.02341133
955.56953948,0.02672889
955.81461432,0.02670816
956.05969736,0.02409557
956.30478860,0.01905702
956.54988803,0.02048772
956.79499567,0.02032184
957.04011149,0.02131711
957.28523550,0.01615414
957.53036770,0.01665178
957.77550808,0.01605047
958.02065664,0.01538695
958.26581338,0.01316833
958.51097830,0.01663104
958.75615139,0.01356229
959.00133264,0.01880820
959.24652207,0.01314760
959.49171965,0.01839350
959.73692540,0.01486858
959.98213931,0.01432948
960.22736137,0.01497226
960.47259159,0.02005229
960.71782995,0.05107156
960.96307647,0.01916069
961.20833112,0.02326618
961.45359392,0.03023308
961.69886486,0.02689477
961.94414394,0.02983912
962.18943115,0.03083439
962.43472648,0.02979765
962.68002995,0.03666087
962.92534154,0.03618397
963.17066126,0.03556192
963.41598909,0.03676454
963.66132504,0.03879655
963.90666911,0.03786349
964.15202128,0.03968815
964.39738157,0.04580492
964.64274996,0.04443642
964.88812645,0.05123744
965.13351104,0.04487185
965.37890374,0.05094715
965.62430452,0.05308283
965.86971340,0.05530146
966.11513036,0.05573689
966.36055542,0.05528072
966.60598855,0.05812139
966.85142977,0.05374635
967.09687907,0.05076054
967.34233644,0.05103009
967.58780188,0.04903955
967.83327539,0.04947498
968.07875697,0.05364267
968.32424661,0.05953136
968.56974432,0.05105082
968.81525008,0.05312430
969.06076390,0.04864559
969.30628577,0.05341459
969.55181570,0.05297916
969.79735367,0.05660775
970.04289968,0.05246079
970.28845374,0.05565395
970.53401583,0.05718833
970.77958597,0.06054736
971.02516413,0.05542587
971.27075033,0.05814213
971.51634455,0.05727126
971.76194680,0.06365759
972.00755708,0.05814213
972.25317537,0.05888858
972.49880168,0.05944842
972.74443600,0.05385002
972.99007834,0.05637967
973.23572868,0.05799698
973.48138703,0.05656628
973.72705338,0.05376708
973.97272774,0.05640040
974.21841009,0.05499044
974.46410043,0.05754082
974.70979877,0.05681510
974.95550510,0.05163140
975.20121941,0.05654555
975.44694171,0.05480382
975.69267199,0.05283402
975.93841024,0.05409884
976.18415647,0.06087912
976.42991068,0.06218541
976.67567285,0.06079618
976.92144299,0.05503191
977.16722110,0.05389149
977.41300717,0.06403081
977.65880119,0.06036075
977.90460317,0.05258520
978.15041311,0.06114867
978.39623099,0.05963503
978.64205683,0.06060957
978.88789061,0.05588203
979.13373233,0.05561248
979.37958199,0.05142405
979.62543958,0.04628182
979.87130511,0.05026290
980.11717857,0.04941277
980.36305996,0.04611594
980.60894928,0.04196898
980.85484651,0.03937713
981.10075167,0.04087003
981.34666475,0.03840259
981.59258573,0.04004064
981.83851463,0.03384093
982.08445144,0.03622544
982.33039616,0.03081365
982.57634878,0.03286640
982.82230930,0.03077218
983.06827771,0.03730365
983.31425403,0.03520943
983.56023823,0.03485694
983.80623032,0.03676454
984.05223031,0.03124908
984.29823817,0.03209921
984.54425391,0.03373726
984.79027754,0.03166378
985.03630904,0.03340550
985.28234841,0.03659866
985.52839565,0.04026872
985.77445076,0.03788422
986.02051374,0.04323380
986.26658457,0.03736585
986.51266327,0.04559757
986.75874982,0.04424981
987.00484422,0.04588786
987.25094647,0.04572198
987.49705658,0.04750517
987.74317452,0.04408393
987.98930031,0.04441568
988.23543394,0.04595006
988.48157541,0.04485112
988.72772471,0.04711121
988.97388184,0.05318651
989.22004680,0.04592933
989.46621959,0.05227418
989.71240020,0.04711121
989.95858862,0.05001408
990.20478487,0.04313013
990.45098893,0.05256446
990.69720080,0.04613667
990.94342048,0.04416687
991.18964797,0.04190677
991.43588326,0.04427054
991.68212635,0.04165796
991.92837724,0.03987476
992.17463593,0.03858920
992.42090240,0.03554119
992.66717667,0.03429710
992.91345872,0.03566560
993.15974856,0.03176745
993.40604618,0.03108320
993.65235158,0.02882311
993.89866475,0.03054410
994.14498570,0.03214068
994.39131441,0.03027455
994.63765090,0.02998426
994.88399515,0.02791078
995.13034716,0.03182966
995.37670693,0.03135276
995.62307445,0.02853282
995.86944973,0.02540187
996.11583276,0.02496644
996.36222354,0.02797298
996.60862206,0.02747535
996.85502833,0.02670816
997.10144233,0.02444807
997.34786408,0.02193915
997.59429355,0.02448953
997.84073076,0.02411631
998.08717570,0.01702500
998.33362836,0.01949245
998.58008875,0.01443315
998.82655685,0.01781293
999.07303267,0.02326618
999.31951621,0.01880820
999.56600746,0.01341715
999.81250642,0.01482711
1000.05901309,0.01161322
1000.30552746,0.01372817
1000.55204953,0.00970562
1000.79857929,0.01652737
1001.04511676,0.01781293
1001.29166191,0.01868379
1001.53821476,0.01109485
1001.78477529,0.01540769
1002.03134351,0.01366597
1002.27791941,0.01679692
1002.52450299,0.01777146
1002.77109424,0.01495152
1003.01769317,0.01476491
1003.26429976,0.01669325
1003.51091403,0.01528328
1003.75753596,0.01712868
1004.00416555,0.01617488
1004.25080280,0.02195989
1004.49744771,0.01758484
1004.74410027,0.01814468
1004.99076048,0.01717015
1005.23742834,0.01926436
1005.48410384,0.02001082
1005.73078699,0.01445389
1005.97747778,0.01999008
1006.22417620,0.01717015
1006.47088226,0.01621635
1006.71759595,0.01882893
1006.96431727,0.02013523
1007.21104622,0.01824836
1007.45778279,0.02173181
1007.70452698,0.01316833
1007.95127879,0.02044625
1008.19803821,0.01889114
1008.44480524,0.02030110
1008.69157988,0.02249899
1008.93836213,0.02310030
1009.18515199,0.01694207
1009.43194944,0.02042551
1009.67875450,0.01967906
1009.92556715,0.01731529
1010.17238739,0.02023890
1010.41921522,0.02144152
1010.66605064,0.02023890
1010.91289364,0.02119270
1011.15974422,0.01820689
1011.40660239,0.01936804
1011.65346813,0.02048772
1011.90034144,0.02679110
1012.14722232,0.02137931
1012.39411078,0.01741897
1012.64100679,0.02084021
1012.88791037,0.02137931
1013.13482151,0.01762631
1013.38174020,0.02237458
1013.62866645,0.02855356
1013.87560025,0.02807666
1014.12254160,0.02436513
1014.36949049,0.02853282
1014.61644693,0.03073071
1014.86341091,0.02413704
1015.11038242,0.02241605
1015.35736147,0.02811813
1015.60434805,0.02569215
1015.85134216,0.02529819
1016.09834379,0.02183548
1016.34535295,0.02395043
1016.59236963,0.02363941
1016.83939383,0.02312104
1017.08642554,0.02206356
1017.33346476,0.02235385
1017.58051150,0.01739823
1017.82756574,0.01602973
1018.07462748,0.01534549
1018.32169673,0.01756411
1018.56877347,0.01723235
1018.81585771,0.01882893
1019.06294945,0.01557357
1019.31004867,0.01136440
1019.55715538,0.00951900
1019.80426957,0.01573945
1020.05139125,0.01795807
1020.29852041,0.01503446
1020.54565704,0.01111558
1020.79280114,0.01144734
1021.03995272,0.00808830
1021.28711177,0.01687986
1021.53427828,0.01051428
1021.78145225,0.01397699
1022.02863368,0.01003737
1022.27582257,0.00887623
1022.52301891,0.01565651
1022.77022270,0.01420507
1023.01743395,0.01049354
1023.26465263,0.01219379
1023.51187876,0.00242770
1023.75911234,0.01041060
1024.00635335,0.00701009
1024.25360179,0.00773581
1024.50085766,0.00615997
1024.74812097,0.01005811
1024.99539170,0.00742479
1025.24266985,0.00667834
1025.48995543,0.00317415
1025.73724842,0.00398281
1025.98454883,0.00734185
1026.23185665,0.00423163
1026.47917188,0.00342297
1026.72649452,0.00895916
1026.97382456,0.00725891
1027.22116200,0.00462559
1027.46850685,0.00472926
1027.71585908,0.00636731
1027.96321872,0.00528910
1028.21058574,0.00261431
1028.45796014,-0.01310267
1028.70534194,-0.01314414
1028.95273111,-0.01113286
1029.20012767,-0.01104992
1029.44753160,-0.01225254
1029.69494290,-0.01121580
