399.81288841,0.00572728
400.03045039,0.00543650
400.24802720,0.00855198
400.46561883,0.00261181
400.68322529,0.00134485
400.90084656,0.00188486
401.11848265,0.00645423
401.33613355,0.00325567
401.55379926,0.00302720
401.77147978,0.00610114
401.98917511,0.00815735
402.20688524,0.00412800
402.42461017,0.00288181
402.64234989,0.00527035
402.86010441,0.00101253
403.07787372,0.00518727
403.29565782,0.00412800
403.51345670,0.00288181
403.73127037,0.00674500
403.94909882,0.00173947
404.16694205,0.00659961
404.38480005,0.00234180
404.60267282,0.00265335
404.82056036,0.00144870
405.03846267,0.00743041
405.25637974,0.00880122
405.47431157,0.00691116
405.69225816,0.00335952
405.91021951,0.00396185
406.12819561,0.00300643
406.34618645,0.00151101
406.56419205,0.00549881
406.78221239,0.00335952
407.00024747,0.00641269
407.21829729,-0.00160447
407.43636184,0.00905046
407.65444113,0.00529112
407.87253515,0.00668269
408.09064390,0.00549881
408.30876737,0.00576882
408.52690556,0.00713963
408.74505847,0.00446032
408.96322610,0.00728502
409.18140844,0.00365030
409.39960550,0.00232103
409.61781726,0.00564420
409.83604372,0.00429416
410.05428489,0.01013049
410.27254076,0.00203025
410.49081133,0.00811581
410.70909659,0.00763811
410.92739654,0.00541573
411.14571118,0.00734733
411.36404051,0.00691116
411.58238452,0.00946585
411.80074321,0.00608037
412.01911658,0.00842736
412.23750462,0.00842736
412.45590734,0.00504188
412.67432472,0.00527035
412.89275677,0.00776273
413.11120349,0.00421108
413.32966486,0.00450186
413.54814090,0.00581036
413.76663159,0.01010972
413.98513693,0.00446032
414.20365692,0.00244565
414.42219156,0.00639192
414.64074084,0.00298566
414.85930477,0.00734733
415.07788333,0.00340106
415.29647653,0.00578959
415.51508437,0.00414877
415.73370683,0.00223795
415.95234392,0.00497957
416.17099564,0.00801196
416.38966198,0.00726425
416.60834294,0.00529112
416.82703851,0.00651654
417.04574870,-0.00031674
417.26447350,0.00387877
417.48321291,0.00670346
417.70196692,0.00257027
417.92073554,0.00678654
418.13951875,0.00892584
418.35831657,0.00153178
418.57712898,0.00157331
418.79595598,0.00844813
419.01479757,0.00803273
419.23365374,0.00431493
419.45252450,0.00261181
419.67140984,0.00817812
419.89030975,0.00986048
420.10922425,0.01272672
420.32815331,0.00400339
420.54709694,0.00693193
420.76605514,0.00759657
420.98502791,0.00504188
421.20401523,0.00149024
421.42301712,0.00404493
421.64203356,0.00969432
421.86106455,0.00502111
422.08011009,0.00373338
422.29917018,0.00703578
422.51824482,0.00680731
422.73733399,0.00439801
422.95643771,0.00757580
423.17555596,0.00531189
423.39468875,0.00657884
423.61383606,0.00601806
423.83299790,0.00375415
424.05217427,0.00481341
424.27136516,0.00867660
424.49057057,0.00512496
424.70979050,0.00510419
424.92902494,0.00759657
425.14827390,0.00564420
425.36753736,0.00371261
425.58681532,0.01177130
425.80610779,0.00797042
426.02541476,0.01004741
426.24473623,0.00406569
426.46407219,0.00765888
426.68342265,0.00539496
426.90278759,0.00896738
427.12216702,0.00784580
427.34156093,0.00531189
427.56096933,0.01040049
427.78039220,0.01154284
427.99982955,0.00747195
428.21928137,0.00641269
428.43874766,0.00277797
428.65822841,0.00626730
428.87772363,0.00819889
429.09723331,0.00570651
429.31675745,0.00207179
429.53629605,0.00502111
429.75584910,0.00659961
429.97541660,0.00834428
430.19499854,0.00288181
430.41459494,0.00959047
430.63420577,0.00907122
430.85383104,0.00830274
431.07347075,0.00844813
431.29312489,0.01162591
431.51279347,0.00720194
431.73247647,0.00574805
431.95217390,0.00601806
432.17188574,0.00863506
432.39161201,0.00462648
432.61135270,0.00452263
432.83110780,0.00900892
433.05087731,0.01129360
433.27066123,0.00446032
433.49045956,0.00703578
433.71027229,0.00875968
433.93009942,0.00919584
434.14994095,0.00772119
434.36979687,0.00610114
434.58966718,0.00747195
434.80955189,0.00884276
435.02945098,0.00911276
435.24936445,0.01499063
435.46929230,0.00861429
435.68923454,0.00809504
435.90919115,0.01015126
436.12916213,0.00954893
436.34914748,0.01104436
436.56914720,0.00894661
436.78916128,0.00763811
437.00918972,0.00882199
437.22923252,0.00659961
437.44928968,0.01013049
437.66936119,0.01008895
437.88944706,0.01285133
438.10954727,0.01187515
438.32966182,0.01202054
438.54979072,0.00911276
438.76993395,0.01550987
438.99009153,0.01293441
439.21026343,0.01179207
439.43044967,0.01256056
439.65065024,0.01837611
439.87086513,0.01216593
440.09109434,0.01025511
440.31133788,0.01096128
440.53159573,0.01586296
440.75186789,0.01077435
440.97215437,0.01372367
441.19245516,0.01135591
441.41277025,0.01116898
441.63309964,0.01156361
441.85344334,0.01513602
442.07380133,0.01235286
442.29417362,0.01310057
442.51456020,0.01235286
442.73496107,0.01384829
442.95537623,0.01243594
443.17580567,0.01249825
443.39624939,0.01351597
443.61670739,0.01172976
443.83717967,0.01420137
444.05766622,0.01449215
444.27816704,0.01750378
444.49868212,0.00979817
444.71921147,0.01247748
444.93975509,0.01415983
445.16031296,0.01538525
445.38088508,0.01617451
445.60147147,0.01665221
445.82207210,0.01202054
446.04268698,0.01723377
446.26331610,0.02122158
446.48395947,0.00921661
446.70461707,0.01378598
446.92528892,0.01272672
447.14597499,0.01818918
447.36667530,0.01104436
447.58738984,0.01833457
447.80811860,0.01405599
448.02886158,0.01027588
448.24961879,0.01586296
448.47039021,0.01656913
448.69117585,0.02471091
448.91197570,0.01881228
449.13278975,0.00846890
449.35361802,0.01337058
449.57446049,0.01586296
449.79531715,0.00821966
450.01618802,0.00969432
450.23707308,0.00826120
450.45797234,0.01648606
450.67888578,0.01260210
450.89981341,0.00954893
451.12075522,0.01544756
451.34171122,0.01334981
451.56268139,0.01615374
451.78366574,0.01540602
452.00466426,0.01567603
452.22567696,0.01121052
452.44670382,0.01148053
452.66774484,0.00898815
452.88880003,0.01897844
453.10986938,0.01328750
453.33095288,0.01401445
453.55205053,0.01465831
453.77316234,0.00956970
453.99428830,0.01399368
454.21542840,0.01056665
454.43658264,0.01548910
454.65775102,0.01141822
454.87893354,0.01472062
455.10013019,0.01600835
455.32134098,0.02024540
455.54256589,0.02041155
455.76380493,0.01341212
455.98505809,0.01376521
456.20632537,0.01681837
456.42760677,0.01567603
456.64890229,0.01310057
456.87021191,0.01877074
457.09153565,0.01661067
457.31287349,0.01559295
457.53422544,0.02103465
457.75559149,0.02130466
457.97697163,0.01407675
458.19836587,0.01808533
458.41977420,0.01829303
458.64119663,0.02196929
458.86263313,0.01702607
459.08408373,0.02473168
459.30554840,0.01793994
459.52702716,0.02554170
459.74851999,0.01442984
459.97002689,0.02587402
460.19154786,0.02014155
460.41308290,0.02439936
460.63463201,0.01690145
460.85619518,0.01596681
461.07777241,0.01775302
461.29936369,0.01991308
461.52096903,0.02234315
461.74258841,0.02184467
461.96422185,0.01939383
462.18586933,0.01937306
462.40753086,0.02529247
462.62920642,0.02307009
462.85089602,0.02080618
463.07259966,0.01860458
463.29431733,0.01850073
463.51604902,0.02151236
463.73779475,0.01926921
463.95955449,0.02113850
464.18132826,0.02668404
464.40311604,0.02317394
464.62491784,0.02194852
464.84673365,0.02026617
465.06856347,0.02392166
465.29040730,0.02178236
465.51226513,0.02136697
465.73413696,0.01833457
465.95602279,0.02294547
466.17792261,0.02469014
466.39983643,0.02685020
466.62176424,0.02288316
466.84370603,0.02628942
467.06566181,0.02180313
467.28763157,0.02523016
467.50961531,0.02543785
467.73161303,0.02589479
467.95362472,0.02460706
468.17565038,0.02880257
468.39769001,0.02375550
468.61974360,0.02552093
468.84181116,0.02508477
469.06389267,0.03337193
469.28598814,0.02680866
469.50809757,0.03208420
469.73022094,0.03025646
469.95235827,0.02905181
470.17450954,0.02518862
470.39667475,0.02469014
470.61885390,0.02761869
470.84104699,0.02803408
471.06325402,0.03044338
471.28547498,0.02300778
471.50770986,0.02828332
471.72995867,0.02084772
471.95222141,0.02128389
472.17449806,0.02059848
472.39678864,0.02163697
472.61909313,0.02109696
472.84141153,0.01926921
473.06374384,0.03046415
473.28609005,0.02699559
473.50845017,0.02240546
473.73082420,0.02535477
473.95321212,0.02215622
474.17561393,0.02668404
474.39802964,0.02415012
474.62045924,0.02321548
474.84290273,0.01928998
475.06536010,0.02701636
475.28783136,0.02591556
475.51031649,0.02616480
475.73281550,0.02093080
475.95532838,0.01924844
476.17785513,0.02300778
476.40039575,0.02593633
476.62295024,0.02255085
476.84551859,0.02514708
477.06810080,0.02747330
477.29069686,0.02508477
477.51330678,0.02761869
477.73593055,0.02849102
477.95856817,0.02327779
478.18121963,0.02531324
478.40388494,0.02500169
478.62656409,0.02942566
478.84925707,0.02473168
479.07196389,0.02716175
479.29468455,0.02660096
479.51741903,0.02863641
479.74016733,0.02344395
479.96292946,0.02421243
480.18570542,0.02761869
480.40849519,0.02273778
480.63129877,0.02385935
480.85411617,0.02406705
481.07694738,0.02298701
481.29979239,0.02435782
481.52265121,0.02346472
481.74552383,0.02371396
481.96841025,0.02174082
482.19131046,0.02533400
482.41422447,0.02240546
482.63715227,0.02610249
482.86009385,0.02157466
483.08304922,0.01885382
483.30601837,0.02211468
483.52900130,0.02757715
483.75199801,0.02159543
483.97500849,0.02676712
484.19803274,0.02647635
484.42107076,0.02207314
484.64412255,0.02282085
484.86718810,0.02730714
485.09026741,0.01517756
485.31336047,0.02047386
485.53646729,0.02118004
485.75958786,0.01926921
485.98272218,0.02007924
486.20587024,0.01746224
486.42903205,0.02020386
486.65220760,0.01947691
486.87539689,0.02398397
487.09859991,0.02174082
487.32181666,0.02232238
487.54504715,0.02992414
487.76829136,0.02464860
487.99154929,0.02840794
488.21482094,0.02639327
488.43810631,0.02475245
488.66140540,0.03125341
488.88471820,0.02801331
489.10804471,0.03063031
489.33138493,0.03416118
489.55473885,0.03123264
489.77810647,0.03370425
490.00148780,0.03308115
490.22488281,0.02986183
490.44829153,0.03416118
490.67171393,0.03468043
490.89515002,0.03546968
491.11859979,0.03453504
491.34206325,0.03856439
491.56554038,0.03204266
491.78903120,0.03586431
492.01253568,0.03195958
492.23605384,0.03738051
492.45958567,0.03964442
492.68313116,0.03833592
492.90669031,0.03303961
493.13026312,0.03222959
493.35384960,0.03029800
493.57744972,0.03135726
493.80106350,0.03042261
494.02469092,0.03164803
494.24833200,0.03171034
494.47198671,0.03279038
494.69565507,0.02919719
494.91933706,0.03951980
495.14303269,0.03212574
495.36674195,0.02853256
495.59046484,0.02992414
495.81420136,0.03177265
496.03795150,0.02749407
496.26171526,0.02718252
496.48549264,0.02874026
496.70928364,0.02971644
496.93308825,0.02928027
497.15690647,0.03303961
497.38073830,0.03110802
497.60458373,0.03470120
497.82844276,0.04498227
498.05231539,0.03702742
498.27620162,0.03428580
498.50010144,0.03592662
498.72401485,0.03592662
498.94794185,0.04072445
499.17188244,0.03638356
499.39583661,0.03912517
499.61980435,0.03166880
499.84378568,0.03908363
500.06778058,0.03752590
500.29178904,0.04165909
500.51581108,0.03411964
500.73984668,0.04151371
500.96389585,0.03825284
501.18795858,0.03659125
501.41203486,0.04386070
501.63612470,0.04101523
501.86022809,0.04361146
502.08434503,0.04627000
502.30847551,0.04275990
502.53261954,0.04261451
502.75677711,0.03935364
502.98094822,0.04253143
503.20513286,0.04329991
503.42933104,0.03981058
503.65354274,0.03999751
503.87776797,0.03567738
504.10200673,0.03368348
504.32625901,0.03924979
504.55052480,0.03451427
504.77480411,0.03370425
504.99909694,0.02955028
505.22340327,0.03470120
505.44772312,0.03121187
505.67205646,0.02988260
505.89640331,0.03060954
506.12076366,0.02716175
506.34513750,0.02805485
506.56952484,0.02795100
506.79392567,0.02882334
507.01833999,0.02838717
507.24276779,0.03260345
507.46720907,0.02957105
507.69166384,0.03048492
507.91613208,0.02959182
508.14061380,0.03303961
508.36510898,0.03168957
508.58961764,0.03499198
508.81413976,0.03451427
509.03867534,0.03858516
509.26322439,0.03461812
509.48778689,0.03268653
509.71236285,0.03916671
509.93695226,0.03499198
510.16155512,0.03459735
510.38617142,0.03378733
510.61080117,0.03592662
510.83544436,0.03563584
511.06010099,0.03677818
511.28477105,0.04236527
511.50945454,0.04194987
511.73415147,0.03927056
511.95886182,0.03771283
512.18358560,0.03218805
512.40832280,0.02610249
512.63307341,0.03445196
512.85783745,0.03245806
513.08261489,0.03054723
513.30740575,0.03166880
513.53221001,0.03434811
513.75702768,0.03320577
513.98185875,0.02757715
514.20670322,0.02890642
514.43156109,0.03333039
514.65643235,0.02969567
514.88131700,0.02751484
515.10621504,0.03598893
515.33112647,0.03063031
515.55605128,0.02973721
515.78098946,0.03071339
516.00594103,0.02851179
516.23090597,0.02967490
516.45588428,0.03652895
516.68087596,0.02743176
516.90588100,0.03206343
517.13089941,0.02537554
517.35593118,0.02680866
517.58097631,0.02768100
517.80603479,0.02930104
518.03110663,0.02344395
518.25619181,0.02718252
518.48129034,0.02367242
518.70640222,0.02643481
518.93152743,0.02697482
519.15666598,0.02626865
519.38181787,0.02157466
519.60698310,0.02828332
519.83216165,0.02554170
520.05735353,0.01983000
520.28255873,0.02001693
520.50777726,0.02132543
520.73300910,0.02587402
520.95825426,0.02525093
521.18351273,0.02705790
521.40878452,0.02776408
521.63406961,0.02714098
521.85936801,0.02786792
522.08467971,0.02448244
522.31000471,0.02539631
522.53534300,0.02514708
522.76069459,0.02955028
522.98605947,0.03227113
523.21143764,0.03235421
523.43682910,0.03382887
523.66223383,0.03000722
523.88765185,0.03083801
524.11308315,0.03144034
524.33852772,0.03366271
524.56398556,0.02907257
524.78945667,0.03308115
525.01494104,0.03588508
525.24043868,0.03324731
525.46594959,0.03605124
525.69147374,0.04275990
525.91701116,0.03505429
526.14256182,0.03013184
526.36812574,0.02998645
526.59370290,0.03343424
526.81929331,0.03112879
527.04489696,0.03387041
527.27051384,0.03447273
527.49614396,0.03212574
527.72178732,0.03038107
527.94744390,0.02957105
528.17311372,0.03009030
528.39879675,0.03395349
528.62449301,0.03063031
528.85020249,0.03528276
529.07592518,0.03372502
529.30166109,0.03511660
529.52741021,0.03937441
529.75317254,0.04406840
529.97894807,0.03524122
530.20473680,0.04361146
530.43053874,0.04313375
530.65635387,0.05362252
530.88218219,0.04427609
531.10802371,0.05050704
531.33387841,0.04824313
531.55974630,0.05100552
531.78562738,0.05131707
532.01152163,0.05501410
532.23742906,0.04778620
532.46334967,0.04863776
532.68928344,0.04820159
532.91523039,0.05059012
533.14119051,0.05187785
533.36716378,0.04683078
533.59315022,0.05185708
533.81914982,0.05191939
534.04516257,0.05950038
534.27118847,0.05299942
534.49722752,0.05196093
534.72327973,0.05740263
534.94934507,0.05158707
535.17542356,0.06118274
535.40151518,0.05744417
535.62761994,0.05218940
535.85373784,0.04818082
536.07986886,0.05925114
536.30601301,0.05158707
536.53217029,0.05335251
536.75834069,0.04882469
536.98452420,0.05198170
537.21072084,0.05237633
537.43693059,0.05644722
537.66315345,0.05173246
537.88938941,0.05316558
538.11563848,0.05468178
538.34190066,0.05110937
538.56817593,0.04924008
538.79446431,0.05040319
539.02076577,0.05110937
539.24708033,0.05196093
539.47340798,0.05476486
539.69974871,0.05397561
539.92610252,0.05428715
540.15246942,0.05364329
540.37884939,0.05549180
540.60524244,0.06253278
540.83164856,0.05929268
541.05806775,0.06095427
541.28450001,0.06475515
541.51094533,0.06818217
541.73740371,0.07129765
541.96387515,0.06884681
542.19035965,0.06483823
542.41685719,0.07408081
542.64336779,0.07189997
542.86989144,0.07235691
543.09642813,0.06510824
543.32297786,0.06845218
543.54954063,0.06174352
543.77611643,0.07173381
544.00270527,0.06244970
544.22930714,0.06980222
544.45592204,0.06340511
544.68254996,0.06446437
544.90919091,0.06197199
545.13584487,0.06473438
545.36251185,0.06257432
545.58919184,0.05977039
545.81588485,0.05902268
546.04259086,0.05947961
546.26930988,0.06024810
546.49604191,0.06286509
546.72278693,0.06386205
546.94954495,0.06544055
547.17631596,0.06816140
547.40309997,0.06816140
547.62989696,0.06797447
547.85670694,0.07584624
548.08352991,0.07784014
548.31036585,0.07009300
548.53721477,0.07684319
548.76407667,0.07997944
548.99095154,0.07547238
549.21783938,0.07391465
549.44474018,0.07657319
549.67165395,0.07792322
549.89858069,0.07628241
550.12552038,0.07412234
550.35247302,0.07281385
550.57943862,0.07630318
550.80641717,0.07561777
551.03340866,0.07873325
551.26041310,0.07858786
551.48743048,0.07856709
551.71446081,0.08085177
551.94150406,0.08479804
552.16856025,0.08575345
552.39562937,0.08834968
552.62271142,0.08357262
552.84980640,0.08446572
553.07691429,0.08546267
553.30403511,0.08502651
553.53116884,0.08803813
553.75831549,0.09042666
553.98547505,0.09248288
554.21264752,0.09156901
554.43983289,0.09181824
554.66703116,0.09566066
554.89424234,0.09748841
555.12146641,0.09796611
555.34870338,0.09707301
555.57595324,0.10081158
555.80321599,0.10673098
556.03049162,0.10477862
556.25778014,0.10016772
556.48508154,0.11433274
556.71239582,0.11154959
556.93972297,0.10833026
557.16706300,0.10918182
557.39441589,0.11098880
557.62178165,0.12033523
557.84916028,0.11132112
558.07655177,0.11670050
558.30395611,0.11624357
558.53137331,0.11094726
558.75880337,0.10795640
558.98624627,0.11493507
559.21370202,0.11373042
559.44117062,0.10897413
559.66865206,0.11424966
559.89614634,0.11707436
560.12365345,0.11273347
560.35117340,0.11420812
560.57870618,0.11551662
560.80625179,0.11819593
561.03381022,0.11794669
561.26138148,0.12301453
561.48896555,0.12251606
561.71656244,0.11798823
561.94417215,0.11921365
562.17179467,0.11873595
562.39942999,0.11586971
562.62707812,0.11796746
562.85473906,0.12075062
563.08241279,0.11709513
563.31009933,0.11518431
563.53779866,0.12351301
563.76551078,0.11771823
563.99323568,0.11719898
564.22097338,0.11757284
564.44872386,0.11859056
564.67648712,0.11676281
564.90426316,0.11431197
565.13205197,0.11281655
565.35985356,0.11109265
565.58766792,0.11688743
565.81549504,0.11611895
566.04333493,0.12457227
566.27118758,0.10970107
566.49905298,0.11036570
566.72693115,0.11397966
566.95482207,0.11460275
567.18272573,0.11044878
567.41064215,0.11219345
567.63857131,0.10978415
567.86651321,0.11445736
568.09446785,0.10725023
568.32243523,0.11117573
568.55041534,0.11412504
568.77840819,0.11333579
569.00641376,0.10675175
569.23443206,0.10907798
569.46246308,0.11408351
569.69050682,0.11175728
569.91856327,0.11346041
570.14663244,0.11051109
570.37471433,0.10571326
570.60280892,0.10972184
570.83091622,0.10297164
571.05903622,0.10903644
571.28716892,0.10382321
571.51531432,0.10288856
571.74347241,0.11038647
571.97164320,0.10347012
572.19982667,0.10411398
572.42802284,0.10328319
572.65623168,0.10641944
572.88445321,0.11036570
573.11268742,0.10764486
573.34093430,0.10043772
573.56919385,0.10899490
573.79746608,0.10685560
574.02575097,0.11186113
574.25404853,0.10999185
574.48235874,0.11240115
574.71068162,0.11848671
574.93901715,0.11171574
575.16736534,0.11769746
575.39572618,0.11877749
575.62409966,0.11850748
575.85248579,0.11595279
576.08088456,0.11564124
576.30929597,0.12234990
576.53772002,0.12338839
576.76615671,0.12708542
576.99460602,0.12683618
577.22306796,0.12546537
577.45154253,0.12959857
577.68002972,0.12824853
577.90852953,0.12480074
578.13704196,0.12885086
578.36556700,0.13090707
578.59410465,0.12839392
578.82265492,0.12984781
579.05121779,0.12205912
579.27979326,0.11987829
579.50838133,0.11643050
579.73698201,0.12234990
579.96559527,0.11846594
580.19422113,0.12207989
580.42285958,0.11840363
580.65151062,0.11491430
580.88017424,0.11306578
581.10885044,0.11358503
581.33753922,0.11834132
581.56624057,0.11395889
581.79495450,0.11115496
582.02368100,0.10533941
582.25242007,0.10814333
582.48117170,0.10781102
582.70993589,0.11169497
582.93871264,0.10930644
583.16750195,0.10602481
583.39630381,0.10552633
583.62511822,0.10401014
583.85394518,0.10191238
584.08278469,0.10390629
584.31163674,0.10810179
584.54050133,0.10675175
584.76937845,0.11287885
584.99826811,0.11445736
585.22717030,0.11599433
585.45608502,0.11192344
585.68501226,0.11931750
585.91395203,0.11763515
586.14290432,0.12064677
586.37186912,0.12488382
586.60084644,0.13005551
586.82983628,0.13464564
587.05883862,0.13645262
587.28785347,0.13963040
587.51688082,0.14573673
587.74592067,0.14559134
587.97497302,0.14438669
588.20403787,0.14696215
588.43311520,0.15308925
588.66220503,0.15605934
588.89130735,0.15192614
589.12042215,0.15597626
589.34954943,0.16463728
589.57868919,0.16075332
589.80784142,0.16247722
590.03700613,0.15441852
590.26618331,0.15288155
590.49537296,0.15686936
590.72457507,0.14901837
590.95378964,0.15138613
591.18301667,0.15495854
591.41225616,0.15026456
591.64150811,0.14494748
591.87077250,0.14818757
592.10004934,0.15024379
592.32933863,0.14860297
592.55864036,0.14095967
592.78795453,0.13869576
593.01728114,0.14706600
593.24662018,0.14538364
593.47597165,0.13651493
593.70533555,0.14179046
593.93471188,0.14341051
594.16410063,0.14276665
594.39350180,0.14162430
594.62291539,0.13634877
594.85234140,0.13992118
595.08177981,0.14962069
595.31123064,0.14085582
595.54069387,0.13771958
595.77016951,0.14424130
595.99965755,0.14071043
596.22915798,0.13927731
596.45867081,0.13292174
596.68819604,0.13801035
596.91773365,0.12905856
597.14728365,0.13107323
597.37684603,0.13190402
597.60642080,0.13244404
597.83600795,0.14434515
598.06560747,0.14426207
598.29521936,0.13757419
598.52484363,0.14274588
598.75448026,0.15146921
598.98412926,0.14943376
599.21379062,0.15013994
599.44346434,0.15516624
599.67315042,0.14984916
599.90284885,0.14133353
600.13255963,0.15175998
600.36228276,0.15707706
600.59201824,0.16750352
600.82176606,0.18031851
601.05152622,0.18542788
601.28129871,0.19315426
601.51108354,0.20085987
601.74088070,0.20052755
601.97069019,0.20509692
602.20051201,0.20050678
602.43034615,0.19431737
602.66019261,0.19635282
602.89005139,0.19774440
603.11992249,0.19529356
603.34980589,0.20846163
603.57970161,0.20723621
603.80960963,0.22017582
604.03952996,0.22698832
604.26946259,0.24107027
604.49940751,0.24908743
604.72936474,0.24958590
604.95933425,0.24460114
605.18931606,0.25359448
605.41931015,0.25980466
605.64931653,0.26445710
605.87933519,0.27060497
606.10936612,0.28520617
606.33940934,0.28531002
606.56946483,0.31486549
606.79953259,0.30965226
607.02961261,0.32217647
607.25970490,0.33106596
607.48980946,0.33459683
607.71992627,0.33596764
607.95005534,0.33162675
608.18019667,0.33409836
608.41035024,0.33802385
608.64051607,0.34934341
608.87069414,0.36188839
609.10088445,0.35962448
609.33108700,0.37179560
609.56130179,0.36814011
609.79152882,0.37287564
610.02176808,0.36708085
610.25201956,0.36413154
610.48228328,0.36870090
610.71255921,0.35947909
610.94284737,0.36292688
611.17314775,0.35810828
611.40346034,0.35175271
611.63378514,0.34861647
611.86412215,0.33663228
612.09447137,0.31943485
612.32483280,0.31318313
612.55520642,0.29818731
612.78559225,0.27496664
613.01599027,0.26454018
613.24640048,0.26553713
613.47682288,0.25548453
613.70725747,0.25459143
613.93770425,0.24734276
614.16816321,0.24763354
614.39863434,0.24545270
614.62911766,0.25261830
614.85961314,0.24165182
615.09012080,0.23128768
615.32064063,0.22991687
615.55117262,0.22580444
615.78171677,0.22173355
616.01227308,0.21687341
616.24284156,0.21575184
616.47342218,0.21178480
616.70401496,0.21222097
616.93461988,0.21058015
617.16523695,0.21967734
617.39586617,0.21438103
617.62650752,0.21055938
617.85716101,0.20378842
618.08782664,0.20432843
618.31850440,0.19516894
618.54919429,0.19388121
618.77989630,0.18856413
619.01061044,0.18274858
619.24133670,0.17458603
619.47207508,0.17153287
619.70282557,0.16696350
619.93358818,0.16895741
620.16436289,0.15720168
620.39514972,0.15682782
620.62594864,0.14351436
620.85675967,0.14762679
621.08758280,0.14245510
621.31841802,0.13084476
621.54926534,0.13126016
621.78012475,0.12513306
622.01099624,0.11834132
622.24187982,0.11705359
622.47277549,0.12259914
622.70368323,0.12313915
622.93460305,0.10941029
623.16553494,0.11044878
623.39647890,0.10224470
623.62743493,0.10041695
623.85840303,0.09609683
624.08938319,0.09225441
624.32037541,0.09306443
624.55137968,0.09468448
624.78239602,0.08531729
625.01342440,0.08220181
625.24446483,0.08465265
625.47551731,0.08610654
625.70658183,0.08893124
625.93765839,0.08851584
626.16874699,0.09987694
626.39984763,0.09310597
626.63096029,0.09912922
626.86208499,0.10072850
627.09322171,0.10203700
627.32437046,0.09694839
627.55553123,0.09763380
627.78670401,0.09811150
628.01788882,0.10482016
628.24908563,0.10683483
628.48029446,0.10216162
628.71151529,0.11005416
628.94274813,0.11773900
629.17399296,0.12777083
629.40524980,0.13234019
629.63651863,0.13740803
629.86779946,0.14444900
630.09909228,0.14359744
630.33039709,0.13917346
630.56171388,0.15371235
630.79304265,0.14920529
631.02438340,0.15880096
631.25573613,0.16796045
631.48710084,0.17660071
631.71847751,0.18158547
631.94986615,0.19585434
632.18126676,0.19882443
632.41267933,0.20208529
632.64410387,0.19014264
632.87554035,0.19926059
633.10698880,0.19977984
633.33844919,0.19950983
633.56992154,0.20829547
633.80140583,0.21566876
634.03290207,0.22399747
634.26441024,0.22445440
634.49593035,0.23180692
634.72746240,0.22752834
634.95900638,0.23523395
635.19056229,0.24765431
635.42213013,0.26240089
635.65370989,0.26985726
635.88530158,0.27131115
636.11690518,0.28150914
636.34852069,0.28609927
636.58014812,0.29563262
636.81178746,0.30205050
637.04343871,0.29941273
637.27510187,0.28699237
637.50677692,0.28693006
637.73846387,0.28051218
637.97016272,0.26238012
638.20187347,0.26873569
638.43359610,0.26809182
638.66533062,0.27978524
638.89707703,0.28248532
639.12883532,0.27554819
639.36060549,0.27436431
639.59238754,0.27407252
639.82418146,0.28932726
640.05598725,0.27983145
640.28780491,0.29359636
640.51963444,0.29309351
640.75147583,0.28511986
640.98332908,0.28915145
641.21519419,0.29427667
641.44707115,0.28349494
641.67895997,0.27377236
641.91086063,0.27323790
642.14277314,0.27486087
642.37469750,0.27810583
642.60663369,0.27718577
642.83858172,0.27399122
643.07054159,0.26853933
643.30251329,0.27545494
643.53449683,0.28425105
643.76649218,0.27882482
643.99849937,0.26814707
644.23051837,0.26546196
644.46254919,0.26351122
644.69459183,0.26214048
644.92664628,0.25840089
645.15871254,0.25378360
645.39079061,0.24908558
645.62288049,0.25461086
645.85498217,0.24449017
646.08709564,0.25044233
646.31922091,0.23867742
646.55135798,0.24206155
646.78350684,0.23802726
647.01566748,0.23474711
647.24783991,0.23107804
647.48002413,0.23264287
647.71222012,0.23600218
647.94442789,0.23650283
648.17664744,0.24354783
648.40887875,0.23441212
648.64112184,0.22969674
648.87337669,0.22890577
649.10564331,0.21962042
649.33792168,0.22719412
649.57021181,0.22011316
649.80251370,0.21945482
650.03482734,0.21924166
650.26715273,0.22601904
650.49948987,0.22803032
650.73183875,0.22779167
650.96419937,0.21648743
651.19657173,0.21739138
651.42895582,0.22678197
651.66135165,0.23044909
651.89375921,0.22754930
652.12617849,0.22399561
652.35860950,0.23061273
652.59105224,0.22969105
652.82350669,0.23783586
653.05597285,0.24939373
653.28845073,0.24765269
653.52094032,0.24620552
653.75344162,0.24826293
653.98595462,0.25219764
654.21847933,0.24808918
654.45101573,0.24905657
654.68356383,0.25937633
654.91612363,0.25957953
655.14869511,0.24868706
655.38127829,0.25721028
655.61387315,0.24538423
655.84647969,0.24756908
656.07909792,0.24387853
656.31172782,0.24299033
656.54436939,0.22775066
656.77702264,0.21954032
657.00968756,0.22782423
657.24236414,0.23661682
657.47505238,0.23620732
657.70775229,0.23597121
657.94046385,0.23879272
658.17318707,0.24648714
658.40592195,0.25413018
658.63866847,0.25813585
658.87142663,0.26379782
659.10419645,0.26185585
659.33697790,0.26386308
659.56977099,0.26255760
659.80257572,0.26609986
660.03539208,0.26913150
660.26822007,0.26883406
660.50105969,0.27180527
660.73391093,0.28507560
660.96677380,0.28398778
661.19964828,0.29141195
661.43253438,0.29576181
661.66543209,0.29707985
661.89834142,0.29702032
662.13126235,0.28682040
662.36419489,0.29140930
662.59713903,0.30341161
662.83009477,0.28803588
663.06306210,0.28593303
663.29604103,0.29293733
663.52903155,0.29092963
663.76203367,0.29023145
663.99504736,0.29207671
664.22807264,0.29445480
664.46110950,0.28802473
664.69415794,0.28687418
664.92721795,0.27628578
665.16028953,0.26751869
665.39337269,0.26809303
665.62646740,0.26571369
665.85957369,0.26156366
666.09269153,0.25284126
666.32582093,0.25325372
666.55896189,0.24507652
666.79211440,0.24225415
667.02527846,0.24588887
667.25845406,0.23218078
667.49164121,0.22221126
667.72483991,0.22054967
667.95805014,0.22173355
668.19127190,0.21319715
668.42450520,0.21438103
668.65775003,0.21236636
668.89100639,0.21313484
669.12427427,0.21936579
669.35755368,0.21897117
669.59084460,0.21311407
669.82414704,0.21427718
670.05746099,0.22349899
670.29078646,0.23076843
670.52412343,0.22680139
670.75747191,0.23317773
670.99083189,0.23839096
671.22420337,0.23542087
671.45758635,0.24129874
671.69098082,0.25108133
671.92438678,0.26582791
672.15780424,0.28051218
672.39123317,0.29432412
672.62467360,0.30524906
672.85812550,0.30188434
673.09158888,0.30728450
673.32506373,0.29652573
673.55855006,0.29017016
673.79204785,0.28458307
674.02555712,0.28653544
674.25907784,0.27818596
674.49261003,0.28422998
674.72615367,0.27646207
674.95970878,0.27619206
675.19327533,0.26638870
675.42685333,0.27212117
675.66044278,0.27720978
675.89404368,0.28414691
676.12765601,0.28479077
676.36127979,0.28200761
676.59491500,0.28572541
676.82856165,0.28501924
677.06221972,0.27914138
677.29588922,0.28275533
677.52957015,0.29471875
677.76326250,0.28574618
677.99696627,0.27355429
678.23068146,0.29017016
678.46440806,0.28512309
678.69814607,0.28364843
678.93189549,0.27997217
679.16565631,0.27750056
679.39942854,0.26607715
679.63321217,0.26605638
679.86700720,0.27804057
680.10081361,0.27334659
680.33463143,0.26532944
680.56846063,0.26740642
680.80230121,0.24717660
681.03615318,0.25712535
681.27001653,0.25278446
681.50389126,0.25652303
681.73777736,0.24719737
681.97167484,0.24630427
682.20558368,0.24391574
682.43950390,0.24038487
682.67343547,0.23467316
682.90737841,0.23481855
683.14133270,0.23116306
683.37529836,0.23253387
683.60927536,0.23666706
683.84326371,0.22736218
684.07726341,0.23064381
684.31127446,0.22646908
684.54529685,0.22962609
684.77933057,0.22997918
685.01337564,0.23436161
685.24743203,0.24557732
685.48149976,0.25727074
685.71557881,0.25843385
685.94966919,0.26514251
686.18377090,0.26576560
686.41788392,0.26817490
686.65200826,0.27222502
686.88614391,0.26603561
687.12029088,0.26456095
687.35444915,0.25997082
687.58861873,0.25897387
687.82279961,0.26026160
688.05699179,0.26159087
688.29119527,0.26044852
688.52541004,0.27502895
688.75963611,0.27997217
688.99387346,0.28805163
689.22812210,0.28587080
689.46238203,0.29714882
689.69665323,0.30196742
689.93093571,0.32365113
690.16522947,0.32412884
690.39953450,0.32423268
690.63385080,0.33395297
690.86817837,0.33578071
691.10251720,0.33079595
691.33686730,0.33324679
691.57122865,0.32161569
691.80560125,0.31546781
692.03998511,0.32055642
692.27438023,0.32761817
692.50878658,0.32707815
692.74320419,0.33366219
692.97763303,0.33850156
693.21207312,0.35009113
693.44652444,0.34743259
693.68098699,0.36051758
693.91546077,0.37378951
694.14994579,0.38110049
694.38444203,0.37979199
694.61894949,0.39530706
694.85346817,0.40862052
695.08799806,0.40639815
695.32253918,0.39233697
695.55709150,0.39782021
695.79165503,0.39744635
696.02622977,0.40203648
696.26081571,0.40797665
696.49541285,0.40916054
696.73002119,0.41674152
696.96464072,0.41738539
697.19927145,0.42554793
697.43391336,0.41391683
697.66856647,0.42725106
697.90323075,0.43510206
698.13790622,0.42799877
698.37259286,0.44270382
698.60729068,0.45022250
698.84199967,0.45375337
699.07671984,0.46021279
699.31145117,0.46717068
699.54619366,0.46503139
699.78094731,0.46696298
700.01571213,0.48322576
700.25048810,0.49967547
700.48527522,0.50650875
700.72007349,0.50758878
700.95488292,0.51816062
701.18970348,0.52561699
701.42453519,0.54100744
701.65937804,0.54295981
701.89423202,0.56696973
702.12909714,0.56831977
702.36397339,0.56613894
702.59886077,0.56582739
702.83375927,0.56522507
703.06866889,0.54817303
703.30358964,0.56298193
703.53852150,0.56051031
703.77346448,0.56813284
704.00841857,0.54570142
704.24338376,0.55704175
704.47836007,0.54335443
704.71334748,0.54599220
704.94834598,0.56626356
705.18335559,0.55662636
705.41837629,0.54987616
705.65340808,0.54449677
705.88845096,0.54919076
706.12350493,0.57727157
706.35856998,0.56923365
706.59364612,0.56215113
706.82873333,0.55803870
707.06383161,0.56408273
707.29894097,0.57679386
707.53406141,0.58427100
707.76919290,0.60637011
708.00433546,0.62755534
708.23948909,0.63835565
708.47465377,0.65231298
708.70982951,0.64128420
708.94501630,0.64707898
709.18021414,0.61987050
709.41542303,0.62713994
709.65064297,0.61700426
709.88587395,0.59673291
710.12111597,0.60254846
710.35636902,0.59110428
710.59163311,0.59486362
710.82690823,0.59205969
711.06219437,0.57353300
711.29749155,0.56516276
711.53279974,0.56971135
711.76811896,0.57920317
712.00344920,0.57629539
712.23879044,0.60367003
712.47414270,0.59212200
712.70950597,0.59222585
712.94488025,0.57687694
713.18026553,0.58726186
713.41566181,0.58098937
713.65106908,0.58198632
713.88648736,0.57990934
714.12191662,0.57442610
714.35735688,0.56526661
714.59280812,0.56370887
714.82827034,0.56969058
715.06374355,0.53913816
715.29922774,0.52204458
715.53472290,0.52113071
715.77022903,0.50368405
716.00574614,0.50821187
716.24127421,0.49894853
716.47681324,0.47940411
716.71236324,0.47541631
716.94792420,0.47275777
717.18349611,0.46939305
717.41907898,0.46579987
717.65467280,0.45610036
717.89027757,0.45549803
718.12589328,0.44162379
718.36151993,0.43651441
718.59715752,0.43329508
718.83280605,0.43057423
719.06846552,0.43053269
719.30413591,0.44019067
719.53981724,0.43645210
719.77550949,0.45190485
720.01121266,0.45680653
720.24692676,0.47385857
720.48265177,0.49209448
720.71838769,0.49718309
720.95413453,0.49803465
721.18989228,0.51886680
721.42566093,0.51288509
721.66144049,0.52362309
721.89723095,0.49797234
722.13303231,0.50123321
722.36884456,0.48980980
722.60466770,0.47743098
722.84050173,0.46451214
723.07634666,0.45315104
723.31220246,0.44939170
723.54806915,0.44328537
723.78394671,0.42417713
724.01983515,0.41703230
724.25573447,0.40776896
724.49164465,0.39451780
724.72756571,0.38903457
724.96349762,0.38089279
725.19944040,0.37908582
725.43539404,0.36768318
725.67135854,0.35642593
725.90733388,0.35736057
726.14332008,0.35833675
726.37931713,0.35848214
726.61532503,0.35212657
726.85134376,0.34693411
727.08737334,0.34238552
727.32341375,0.32838665
727.55946500,0.32095105
727.79552708,0.31675554
728.03159998,0.30759605
728.26768372,0.31432547
728.50377827,0.31727479
728.73988365,0.31744095
728.97599985,0.31029613
729.21212686,0.31077383
729.44826468,0.31116846
729.68441331,0.30593446
729.92057275,0.30985996
730.15674299,0.31405547
730.39292403,0.31175001
730.62911587,0.30703526
730.86531851,0.29237176
731.10153194,0.28757393
731.33775616,0.28277610
731.57399117,0.27993063
731.81023696,0.26009544
732.04649353,0.26242166
732.28276088,0.24933666
732.51903901,0.24543193
732.75532791,0.23560780
732.99162758,0.22115200
733.22793802,0.21026861
733.46425923,0.20459844
733.70059119,0.19732900
733.93693392,0.19687206
734.17328740,0.18904184
734.40965164,0.18762949
734.64602662,0.18355860
734.88241236,0.18507480
735.11880884,0.18623791
735.35521607,0.18090006
735.59163403,0.17867769
735.82806273,0.18370399
736.06450217,0.18594713
736.30095234,0.19392275
736.53741323,0.20335225
736.77388486,0.21882578
737.01036720,0.22613676
737.24686027,0.23830788
737.48336406,0.25521453
737.71987856,0.26414555
737.95640377,0.26846568
738.19293969,0.28038757
738.42948632,0.29174866
738.66604365,0.29368026
738.90261169,0.28086527
739.13919042,0.28921474
739.37577985,0.28568387
739.61237997,0.27837289
739.84899078,0.27581820
740.08561228,0.27513280
740.32224446,0.26192318
740.55888732,0.25494452
740.79554087,0.24335495
741.03220509,0.24235800
741.26887998,0.22796450
741.50556555,0.22187894
741.74226178,0.20713236
741.97896868,0.20339379
742.21568624,0.19481585
742.45241446,0.18821104
742.68915333,0.17992388
742.92590286,0.18058851
743.16266304,0.17826229
743.39943387,0.16914433
743.63621535,0.17201057
743.87300747,0.16870817
744.10981023,0.16191643
744.34662363,0.16050408
744.58344766,0.16083640
744.82028232,0.15788708
745.05712761,0.15624627
745.29398353,0.15948636
745.53085007,0.15414851
745.76772724,0.15817786
746.00461502,0.15952790
746.24151341,0.15163536
746.47842242,0.15342157
746.71534204,0.16260184
746.95227227,0.15848941
747.18921310,0.16349494
747.42616453,0.15971483
747.66312656,0.17221827
747.90009918,0.16048331
748.13708240,0.17728611
748.37407621,0.18154393
748.61108061,0.17666301
748.84809559,0.17072284
749.08512115,0.16580039
749.32215730,0.15772093
749.55920401,0.16040023
749.79626131,0.16307954
750.03332917,0.15973560
750.27040760,0.16432573
750.50749660,0.16945588
750.74459616,0.16916510
750.98170628,0.16887433
751.21882695,0.16982974
751.45595818,0.16640272
751.69309997,0.16976743
751.93025230,0.16648580
752.16741517,0.16507345
752.40458859,0.16752429
752.64177256,0.16017177
752.87896705,0.16555115
753.11617209,0.15929943
753.35338765,0.16212413
753.59061374,0.16459574
753.82785037,0.17481450
754.06509751,0.18206317
754.30235518,0.19620743
754.53962336,0.20675850
754.77690206,0.21130710
755.01419127,0.21307253
755.25149099,0.22634446
755.48880122,0.23292849
755.72612195,0.24111181
755.96345319,0.23720708
756.20079492,0.24462191
756.43814715,0.24125720
756.67550987,0.24821509
756.91288309,0.23415391
757.15026679,0.23213924
757.38766097,0.22341591
757.62506564,0.21980196
757.86248079,0.22021736
758.09990641,0.21091247
758.33734251,0.19724592
758.57478908,0.18573943
758.81224612,0.19194961
759.04971362,0.17992388
759.28719159,0.17367216
759.52468001,0.16322493
759.76217889,0.16573808
759.99968823,0.15105381
760.23720802,0.13917346
760.47473826,0.13207018
760.71227894,0.13294251
760.94983007,0.13121862
761.18739164,0.13142632
761.42496364,0.12413610
761.66254608,0.13028398
761.90013895,0.12841469
762.13774226,0.13024244
762.37535598,0.12336762
762.61298014,0.12392841
762.85061471,0.12696080
763.08825970,0.13414716
763.32591511,0.14195662
763.56358093,0.14652599
763.80125716,0.15230000
764.03894380,0.16023408
764.27664084,0.17365139
764.51434829,0.16993359
764.75206613,0.17946694
764.98979437,0.19041264
765.22753300,0.19562587
765.46528203,0.21155634
765.70304144,0.21687341
765.94081124,0.21556491
766.17859142,0.21166018
766.41638197,0.20727775
766.65418291,0.20731929
766.89199422,0.21502490
767.12981590,0.20765161
767.36764795,0.20827470
767.60549036,0.20368457
767.84334314,0.20071448
768.08120628,0.19070342
768.31907977,0.18465940
768.55696362,0.18484633
768.79485782,0.17743150
769.03276238,0.17948771
769.27067727,0.17718226
769.50860251,0.17626839
769.74653809,0.18663253
769.98448401,0.18987263
770.22244027,0.18808642
770.46040685,0.18814873
770.69838377,0.18112853
770.93637101,0.18148162
771.17436858,0.18569789
771.41237647,0.19014264
771.65039468,0.19878289
771.88842320,0.19315426
772.12646204,0.19253117
772.36451118,0.18852259
772.60257064,0.18956108
772.84064039,0.18590559
773.07872045,0.18432708
773.31681081,0.17990311
773.55491147,0.17626839
773.79302242,0.17394217
774.03114366,0.17302829
774.26927519,0.17506374
774.50741700,0.17136671
774.74556910,0.16690119
774.98373147,0.17263367
775.22190413,0.17101362
775.46008705,0.17198980
775.69828025,0.16478267
775.93648372,0.16806430
776.17469745,0.16285108
776.41292145,0.16843816
776.65115570,0.16453343
776.88940022,0.17780536
777.12765499,0.17072284
777.36592001,0.18046389
777.60419528,0.17566606
777.84248079,0.17373447
778.08077655,0.17192749
778.31908256,0.16636118
778.55739879,0.15400313
778.79572527,0.15169767
779.03406198,0.14752294
779.27240891,0.14235125
779.51076608,0.13603722
779.74913346,0.14297434
779.98751107,0.14220586
780.22589890,0.15859326
780.46429695,0.13769881
780.70270520,0.13614107
780.94112367,0.12980627
781.17955235,0.14033658
781.41799123,0.12652464
781.65644031,0.13063706
781.89489959,0.12675310
782.13336907,0.12868470
782.37184874,0.12162295
782.61033861,0.12093755
782.84883866,0.13051244
783.08734890,0.12590154
783.32586931,0.12658695
783.56439991,0.12725158
783.80294069,0.12600539
784.04149164,0.13290097
784.28005276,0.13717956
784.51862406,0.15163536
784.75720551,0.15223769
784.99579713,0.15716014
785.23439891,0.16260184
785.47301085,0.16629887
785.71163295,0.16081563
785.95026519,0.16546807
786.18890759,0.16382726
786.42756013,0.16773199
786.66622282,0.16231106
786.90489564,0.16735813
787.14357861,0.16160489
787.38227171,0.16287184
787.62097494,0.15348388
787.85968831,0.15711860
788.09841180,0.15612165
788.33714541,0.15202999
788.57588915,0.14249664
788.81464301,0.13732495
789.05340698,0.13389793
789.29218106,0.12870547
789.53096526,0.12552768
789.76975956,0.12023138
790.00856397,0.11985752
790.24737848,0.12883009
790.48620309,0.12195527
790.72503780,0.12600539
790.96388260,0.12538229
791.20273749,0.12791621
791.44160247,0.11989906
791.68047754,0.12143603
791.91936269,0.11690820
792.15825792,0.11977444
792.39716323,0.12307684
792.63607861,0.11894365
792.87500406,0.11788438
793.11393958,0.12174757
793.35288517,0.11260885
793.59184082,0.10833026
793.83080653,0.10841334
794.06978230,0.11348118
794.30876813,0.11940058
794.54776401,0.11194421
794.78676993,0.10878720
795.02578591,0.12137372
795.26481193,0.11516354
795.50384798,0.11190267
795.74289408,0.11562047
795.98195022,0.12031446
796.22101638,0.12266145
796.46009258,0.12473843
796.69917880,0.12831084
796.93827505,0.12592231
797.17738132,0.12650387
797.41649761,0.12793698
797.65562392,0.14010811
797.89476024,0.13391870
798.13390657,0.13389793
798.37306290,0.13838421
798.61222925,0.13051244
798.85140559,0.13219480
799.09059194,0.12598462
799.32978828,0.13535182
799.56899462,0.12226682
799.80821094,0.13711725
800.04743726,0.14203970
800.28667356,0.14355590
800.52591985,0.14145815
800.76517611,0.14444900
801.00444236,0.14571596
801.24371857,0.14478132
801.48300476,0.15026456
801.72230092,0.14922606
801.96160705,0.15365004
802.20092314,0.16295492
802.44024919,0.16555115
802.67958519,0.17354754
802.91893116,0.17267521
803.15828707,0.17363062
803.39765294,0.18040158
803.63702875,0.19334119
803.87641450,0.18279012
804.11581020,0.19064111
804.35521584,0.19244809
804.59463141,0.19199115
804.83405692,0.18632099
805.07349235,0.18600944
805.31293772,0.17884385
805.55239300,0.17722380
805.79185821,0.17560375
806.03133334,0.17610223
806.27081839,0.17356831
806.51031335,0.17350600
806.74981822,0.17053591
806.98933300,0.16447112
807.22885768,0.15965252
807.46839227,0.15543624
807.70793675,0.14581981
807.94749114,0.14089736
808.18705542,0.13566336
808.42662959,0.13734572
808.66621364,0.13522720
808.90580759,0.12949472
809.14541141,0.13153017
809.38502512,0.12029369
809.62464871,0.11958751
809.86428217,0.11545431
810.10392550,0.11144574
810.34357870,0.09755072
810.58324177,0.10575480
810.82291470,0.09360445
811.06259749,0.09009435
811.30229015,0.09381215
811.54199265,0.09005281
811.78170501,0.08363493
812.02142722,0.08114255
812.26115928,0.07784014
812.50090118,0.07732090
812.74065292,0.07349925
812.98041450,0.07007223
813.22018592,0.07561777
813.45996717,0.06427744
813.69975825,0.06411128
813.93955916,0.06220046
814.17936989,0.05916806
814.41919045,0.05216863
814.65902083,0.06058041
814.89886102,0.04932316
815.13871102,0.05146246
815.37857084,0.04558459
815.61844047,0.04778620
815.85831990,0.04699694
816.09820913,0.04579229
816.33810817,0.04242758
816.57801700,0.03802437
816.81793562,0.04039213
817.05786404,0.03927056
817.29780225,0.03042261
817.53775024,0.03056800
817.77770801,0.03193881
818.01767557,0.02759792
818.25765290,0.02543785
818.49764001,0.02560401
818.73763689,0.02784715
818.97764354,0.02523016
819.21765996,0.03009030
819.45768614,0.02697482
819.69772209,0.02296624
819.93776779,0.02325702
820.17782324,0.02030771
820.41788845,0.02390089
820.65796341,0.01845919
820.89804812,0.01619528
821.13814257,0.01754532
821.37824677,0.02122158
821.61836070,0.01958076
821.85848437,0.01928998
822.09861777,0.02091003
822.33876090,0.02298701
822.57891376,0.02707867
822.81907635,0.03050569
823.05924866,0.03715204
823.29943069,0.04656078
823.53962243,0.05796341
823.77982389,0.07144304
824.02003506,0.07981328
824.26025594,0.09088360
824.50048652,0.10930644
824.74072681,0.11973290
824.98097680,0.14316127
825.22123648,0.15271540
825.46150586,0.17475219
825.70178493,0.18067159
825.94207369,0.19271810
826.18237214,0.20081833
826.42268027,0.21647879
826.66299808,0.21145249
826.90332557,0.22769450
827.14366273,0.22511904
827.38400957,0.23859866
827.62436608,0.23261695
827.86473225,0.23837019
828.10510809,0.24426882
828.34549359,0.24385343
828.58588874,0.24296032
828.82629356,0.24962744
829.06670802,0.24738430
829.30713214,0.25604532
829.54756590,0.24921204
829.78800931,0.24821509
830.02846236,0.24856818
830.26892505,0.24892127
830.50939738,0.24595118
830.74987934,0.24196337
830.99037093,0.23340620
831.23087215,0.22786066
831.47138299,0.22343668
831.71190346,0.21938656
831.95243355,0.21955272
832.19297325,0.20900165
832.43352257,0.20646773
832.67408150,0.20000831
832.91465003,0.19888674
833.15522818,0.18233318
833.39581592,0.18301858
833.63641327,0.17516759
833.87702022,0.16544730
834.11763676,0.16089871
834.35826289,0.15917481
834.59889861,0.15583087
834.83954392,0.14563288
835.08019881,0.13549720
835.32086328,0.12640002
835.56153733,0.12075062
835.80222095,0.11163266
836.04291415,0.10681406
836.28361692,0.10336627
836.52432926,0.10025080
836.76505116,0.09736379
837.00578262,0.10153853
837.24652364,0.09701070
837.48727421,0.09449755
837.72803434,0.08346877
837.96880402,0.08112178
838.20958325,0.07854632
838.45037202,0.08068561
838.69117033,0.08045714
838.93197819,0.08076869
839.17279558,0.08216027
839.41362250,0.09345906
839.65445896,0.09171439
839.89530494,0.09659530
840.13616045,0.09615914
840.37702548,0.09906692
840.61790003,0.10425937
840.85878410,0.10492401
841.09967768,0.09908769
841.34058078,0.10440476
841.58149338,0.10122698
841.82241549,0.10106082
842.06334710,0.10178776
842.30428821,0.10394783
842.54523883,0.10263933
842.78619893,0.10284702
843.02716853,0.09451832
843.26814762,0.09750918
843.50913619,0.09179747
843.75013425,0.08957510
843.99114179,0.08864046
844.23215881,0.08494343
844.47318530,0.08114255
844.71422127,0.08861969
844.95526670,0.08101793
845.19632161,0.08176564
845.43738597,0.07632395
845.67845980,0.08072715
845.91954309,0.07464159
846.16063584,0.06924143
846.40173803,0.06600134
846.64284968,0.07430927
846.88397078,0.06294817
847.12510132,0.06809909
847.36624130,0.06930374
847.60739073,0.06685290
847.84854959,0.06583518
848.08971788,0.07046685
848.33089561,0.06836910
848.57208276,0.07306308
848.81327934,0.07813092
849.05448534,0.07761168
849.29570076,0.08072715
849.53692560,0.09233749
849.77815986,0.09185978
850.01940353,0.10222393
850.26065660,0.10718792
850.50191908,0.11589048
850.74319097,0.11044878
850.98447225,0.11678358
851.22576294,0.12066754
851.46706301,0.12966088
851.70837248,0.13641108
851.94969135,0.15148998
852.19101959,0.16337032
852.43235722,0.18318474
852.67370424,0.18436862
852.91506063,0.18949877
853.15642640,0.20345610
853.39780154,0.21346716
853.63918605,0.21238713
853.88057992,0.21249098
854.12198317,0.21460950
854.36339577,0.22108969
854.60481773,0.21755882
854.84624905,0.21340485
855.08768973,0.20083910
855.32913975,0.19776517
855.57059912,0.19172114
855.81206784,0.19612435
856.05354590,0.18636253
856.29503330,0.18488787
856.53653004,0.18266550
856.77803611,0.18517865
857.01955151,0.17475219
857.26107624,0.20611464
857.50261030,0.17797151
857.74415367,0.18063005
857.98570637,0.16999590
858.22726839,0.16355725
858.46883972,0.16100256
858.71042037,0.16210336
858.95201032,0.15846864
859.19360958,0.15595549
859.43521814,0.14357667
859.67683601,0.13709648
859.91846317,0.14777218
860.16009963,0.13130170
860.40174538,0.12876778
860.64340042,0.12303530
860.88506474,0.11709513
861.12673835,0.11817516
861.36842125,0.11823747
861.61011342,0.11960828
861.85181487,0.11491430
862.09352559,0.11188190
862.33524558,0.11127958
862.57697484,0.10849642
862.81871336,0.11034494
863.06046114,0.10490324
863.30221819,0.10205777
863.54398449,0.11159113
863.78576004,0.11055263
864.02754485,0.10411398
864.26933890,0.10479939
864.51114220,0.10108159
864.75295474,0.09908769
864.99477653,0.11040724
865.23660755,0.10236932
865.47844780,0.09366676
865.72029728,0.09237903
865.96215600,0.09341752
866.20402394,0.09248288
866.44590110,0.09634607
866.68778748,0.09080052
866.92968308,0.09428985
867.17158790,0.09333444
867.41350193,0.09466371
867.65542516,0.10361551
867.89735761,0.10509017
868.13929926,0.10322088
868.38125011,0.10000156
868.62321015,0.10490324
868.86517940,0.11140420
869.10715783,0.10413475
869.34914546,0.10621174
869.59114227,0.10527710
869.83314827,0.10149699
870.07516344,0.10008464
870.31718780,0.09424831
870.55922133,0.10421783
870.80126404,0.09863075
871.04331592,0.09738456
871.28537696,0.09102899
871.52744717,0.08839122
871.76952655,0.09069667
872.01161508,0.09264904
872.25371277,0.09175593
872.49581961,0.08602346
872.73793560,0.08751889
872.98006075,0.09206748
873.22219503,0.08849507
873.46433846,0.08542113
873.70649103,0.08400879
873.94865274,0.07474544
874.19082358,0.07748706
874.43300356,0.07723782
874.67519266,0.06730984
874.91739089,0.06033118
875.15959824,0.05881498
875.40181471,0.05362252
875.64404031,0.05846189
875.88627501,0.05285403
876.12851883,0.04813928
876.37077176,0.05050704
876.61303379,0.04730849
876.85530493,0.04870007
877.09758517,0.04047521
877.33987451,0.04086984
877.58217294,0.04668539
877.82448047,0.04936470
878.06679709,0.05221017
878.30912279,0.04986318
878.55145758,0.05599028
878.79380145,0.05954192
879.03615440,0.05686261
879.27851643,0.06201353
879.52088753,0.06568979
879.76326770,0.06544055
880.00565694,0.07179612
880.24805524,0.07649011
880.49046260,0.08135025
880.73287903,0.07902403
880.97530451,0.08166179
881.21773905,0.07669780
881.46018264,0.07624087
881.70263527,0.08729042
881.94509695,0.08213950
882.18756768,0.07680165
882.43004744,0.08122563
882.67253625,0.08234720
882.91503409,0.08101793
883.15754095,0.07555546
883.40005685,0.07300077
883.64258178,0.07187920
883.88511573,0.06770447
884.12765869,0.06706060
884.37021068,0.06155660
884.61277168,0.06855603
884.85534170,0.06168121
885.09792072,0.06066349
885.34050876,0.06186814
885.58310579,0.06280279
885.82571183,0.06303125
886.06832686,0.05763110
886.31095090,0.06139044
886.55358392,0.05935499
886.79622594,0.05466101
887.03887694,0.05071474
887.28153693,0.04907393
887.52420589,0.05530488
887.76688384,0.05206478
888.00957077,0.05129630
888.25226667,0.04637385
888.49497154,0.05017473
888.73768537,0.04857545
888.98040818,0.04423455
889.22313994,0.04159678
889.46588067,0.04566767
889.70863035,0.03783744
889.95138899,0.03733897
890.19415657,0.03775437
890.43693311,0.03625894
890.67971859,0.03343424
890.92251302,0.02755638
891.16531639,0.02844948
891.40812869,0.02352703
891.65094993,0.02435782
891.89378010,0.02653866
892.13661920,0.02367242
892.37946723,0.02556247
892.62232418,0.02356857
892.86519005,0.02977875
893.10806484,0.02722406
893.35094854,0.03343424
893.59384116,0.02747330
893.83674269,0.03690280
894.07965312,0.03665356
894.32257246,0.03958211
894.56550070,0.03943672
894.80843784,0.05011242
895.05138388,0.04772389
895.29433881,0.05524257
895.53730263,0.04876238
895.78027533,0.05081859
896.02325692,0.05083936
896.26624740,0.05073551
896.50924675,0.05547103
896.75225498,0.05594874
896.99527208,0.05324866
897.23829806,0.05530488
897.48133290,0.06049733
897.72437661,0.05700800
897.96742918,0.05902268
898.21049061,0.05987424
898.45356090,0.05669645
898.69664005,0.06467207
898.93972804,0.05588643
899.18282488,0.06118274
899.42593057,0.06116197
899.66904511,0.05366406
899.91216848,0.06010271
900.15530069,0.05281250
900.39844174,0.05929268
900.64159162,0.05447408
900.88475033,0.05416253
901.12791786,0.06120351
901.37109422,0.05812957
901.61427940,0.05509718
901.85747340,0.05925114
902.10067621,0.06107889
902.34388784,0.06822371
902.58710827,0.06926220
902.83033752,0.06346742
903.07357557,0.07071609
903.31682242,0.06716445
903.56007807,0.07248153
903.80334251,0.07541007
904.04661575,0.07773630
904.28989778,0.08270029
904.53318860,0.08903509
904.77648820,0.08390494
905.01979659,0.08527575
905.26311375,0.08610654
905.50643969,0.08641809
905.74977441,0.09287750
905.99311789,0.09138208
906.23647015,0.09314751
906.47983117,0.09250365
906.72320095,0.08816275
906.96657950,0.08984511
907.20996680,0.08454880
907.45336285,0.08812121
907.69676766,0.08851584
907.94018122,0.09225441
908.18360352,0.08857815
908.42703457,0.08818352
908.67047435,0.07995867
908.91392288,0.07991713
909.15738014,0.08226412
909.40084613,0.07856709
909.64432085,0.08417494
909.88780430,0.08139179
910.13129648,0.07813092
910.37479737,0.07779861
910.61830699,0.07732090
910.86182531,0.07460005
911.10535236,0.07005146
911.34888811,0.07742475
911.59243257,0.06504593
911.83598573,0.06514978
912.07954760,0.06251201
912.32311816,0.06469284
912.56669743,0.07027993
912.81028538,0.06313510
913.05388203,0.06203430
913.29748736,0.06820294
913.54110138,0.06643751
913.78472408,0.06720599
914.02835547,0.06905451
914.27199552,0.07187920
914.51564426,0.06782909
914.75930166,0.06928297
915.00296774,0.06963606
915.24664247,0.07607471
915.49032588,0.07711320
915.73401794,0.07970943
915.97771866,0.08114255
916.22142803,0.08824583
916.46514606,0.09175593
916.70887274,0.09100822
916.95260806,0.08606500
917.19635202,0.09385369
917.44010463,0.09624222
917.68386588,0.09904615
917.92763576,0.09690685
918.17141427,0.10698022
918.41520141,0.11339810
918.65899718,0.11015801
918.90280158,0.11283732
919.14661459,0.11495584
919.39043623,0.12016907
919.63426648,0.12361686
919.87810534,0.12428149
920.12195281,0.13107323
920.36580890,0.12656618
920.60967358,0.12656618
920.85354687,0.12926625
921.09742876,0.13560105
921.34131924,0.13769881
921.58521832,0.14760602
921.82912599,0.13738726
922.07304225,0.13570490
922.31696709,0.13042936
922.56090052,0.12760467
922.80484252,0.12500844
923.04879310,0.12328454
923.29275226,0.11296193
923.53671999,0.11370965
923.78069629,0.09973155
924.02468115,0.09752995
924.26867458,0.08807967
924.51267656,0.08400879
924.75668711,0.07825554
925.00070621,0.07744552
925.24473386,0.06622981
925.48877006,0.06475515
925.73281481,0.06197199
925.97686810,0.05518026
926.22092994,0.05065243
926.46500031,0.05023704
926.70907921,0.04369454
926.95316665,0.04712156
927.19726262,0.04589614
927.44136712,0.04197064
927.68548014,0.03752590
927.92960168,0.03864747
928.17373175,0.03229190
928.41787032,0.02886488
928.66201741,0.02790946
928.90617302,0.02558324
929.15033713,0.02574940
929.39450974,0.02579094
929.63869086,0.02506400
929.88288047,0.02466937
930.12707859,0.02277932
930.37128520,0.02961259
930.61550029,0.02199006
930.85972388,0.02421243
931.10395595,0.02055694
931.34819651,0.01943537
931.59244554,0.02282085
931.83670306,0.02363088
932.08096904,0.02755638
932.32524350,0.03104571
932.56952643,0.03411964
932.81381782,0.03796206
933.05811768,0.03468043
933.30242600,0.04965548
933.54674278,0.04344530
933.79106801,0.05210632
934.03540169,0.05063166
934.27974382,0.05216863
934.52409440,0.05648876
934.76845343,0.06336357
935.01282089,0.06616750
935.25719680,0.07339540
935.50158114,0.07470390
935.74597391,0.07036300
935.99037511,0.07192074
936.23478474,0.07121457
936.47920279,0.07081994
936.72362927,0.07983405
936.96806417,0.06699829
937.21250748,0.06795370
937.45695920,0.06585595
937.70141934,0.05977039
937.94588788,0.06051810
938.19036483,0.05935499
938.43485019,0.06336357
938.67934394,0.05761033
938.92384608,0.05447408
939.16835663,0.05551257
939.41287556,0.05796341
939.65740288,0.05904345
939.90193859,0.05054858
940.14648268,0.05443254
940.39103515,0.04988395
940.63559600,0.05513872
940.88016523,0.05343559
941.12474282,0.05852420
941.36932879,0.05464024
941.61392312,0.05715339
941.85852581,0.05511795
942.10313687,0.05214786
942.34775628,0.05347713
942.59238405,0.05395484
942.83702017,0.05291634
943.08166464,0.05812957
943.32631746,0.06226277
943.57097862,0.05945884
943.81564813,0.05773495
944.06032597,0.06012348
944.30501215,0.05572027
944.54970666,0.06153583
944.79440950,0.05640568
945.03912067,0.05459870
945.28384016,0.06041425
945.52856798,0.05268788
945.77330412,0.05385099
946.01804857,0.04660231
946.26280133,0.04807697
946.50756241,0.04774466
946.75233179,0.04982164
946.99710948,0.04938547
947.24189548,0.05185708
947.48668977,0.04843006
947.73149236,0.05131707
947.97630324,0.04878315
948.22112242,0.04872084
948.46594988,0.04992549
948.71078563,0.04599999
948.95562966,0.04959317
949.20048198,0.04398532
949.44534257,0.03858516
949.69021144,0.03995597
949.93508857,0.04140986
950.17997398,0.04082830
950.42486766,0.03769206
950.66976959,0.04489919
950.91467979,0.03821130
951.15959825,0.03910440
951.40452496,0.03486736
951.64945993,0.03586431
951.89440314,0.03868901
952.13935461,0.03017338
952.38431431,0.03297730
952.62928226,0.02857410
952.87425845,0.03191804
953.11924287,0.03198035
953.36423553,0.02610249
953.60923642,0.02454475
953.85424553,0.02668404
954.09926287,0.02105542
954.34428843,0.02145005
954.58932222,0.02028694
954.83436421,0.02259239
955.07941443,0.02097234
955.32447285,0.01758686
955.56953948,0.02043232
955.81461432,0.02151236
956.05969736,0.01883305
956.30478860,0.01245671
956.54988803,0.01688068
956.79499567,0.01600835
957.04011149,0.01897844
957.28523550,0.01318365
957.53036770,0.01218670
957.77550808,0.01332904
958.02065664,0.01361982
958.26581338,0.01150130
958.51097830,0.01216593
958.75615139,0.01328750
959.00133264,0.01604989
959.24652207,0.00971509
959.49171965,0.01748301
959.73692540,0.01301749
959.98213931,0.01442984
960.22736137,0.01307980
960.47259159,0.01721300
960.71782995,0.04872084
960.96307647,0.01839688
961.20833112,0.01868766
961.45359392,0.02633096
961.69886486,0.02315317
961.94414394,0.02381781
962.18943115,0.02444090
962.43472648,0.02435782
962.68002995,0.02815870
962.92534154,0.02961259
963.17066126,0.02930104
963.41598909,0.03210497
963.66132504,0.03609278
963.90666911,0.03652895
964.15202128,0.03785821
964.39738157,0.04741234
964.64274996,0.04035059
964.88812645,0.04745388
965.13351104,0.03968596
965.37890374,0.03931210
965.62430452,0.03993520
965.86971340,0.03702742
966.11513036,0.04049598
966.36055542,0.04248989
966.60598855,0.04402686
966.85142977,0.03970673
967.09687907,0.04001828
967.34233644,0.04273913
967.58780188,0.04398532
967.83327539,0.04329991
968.07875697,0.04510689
968.32424661,0.05281250
968.56974432,0.04647770
968.81525008,0.04759927
969.06076390,0.04930239
969.30628577,0.05306173
969.55181570,0.05952115
969.79735367,0.06066349
970.04289968,0.05370560
970.28845374,0.05829573
970.53401583,0.05929268
970.77958597,0.06799524
971.02516413,0.06139044
971.27075033,0.06369589
971.51634455,0.06242893
971.76194680,0.06965683
972.00755708,0.06487977
972.25317537,0.07057070
972.49880168,0.07227383
972.74443600,0.07067455
972.99007834,0.06564825
973.23572868,0.06554440
973.48138703,0.06649982
973.72705338,0.06325972
973.97272774,0.05883575
974.21841009,0.06340511
974.46410043,0.05918883
974.70979877,0.05555411
974.95550510,0.05123399
975.20121941,0.05663414
975.44694171,0.05368483
975.69267199,0.05673799
975.93841024,0.05586566
976.18415647,0.05765187
976.42991068,0.05630183
976.67567285,0.05349790
976.92144299,0.05360175
977.16722110,0.05277096
977.41300717,0.06087119
977.65880119,0.05910575
977.90460317,0.05202324
978.15041311,0.06078811
978.39623099,0.05738186
978.64205683,0.05538795
978.88789061,0.05148323
979.13373233,0.04953086
979.37958199,0.04535612
979.62543958,0.04410993
979.87130511,0.04558459
980.11717857,0.04855468
980.36305996,0.04275990
980.60894928,0.04354915
980.85484651,0.04014290
981.10075167,0.04531459
981.34666475,0.04147217
981.59258573,0.04442148
981.83851463,0.03841900
982.08445144,0.04124370
982.33039616,0.03775437
982.57634878,0.03478428
982.82230930,0.03339270
983.06827771,0.03524122
983.31425403,0.03621740
983.56023823,0.03366271
983.80623032,0.03509583
984.05223031,0.03179342
984.29823817,0.03108725
984.54425391,0.03006953
984.79027754,0.02415012
985.03630904,0.02876103
985.28234841,0.02562478
985.52839565,0.03195958
985.77445076,0.03102494
986.02051374,0.03360040
986.26658457,0.02822101
986.51266327,0.03765052
986.75874982,0.03218805
987.00484422,0.03698588
987.25094647,0.04143063
987.49705658,0.03943672
987.74317452,0.03742205
987.98930031,0.04188756
988.23543394,0.04489919
988.48157541,0.04774466
988.72772471,0.04633231
988.97388184,0.05380945
989.22004680,0.04541843
989.46621959,0.05167015
989.71240020,0.04604153
989.95858862,0.04959317
990.20478487,0.04695540
990.45098893,0.05522180
990.69720080,0.04944778
990.94342048,0.04714233
991.18964797,0.04631154
991.43588326,0.04637385
991.68212635,0.04396455
991.92837724,0.04429686
992.17463593,0.04332068
992.42090240,0.04213680
992.66717667,0.03706896
992.91345872,0.03727666
993.15974856,0.02936335
993.40604618,0.03281115
993.65235158,0.03127418
993.89866475,0.03281115
994.14498570,0.03025646
994.39131441,0.03297730
994.63765090,0.02894796
994.88399515,0.02562478
995.13034716,0.02730714
995.37670693,0.02724483
995.62307445,0.02462783
995.86944973,0.02176159
996.11583276,0.02082695
996.36222354,0.02271701
996.60862206,0.02082695
996.85502833,0.02435782
997.10144233,0.02057771
997.34786408,0.01750378
997.59429355,0.02037001
997.84073076,0.01947691
998.08717570,0.01193746
998.33362836,0.01802302
998.58008875,0.01380675
998.82655685,0.01488678
999.07303267,0.02334010
999.31951621,0.01573834
999.56600746,0.01037972
999.81250642,0.01104436
1000.05901309,0.00981894
1000.30552746,0.01108590
1000.55204953,0.00759657
1000.79857929,0.01380675
1001.04511676,0.01318365
1001.29166191,0.01457523
1001.53821476,0.00776273
1001.78477529,0.01202054
1002.03134351,0.01021357
1002.27791941,0.01287210
1002.52450299,0.01351597
1002.77109424,0.01199977
1003.01769317,0.00959047
1003.26429976,0.01218670
1003.51091403,0.00952816
1003.75753596,0.01324596
1004.00416555,0.01071204
1004.25080280,0.01796071
1004.49744771,0.01407675
1004.74410027,0.01222824
1004.99076048,0.01303826
1005.23742834,0.01332904
1005.48410384,0.01764917
1005.73078699,0.01372367
1005.97747778,0.01872920
1006.22417620,0.01613297
1006.47088226,0.01949768
1006.71759595,0.02093080
1006.96431727,0.02088926
1007.21104622,0.02007924
1007.45778279,0.02367242
1007.70452698,0.01415983
1007.95127879,0.01999616
1008.19803821,0.01928998
1008.44480524,0.02412935
1008.69157988,0.02190698
1008.93836213,0.02302855
1009.18515199,0.01968461
1009.43194944,0.01995462
1009.67875450,0.01943537
1009.92556715,0.01681837
1010.17238739,0.02037001
1010.41921522,0.02030771
1010.66605064,0.02078541
1010.91289364,0.02059848
1011.15974422,0.01617451
1011.40660239,0.01629913
1011.65346813,0.01656913
1011.90034144,0.02631019
1012.14722232,0.02007924
1012.39411078,0.01584219
1012.64100679,0.01850073
1012.88791037,0.01806456
1013.13482151,0.01960153
1013.38174020,0.01833457
1013.62866645,0.02425397
1013.87560025,0.02539631
1014.12254160,0.01897844
1014.36949049,0.02223930
1014.61644693,0.02577017
1014.86341091,0.01895767
1015.11038242,0.02147082
1015.35736147,0.02273778
1015.60434805,0.01937306
1015.85134216,0.01708838
1016.09834379,0.01825149
1016.34535295,0.01775302
1016.59236963,0.02016232
1016.83939383,0.01949768
1017.08642554,0.01914459
1017.33346476,0.02074387
1017.58051150,0.01735839
1017.82756574,0.01503217
1018.07462748,0.01521910
1018.32169673,0.01983000
1018.56877347,0.01623682
1018.81585771,0.01949768
1019.06294945,0.01492832
1019.31004867,0.00772119
1019.55715538,0.00394108
1019.80426957,0.01164668
1020.05139125,0.01690145
1020.29852041,0.01445061
1020.54565704,0.00811581
1020.79280114,0.01253979
1021.03995272,0.00616345
1021.28711177,0.01374444
1021.53427828,0.01008895
1021.78145225,0.01262287
1022.02863368,0.00896738
1022.27582257,0.00927892
1022.52301891,0.01509448
1022.77022270,0.01123129
1023.01743395,0.00950739
1023.26465263,0.01033818
1023.51187876,0.00279874
1023.75911234,0.00836505
1024.00635335,0.00668269
1024.25360179,0.00813658
1024.50085766,0.00551958
1024.74812097,0.00666192
1024.99539170,0.00699424
1025.24266985,0.00761734
1025.48995543,0.00329721
1025.73724842,0.00614268
1025.98454883,0.00662038
1026.23185665,0.00261181
1026.47917188,0.00335952
1026.72649452,0.00601806
1026.97382456,0.00807427
1027.22116200,0.00117869
1027.46850685,0.00535342
1027.71585908,0.00583113
1027.96321872,0.00371261
1028.21058574,0.00286104
1028.45796014,-0.01240478
1028.70534194,-0.01159476
1028.95273111,-0.01379636
1029.20012767,-0.01234247
1029.44753160,-0.01246709
1029.69494290,-0.01313173
