399.81288841,0.00504704
400.03045039,0.00597944
400.24802720,0.00888024
400.46561883,0.00374168
400.68322529,0.00036433
400.90084656,0.00071657
401.11848265,0.00440472
401.33613355,0.00334800
401.55379926,0.00488128
401.77147978,0.00519208
401.98917511,0.00678752
402.20688524,0.00245704
402.42461017,0.00388672
402.64234989,0.00542000
402.86010441,-0.00031943
403.07787372,0.00546144
403.29565782,0.00492272
403.51345670,0.00401104
403.73127037,0.00664248
403.94909882,0.00235344
404.16694205,0.00600016
404.38480005,0.00336872
404.60267282,0.00330656
404.82056036,0.00158681
405.03846267,0.00577224
405.25637974,0.00906672
405.47431157,0.00633168
405.69225816,0.00405248
405.91021951,0.00336872
406.12819561,0.00187689
406.34618645,0.00169041
406.56419205,0.00394888
406.78221239,0.00318224
407.00024747,0.00552360
407.21829729,0.00102737
407.43636184,0.00846584
407.65444113,0.00709832
407.87253515,0.00803072
408.09064390,0.00525424
408.30876737,0.00270568
408.52690556,0.00602088
408.74505847,0.00312008
408.96322610,0.00600016
409.18140844,0.00399032
409.39960550,0.00307864
409.61781726,0.00457048
409.83604372,0.00508848
410.05428489,0.00807216
410.27254076,0.00050937
410.49081133,0.00977120
410.70909659,0.00297504
410.92739654,0.00388672
411.14571118,0.00892168
411.36404051,0.00469480
411.58238452,0.00701544
411.80074321,0.00343088
412.01911658,0.00896312
412.23750462,0.00730552
412.45590734,0.00467408
412.67432472,0.00548216
412.89275677,0.00618664
413.11120349,0.00428040
413.32966486,0.00204265
413.54814090,0.00531640
413.76663159,0.00504704
413.98513693,0.00336872
414.20365692,0.00032289
414.42219156,0.00542000
414.64074084,0.00243632
414.85930477,0.00510920
415.07788333,0.00266424
415.29647653,0.00479840
415.51508437,0.00140033
415.73370683,0.00266424
415.95234392,0.00345160
416.17099564,0.00338944
416.38966198,0.00539928
416.60834294,0.00334800
416.82703851,0.00430112
417.04574870,-0.00013295
417.26447350,0.00401104
417.48321291,0.00550288
417.70196692,0.00140033
417.92073554,0.00577224
418.13951875,0.00776136
418.35831657,-0.00007079
418.57712898,0.00160753
418.79595598,0.00865232
419.01479757,0.00867304
419.23365374,0.00544072
419.45252450,0.00309936
419.67140984,0.00801000
419.89030975,0.00807216
420.10922425,0.01030992
420.32815331,0.00479840
420.54709694,0.00626952
420.76605514,0.00604160
420.98502791,0.00419752
421.20401523,0.00200121
421.42301712,0.00577224
421.64203356,0.00697400
421.86106455,0.00278856
422.08011009,0.00411464
422.29917018,0.00579296
422.51824482,0.00568936
422.73733399,0.00475696
422.95643771,0.00757488
423.17555596,0.00444616
423.39468875,0.00587584
423.61383606,0.00556504
423.83299790,0.00394888
424.05217427,0.00560648
424.27136516,0.00684968
424.49057057,0.00376240
424.70979050,0.00510920
424.92902494,0.00568936
425.14827390,0.00581368
425.36753736,0.00658032
425.58681532,0.01030992
425.80610779,0.00771992
426.02541476,0.01082792
426.24473623,0.00401104
426.46407219,0.00888024
426.68342265,0.00367952
426.90278759,0.00805144
427.12216702,0.00658032
427.34156093,0.00658032
427.56096933,0.01045496
427.78039220,0.01215400
427.99982955,0.00527496
428.21928137,0.00780280
428.43874766,0.00394888
428.65822841,0.00919104
428.87772363,0.00925320
429.09723331,0.00641456
429.31675745,0.00394888
429.53629605,0.00508848
429.75584910,0.00697400
429.97541660,0.00883880
430.19499854,0.00401104
430.41459494,0.00885952
430.63420577,0.00807216
430.85383104,0.00825864
431.07347075,0.00780280
431.29312489,0.01080720
431.51279347,0.00713976
431.73247647,0.00740912
431.95217390,0.00500560
432.17188574,0.00834152
432.39161201,0.00612448
432.61135270,0.00716048
432.83110780,0.00927392
433.05087731,0.01223688
433.27066123,0.00554432
433.49045956,0.00639384
433.71027229,0.00999912
433.93009942,0.01072432
434.14994095,0.01062072
434.36979687,0.00771992
434.58966718,0.01008200
434.80955189,0.00904600
435.02945098,0.01043424
435.24936445,0.01644303
435.46929230,0.01012344
435.68923454,0.01118016
435.90919115,0.01406024
436.12916213,0.01064144
436.34914748,0.01111800
436.56914720,0.01151168
436.78916128,0.00906672
437.00918972,0.01078648
437.22923252,0.00929464
437.44928968,0.00960544
437.66936119,0.01057928
437.88944706,0.01343864
438.10954727,0.01165672
438.32966182,0.01151168
438.54979072,0.01068288
438.76993395,0.01919879
438.99009153,0.01381160
439.21026343,0.01439176
439.43044967,0.01698175
439.65065024,0.01857719
439.87086513,0.01476472
440.09109434,0.01207112
440.31133788,0.01227832
440.53159573,0.01861863
440.75186789,0.01219544
440.97215437,0.01277560
441.19245516,0.01457824
441.41277025,0.01321072
441.63309964,0.01335576
441.85344334,0.01729255
442.07380133,0.01439176
442.29417362,0.01642231
442.51456020,0.01256840
442.73496107,0.01352152
442.95537623,0.01418456
443.17580567,0.01611151
443.39624939,0.01604936
443.61670739,0.01339720
443.83717967,0.01393592
444.05766622,0.01430888
444.27816704,0.01801775
444.49868212,0.01113872
444.71921147,0.01248552
444.93975509,0.01472328
445.16031296,0.01548992
445.38088508,0.01553136
445.60147147,0.01710607
445.82207210,0.01184320
446.04268698,0.01607007
446.26331610,0.02222391
446.48395947,0.01157384
446.70461707,0.01687815
446.92528892,0.01225760
447.14597499,0.01710607
447.36667530,0.01142880
447.58738984,0.02031767
447.80811860,0.01538632
448.02886158,0.01393592
448.24961879,0.01654663
448.47039021,0.01604936
448.69117585,0.02274191
448.91197570,0.02042127
449.13278975,0.01209184
449.35361802,0.01447464
449.57446049,0.01571784
449.79531715,0.01207112
450.01618802,0.01312784
450.23707308,0.01163600
450.45797234,0.01776911
450.67888578,0.01723039
450.89981341,0.01443320
451.12075522,0.01691959
451.34171122,0.01665023
451.56268139,0.01778983
451.78366574,0.02122935
452.00466426,0.01702319
452.22567696,0.01341792
452.44670382,0.01578000
452.66774484,0.01256840
452.88880003,0.02154015
453.10986938,0.01476472
453.33095288,0.01546920
453.55205053,0.01555208
453.77316234,0.01200896
453.99428830,0.01209184
454.21542840,0.01165672
454.43658264,0.01542776
454.65775102,0.01428816
454.87893354,0.01532416
455.10013019,0.01565568
455.32134098,0.02027623
455.54256589,0.01969607
455.76380493,0.01553136
455.98505809,0.01679527
456.20632537,0.01979967
456.42760677,0.01706463
456.64890229,0.01650519
456.87021191,0.01857719
457.09153565,0.01602864
457.31287349,0.01791415
457.53422544,0.02035911
457.75559149,0.02008975
457.97697163,0.01590432
458.19836587,0.02013119
458.41977420,0.01841143
458.64119663,0.02282479
458.86263313,0.01957175
459.08408373,0.02442023
459.30554840,0.01986183
459.52702716,0.02761111
459.74851999,0.01758263
459.97002689,0.02628503
460.19154786,0.01965463
460.41308290,0.02516615
460.63463201,0.02060775
460.85619518,0.01824567
461.07777241,0.01818351
461.29936369,0.01895015
461.52096903,0.02404727
461.74258841,0.02185095
461.96422185,0.02180951
462.18586933,0.02108431
462.40753086,0.02701023
462.62920642,0.02483463
462.85089602,0.02189239
463.07259966,0.01967535
463.29431733,0.01975823
463.51604902,0.02294911
463.73779475,0.02212031
463.95955449,0.02473103
464.18132826,0.02777687
464.40311604,0.02350855
464.62491784,0.02572559
464.84673365,0.02336351
465.06856347,0.02765255
465.29040730,0.02439951
465.51226513,0.02468959
465.73413696,0.02263831
465.95602279,0.02738319
466.17792261,0.02560127
466.39983643,0.02742463
466.62176424,0.02613999
466.84370603,0.03001462
467.06566181,0.02582919
467.28763157,0.02862639
467.50961531,0.02856423
467.73161303,0.02931015
467.95362472,0.02584991
468.17565038,0.03092630
468.39769001,0.02454455
468.61974360,0.02493823
468.84181116,0.02638863
469.06389267,0.03254246
469.28598814,0.02854351
469.50809757,0.03283254
469.73022094,0.03330910
469.95235827,0.03047046
470.17450954,0.02825343
470.39667475,0.02707239
470.61885390,0.02688591
470.84104699,0.02798407
471.06325402,0.03013894
471.28547498,0.02686519
471.50770986,0.02893719
471.72995867,0.02636791
471.95222141,0.02350855
472.17449806,0.02344639
472.39678864,0.02508327
472.61909313,0.02471031
472.84141153,0.02309415
473.06374384,0.03364062
473.28609005,0.03013894
473.50845017,0.02582919
473.73082420,0.02852279
473.95321212,0.02817055
474.17561393,0.02872999
474.39802964,0.02796335
474.62045924,0.03038758
474.84290273,0.02564271
475.06536010,0.03283254
475.28783136,0.03061550
475.51031649,0.02999390
475.73281550,0.02759039
475.95532838,0.02663727
476.17785513,0.02976599
476.40039575,0.03020110
476.62295024,0.02864711
476.84551859,0.03138214
477.06810080,0.03007678
477.29069686,0.02837775
477.51330678,0.02810839
477.73593055,0.03283254
477.95856817,0.02717599
478.18121963,0.03047046
478.40388494,0.03022182
478.62656409,0.03011822
478.84925707,0.02742463
479.07196389,0.02611927
479.29468455,0.02879215
479.51741903,0.03098846
479.74016733,0.02638863
479.96292946,0.02806695
480.18570542,0.03183798
480.40849519,0.02694807
480.63129877,0.02999390
480.85411617,0.02819127
481.07694738,0.02643007
481.29979239,0.03163078
481.52265121,0.02748679
481.74552383,0.02783903
481.96841025,0.02879215
482.19131046,0.02976599
482.41422447,0.02808767
482.63715227,0.02866783
482.86009385,0.02566343
483.08304922,0.02257615
483.30601837,0.02524903
483.52900130,0.03030470
483.75199801,0.02531119
483.97500849,0.02966239
484.19803274,0.02926871
484.42107076,0.02647151
484.64412255,0.03024254
484.86718810,0.02848135
485.09026741,0.02680303
485.31336047,0.02808767
485.53646729,0.02841919
485.75958786,0.02576703
485.98272218,0.02367431
486.20587024,0.02236895
486.42903205,0.02761111
486.65220760,0.02404727
486.87539689,0.03047046
487.09859991,0.02781831
487.32181666,0.02833631
487.54504715,0.03225238
487.76829136,0.03152718
487.99154929,0.03428294
488.21482094,0.03165150
488.43810631,0.02854351
488.66140540,0.03641710
488.88471820,0.03359918
489.10804471,0.03397214
489.33138493,0.03268750
489.55473885,0.03119566
489.77810647,0.03372350
490.00148780,0.03647926
490.22488281,0.03562974
490.44829153,0.03952510
490.67171393,0.03724590
490.89515002,0.03863414
491.11859979,0.04051966
491.34206325,0.04000166
491.56554038,0.03565046
491.78903120,0.03737022
492.01253568,0.03436582
492.23605384,0.03531894
492.45958567,0.04056110
492.68313116,0.03583694
492.90669031,0.03560902
493.13026312,0.03455230
493.35384960,0.03303974
493.57744972,0.03171366
493.80106350,0.03349558
494.02469092,0.03245958
494.24833200,0.03600270
494.47198671,0.03432438
494.69565507,0.03080198
494.91933706,0.03817830
495.14303269,0.03073982
495.36674195,0.02866783
495.59046484,0.03345414
495.81420136,0.03146502
496.03795150,0.03028398
496.26171526,0.02526975
496.48549264,0.02991102
496.70928364,0.02914439
496.93308825,0.03078126
497.15690647,0.03625134
497.38073830,0.03299830
497.60458373,0.03834406
497.82844276,0.04364837
498.05231539,0.03465590
498.27620162,0.03444870
498.50010144,0.03649998
498.72401485,0.03401358
498.94794185,0.04006382
499.17188244,0.03424150
499.39583661,0.03759814
499.61980435,0.03297758
499.84378568,0.03840622
500.06778058,0.03701798
500.29178904,0.03780534
500.51581108,0.03289470
500.73984668,0.03836478
500.96389585,0.03181726
501.18795858,0.03121638
501.41203486,0.03681078
501.63612470,0.03107134
501.86022809,0.03726662
502.08434503,0.03598198
502.30847551,0.03434510
502.53261954,0.03258390
502.75677711,0.02777687
502.98094822,0.03084342
503.20513286,0.03504958
503.42933104,0.03084342
503.65354274,0.03100918
503.87776797,0.02827415
504.10200673,0.02732103
504.32625901,0.03105062
504.55052480,0.02893719
504.77480411,0.02674087
504.99909694,0.02489679
505.22340327,0.02862639
505.44772312,0.02582919
505.67205646,0.02452383
505.89640331,0.02601567
506.12076366,0.02346711
506.34513750,0.01930239
506.56952484,0.02158159
506.79392567,0.02046271
507.01833999,0.02299055
507.24276779,0.02732103
507.46720907,0.02555983
507.69166384,0.02425447
507.91613208,0.02730031
508.14061380,0.02846063
508.36510898,0.02846063
508.58961764,0.02928943
508.81413976,0.03102990
509.03867534,0.03378566
509.26322439,0.02980743
509.48778689,0.02974527
509.71236285,0.03525678
509.93695226,0.03154790
510.16155512,0.03264606
510.38617142,0.02937231
510.61080117,0.03254246
510.83544436,0.03428294
511.06010099,0.03026326
511.28477105,0.03770174
511.50945454,0.03654142
511.73415147,0.03281182
511.95886182,0.02974527
512.18358560,0.02684447
512.40832280,0.02321847
512.63307341,0.02976599
512.85783745,0.02974527
513.08261489,0.02634719
513.30740575,0.03065694
513.53221001,0.02899935
513.75702768,0.02899935
513.98185875,0.02632647
514.20670322,0.02665799
514.43156109,0.02931015
514.65643235,0.02696879
514.88131700,0.02553911
515.10621504,0.03214878
515.33112647,0.02790119
515.55605128,0.03007678
515.78098946,0.02972455
516.00594103,0.02777687
516.23090597,0.02858495
516.45588428,0.03349558
516.68087596,0.02545623
516.90588100,0.02928943
517.13089941,0.02568415
517.35593118,0.02609855
517.58097631,0.02487607
517.80603479,0.02796335
518.03110663,0.02261759
518.25619181,0.02301127
518.48129034,0.02118791
518.70640222,0.02676159
518.93152743,0.02506255
519.15666598,0.02754895
519.38181787,0.02294911
519.60698310,0.02730031
519.83216165,0.02325991
520.05735353,0.02151943
520.28255873,0.02325991
520.50777726,0.02390223
520.73300910,0.02444095
520.95825426,0.02659583
521.18351273,0.02837775
521.40878452,0.02870927
521.63406961,0.02535263
521.85936801,0.02713455
522.08467971,0.02325991
522.31000471,0.02392295
522.53534300,0.02686519
522.76069459,0.02860567
522.98605947,0.02732103
523.21143764,0.02825343
523.43682910,0.03285326
523.66223383,0.03169294
523.88765185,0.03459374
524.11308315,0.03527750
524.33852772,0.03618918
524.56398556,0.03424150
524.78945667,0.03627206
525.01494104,0.03695582
525.24043868,0.03668646
525.46594959,0.03987734
525.69147374,0.04526453
525.91701116,0.04022958
526.14256182,0.03780534
526.36812574,0.03807470
526.59370290,0.04132774
526.81929331,0.03625134
527.04489696,0.03989806
527.27051384,0.04012598
527.49614396,0.03558830
527.72178732,0.03846838
527.94744390,0.03815758
528.17311372,0.03933862
528.39879675,0.04232230
528.62449301,0.03842694
528.85020249,0.04636269
529.07592518,0.04329614
529.30166109,0.04431141
529.52741021,0.04831037
529.75317254,0.05199853
529.97894807,0.04315110
530.20473680,0.04926349
530.43053874,0.05104541
530.65635387,0.06049372
530.88218219,0.05228861
531.10802371,0.05825596
531.33387841,0.05715781
531.55974630,0.05639117
531.78562738,0.05605965
532.01152163,0.05574885
532.23742906,0.05220573
532.46334967,0.05098325
532.68928344,0.05349037
532.91523039,0.05286877
533.14119051,0.05674341
533.36716378,0.05235077
533.59315022,0.05330389
533.81914982,0.05266157
534.04516257,0.05993428
534.27118847,0.05262013
534.49722752,0.05222645
534.72327973,0.05359397
534.94934507,0.05394621
535.17542356,0.05707493
535.40151518,0.05854604
535.62761994,0.05415341
535.85373784,0.05129405
536.07986886,0.05873252
536.30601301,0.05663981
536.53217029,0.05724069
536.75834069,0.05044453
536.98452420,0.05336605
537.21072084,0.05537589
537.43693059,0.05941628
537.66315345,0.05203997
537.88938941,0.05301381
538.11563848,0.05255797
538.34190066,0.05674341
538.56817593,0.05512725
538.79446431,0.05862892
539.02076577,0.05881540
539.24708033,0.06107388
539.47340798,0.06521788
539.69974871,0.06128108
539.92610252,0.06273148
540.15246942,0.06204772
540.37884939,0.06279364
540.60524244,0.06853308
540.83164856,0.06631604
541.05806775,0.07060508
541.28450001,0.07077084
541.51094533,0.07452115
541.73740371,0.07505987
541.96387515,0.07402387
542.19035965,0.06888532
542.41685719,0.07638595
542.64336779,0.07547427
542.86989144,0.07870659
543.09642813,0.06697908
543.32297786,0.07182755
543.54954063,0.06836732
543.77611643,0.07377523
544.00270527,0.07033572
544.22930714,0.07582651
544.45592204,0.07027356
544.68254996,0.07004564
544.90919091,0.06760068
545.13584487,0.06958980
545.36251185,0.06782860
545.58919184,0.06770428
545.81588485,0.06774572
546.04259086,0.06646108
546.26930988,0.06569444
546.49604191,0.06923756
546.72278693,0.06414044
546.94954495,0.06884388
547.17631596,0.06538364
547.40309997,0.06894748
547.62989696,0.06867812
547.85670694,0.07338155
548.08352991,0.08222899
548.31036585,0.07222123
548.53721477,0.07547427
548.76407667,0.07677963
548.99095154,0.07445899
549.21783938,0.07481123
549.44474018,0.07271851
549.67165395,0.08001195
549.89858069,0.07920387
550.12552038,0.07356803
550.35247302,0.07139243
550.57943862,0.07112307
550.80641717,0.07120595
551.03340866,0.07425179
551.26041310,0.07624091
551.48743048,0.08055067
551.71446081,0.07793995
551.94150406,0.08264339
552.16856025,0.08606218
552.39562937,0.08647658
552.62271142,0.08463251
552.84980640,0.08852786
553.07691429,0.08512978
553.30403511,0.08759546
553.53116884,0.08854858
553.75831549,0.08753330
553.98547505,0.09136650
554.21264752,0.08823778
554.43983289,0.08883866
554.66703116,0.09205026
554.89424234,0.09283762
555.12146641,0.09857706
555.34870338,0.09975809
555.57595324,0.10274177
555.80321599,0.10460657
556.03049162,0.10124993
556.25778014,0.10137425
556.48508154,0.10332193
556.71239582,0.11018025
556.93972297,0.10241025
557.16706300,0.09965449
557.39441589,0.10042113
557.62178165,0.10580833
557.84916028,0.09584202
558.07655177,0.10189225
558.30395611,0.10127065
558.53137331,0.10124993
558.75880337,0.10048329
558.98624627,0.10116705
559.21370202,0.10156073
559.44117062,0.09505466
559.66865206,0.10029681
559.89614634,0.09903289
560.12365345,0.09250610
560.35117340,0.09298266
560.57870618,0.09258898
560.80625179,0.08618650
561.03381022,0.08747114
561.26138148,0.08952242
561.48896555,0.09180162
561.71656244,0.08919090
561.94417215,0.08707746
562.17179467,0.08508834
562.39942999,0.08417667
562.62707812,0.08896298
562.85473906,0.09209170
563.08241279,0.09128362
563.31009933,0.08229115
563.53779866,0.09834914
563.76551078,0.09072418
563.99323568,0.09126290
564.22097338,0.09209170
564.44872386,0.09147010
564.67648712,0.09327274
564.90426316,0.09426730
565.13205197,0.09008186
565.35985356,0.09428802
565.58766792,0.09329346
565.81549504,0.09389434
566.04333493,0.10091841
566.27118758,0.08946026
566.49905298,0.08633154
566.72693115,0.08367939
566.95482207,0.08829994
567.18272573,0.08796842
567.41064215,0.08792698
567.63857131,0.08579282
567.86651321,0.08875578
568.09446785,0.08285059
568.32243523,0.08388659
568.55041534,0.08570994
568.77840819,0.08658018
569.00641376,0.08017771
569.23443206,0.07968043
569.46246308,0.08241547
569.69050682,0.08044707
569.91856327,0.08332715
570.14663244,0.08374155
570.37471433,0.08007411
570.60280892,0.08641442
570.83091622,0.08334787
571.05903622,0.08529554
571.28716892,0.08488114
571.51531432,0.08641442
571.74347241,0.09086922
571.97164320,0.08902514
572.19982667,0.09047554
572.42802284,0.09140794
572.65623168,0.09084850
572.88445321,0.09979953
573.11268742,0.09478530
573.34093430,0.09105570
573.56919385,0.09501322
573.79746608,0.09609066
574.02575097,0.09892929
574.25404853,0.09795546
574.48235874,0.10176793
574.71068162,0.10607769
574.93901715,0.10129137
575.16736534,0.11047033
575.39572618,0.11245944
575.62409966,0.11314320
575.85248579,0.11154777
576.08088456,0.11013881
576.30929597,0.11455216
576.53772002,0.11243872
576.76615671,0.11341256
576.99460602,0.11312248
577.22306796,0.10955865
577.45154253,0.11678992
577.68002972,0.11283240
577.90852953,0.10736233
578.13704196,0.10993161
578.36556700,0.11252160
578.59410465,0.11579536
578.82265492,0.11766016
579.05121779,0.11187929
579.27979326,0.10982801
579.50838133,0.10972441
579.73698201,0.10895777
579.96559527,0.10576689
580.19422113,0.10752809
580.42285958,0.10415073
580.65151062,0.10274177
580.88017424,0.10777673
581.10885044,0.10788033
581.33753922,0.11245944
581.56624057,0.10647137
581.79495450,0.10396425
582.02368100,0.09969593
582.25242007,0.10000673
582.48117170,0.10021393
582.70993589,0.10620201
582.93871264,0.10748665
583.16750195,0.09940585
583.39630381,0.10272105
583.62511822,0.10402641
583.85394518,0.10481377
584.08278469,0.10456513
584.31163674,0.10489665
584.54050133,0.10448225
584.76937845,0.10848121
584.99826811,0.11018025
585.22717030,0.11517376
585.45608502,0.10860553
585.68501226,0.11865472
585.91395203,0.12323384
586.14290432,0.12167984
586.37186912,0.12375184
586.60084644,0.12913903
586.82983628,0.13278575
587.05883862,0.13622527
587.28785347,0.13614239
587.51688082,0.14032782
587.74592067,0.13599735
587.97497302,0.13187407
588.20403787,0.13616311
588.43311520,0.13788287
588.66220503,0.14161246
588.89130735,0.13916751
589.12042215,0.14223406
589.34954943,0.14977614
589.57868919,0.14606726
589.80784142,0.15526693
590.03700613,0.15224182
590.26618331,0.14608798
590.49537296,0.15271838
590.72457507,0.13512711
590.95378964,0.13707479
591.18301667,0.13958191
591.41225616,0.14123950
591.64150811,0.13852519
591.87077250,0.13960263
592.10004934,0.13896031
592.32933863,0.13906391
592.55864036,0.13249567
592.78795453,0.13473343
593.01728114,0.13968551
593.24662018,0.14041070
593.47597165,0.13436047
593.70533555,0.13307583
593.93471188,0.13775855
594.16410063,0.13757207
594.39350180,0.14036926
594.62291539,0.13527215
594.85234140,0.13817295
595.08177981,0.13616311
595.31123064,0.12733639
595.54069387,0.12339960
595.77016951,0.12563736
595.99965755,0.13052727
596.22915798,0.13653607
596.45867081,0.13498207
596.68819604,0.13885671
596.91773365,0.12748143
597.14728365,0.12368968
597.37684603,0.12495360
597.60642080,0.12696343
597.83600795,0.13842159
598.06560747,0.13713695
598.29521936,0.14065934
598.52484363,0.14277278
598.75448026,0.14403670
598.98412926,0.13765495
599.21379062,0.13444335
599.44346434,0.13833871
599.67315042,0.14001702
599.90284885,0.13709551
600.13255963,0.15300846
600.36228276,0.15524621
600.59201824,0.15176526
600.82176606,0.15605429
601.05152622,0.16175229
601.28129871,0.15936949
601.51108354,0.16479813
601.74088070,0.16162797
601.97069019,0.16689085
602.20051201,0.17012316
602.43034615,0.17635988
602.66019261,0.17915708
602.89005139,0.18562171
603.11992249,0.18357043
603.34980589,0.18856395
603.57970161,0.19125755
603.80960963,0.18877115
604.03952996,0.18968283
604.26946259,0.20424898
604.49940751,0.20025002
604.72936474,0.20211482
604.95933425,0.20783354
605.18931606,0.21599721
605.41931015,0.22094929
605.64931653,0.23213808
605.87933519,0.22565272
606.10936612,0.23056336
606.33940934,0.22789048
606.56946483,0.23999095
606.79953259,0.23025256
607.02961261,0.22670944
607.25970490,0.22664728
607.48980946,0.22569416
607.71992627,0.22784904
607.95005534,0.24098551
608.18019667,0.24587543
608.41035024,0.25296166
608.64051607,0.26064878
608.87069414,0.27148533
609.10088445,0.27272853
609.33108700,0.28051924
609.56130179,0.28696316
609.79152882,0.29284763
610.02176808,0.29568627
610.25201956,0.30807682
610.48228328,0.31151634
610.71255921,0.30994162
610.94284737,0.32297449
611.17314775,0.32367897
611.40346034,0.30961010
611.63378514,0.31037674
611.86412215,0.30074195
612.09447137,0.29336563
612.32483280,0.28804060
612.55520642,0.28814420
612.78559225,0.27040789
613.01599027,0.25946774
613.24640048,0.25638046
613.47682288,0.24823751
613.70725747,0.24295391
613.93770425,0.23064624
614.16816321,0.22946520
614.39863434,0.22619144
614.62911766,0.22374648
614.85961314,0.21400809
615.09012080,0.20592730
615.32064063,0.20037434
615.55117262,0.20089234
615.78171677,0.20101666
616.01227308,0.20640386
616.24284156,0.20833082
616.47342218,0.20605162
616.70401496,0.21025777
616.93461988,0.20572010
617.16523695,0.20617594
617.39586617,0.19838522
617.62650752,0.19303947
617.85716101,0.18439923
618.08782664,0.17654636
618.31850440,0.16917004
618.54919429,0.16173157
618.77989630,0.15914157
619.01061044,0.15528765
619.24133670,0.14544566
619.47207508,0.14266918
619.70282557,0.14045214
619.93358818,0.14101158
620.16436289,0.13320015
620.39514972,0.13135607
620.62594864,0.12304736
620.85675967,0.12056096
621.08758280,0.11695568
621.31841802,0.10761097
621.54926534,0.10562185
621.78012475,0.10118777
622.01099624,0.09263042
622.24187982,0.09273402
622.47277549,0.09895001
622.70368323,0.09723026
622.93460305,0.09190522
623.16553494,0.09337634
623.39647890,0.09223674
623.62743493,0.09642218
623.85840303,0.09613210
624.08938319,0.09648434
624.32037541,0.09155298
624.55137968,0.09101426
624.78239602,0.08361723
625.01342440,0.08086147
625.24446483,0.08376227
625.47551731,0.07729763
625.70658183,0.07462475
625.93765839,0.08127587
626.16874699,0.08276771
626.39984763,0.07468691
626.63096029,0.07920387
626.86208499,0.08430099
627.09322171,0.08742970
627.32437046,0.09381146
627.55553123,0.10172649
627.78670401,0.10421289
628.01788882,0.10856409
628.24908563,0.11345400
628.48029446,0.10696865
628.71151529,0.11368192
628.94274813,0.10904065
629.17399296,0.11853040
629.40524980,0.11888264
629.63651863,0.12391760
629.86779946,0.12725351
630.09909228,0.13748919
630.33039709,0.14888518
630.56171388,0.15876861
630.79304265,0.15559845
631.02438340,0.15980461
631.25573613,0.16386573
631.48710084,0.16844484
631.71847751,0.17033036
631.94986615,0.18259659
632.18126676,0.17911564
632.41267933,0.18562171
632.64410387,0.18454427
632.87554035,0.19898610
633.10698880,0.20194906
633.33844919,0.20414538
633.56992154,0.21417385
633.80140583,0.21788273
634.03290207,0.21612153
634.26441024,0.22465816
634.49593035,0.23383712
634.72746240,0.23425152
634.95900638,0.23077056
635.19056229,0.23841623
635.42213013,0.24817535
635.65370989,0.25097254
635.88530158,0.25217430
636.11690518,0.26270006
636.34852069,0.27051149
636.58014812,0.28642444
636.81178746,0.29827627
637.04343871,0.29259899
637.27510187,0.28721180
637.50677692,0.28915948
637.73846387,0.29272331
637.97016272,0.28596860
638.20187347,0.29593491
638.43359610,0.28895228
638.66533062,0.29578987
638.89707703,0.30320763
639.12883532,0.29253683
639.36060549,0.29417371
639.59238754,0.28163972
639.82418146,0.29649632
640.05598725,0.28966752
640.28780491,0.29867777
640.51963444,0.29636201
640.75147583,0.28085723
640.98332908,0.29458481
641.21519419,0.29115469
641.44707115,0.28555341
641.67895997,0.27592320
641.91086063,0.27168526
642.14277314,0.26830058
642.37469750,0.26996292
642.60663369,0.26506726
642.83858172,0.26619170
643.07054159,0.25808337
643.30251329,0.25430398
643.53449683,0.25670106
643.76649218,0.25488172
643.99849937,0.24459677
644.23051837,0.24441310
644.46254919,0.24646976
644.69459183,0.24588830
644.92664628,0.22984591
645.15871254,0.22853833
645.39079061,0.22425966
645.62288049,0.23538666
645.85498217,0.21154450
646.08709564,0.22066958
646.31922091,0.20994161
646.55135798,0.21875101
646.78350684,0.21602709
647.01566748,0.21446171
647.24783991,0.20477419
647.48002413,0.20513471
647.71222012,0.20813510
647.94442789,0.20979886
648.17664744,0.21399973
648.40887875,0.21394394
648.64112184,0.20226666
648.87337669,0.20077914
649.10564331,0.19174135
649.33792168,0.20913044
649.57021181,0.19733212
649.80251370,0.20014303
650.03482734,0.19220670
650.26715273,0.19498248
650.49948987,0.19093303
650.73183875,0.19360999
650.96419937,0.18639408
651.19657173,0.18291949
651.42895582,0.18721761
651.66135165,0.19757051
651.89375921,0.18756378
652.12617849,0.18788768
652.35860950,0.19593115
652.59105224,0.18864712
652.82350669,0.19369186
653.05597285,0.20636291
653.28845073,0.20709118
653.52094032,0.20326017
653.75344162,0.20674891
653.98595462,0.20662755
654.21847933,0.20420973
654.45101573,0.20104067
654.68356383,0.20560232
654.91612363,0.20605270
655.14869511,0.19388454
655.38127829,0.20176840
655.61387315,0.19691135
655.84647969,0.20125781
656.07909792,0.20387011
656.31172782,0.19605698
656.54436939,0.19455392
656.77702264,0.19247666
657.00968756,0.20208448
657.24236414,0.20057669
657.47505238,0.20859796
657.70775229,0.20358156
657.94046385,0.20687004
658.17318707,0.20937111
658.40592195,0.20621371
658.63866847,0.20581600
658.87142663,0.21677108
659.10419645,0.21462635
659.33697790,0.21868695
659.56977099,0.22738121
659.80257572,0.23107041
660.03539208,0.22450892
660.26822007,0.22483230
660.50105969,0.21381397
660.73391093,0.21769972
660.96677380,0.21081022
661.19964828,0.21605749
661.43253438,0.20950652
661.66543209,0.20695773
661.89834142,0.20571491
662.13126235,0.20441557
662.36419489,0.20493893
662.59713903,0.21661010
662.83009477,0.20835597
663.06306210,0.20355194
663.29604103,0.21905399
663.52903155,0.22676198
663.76203367,0.21914630
663.99504736,0.21510700
664.22807264,0.21466121
664.46110950,0.21368549
664.69415794,0.21132409
664.92721795,0.20488983
665.16028953,0.20347796
665.39337269,0.20351570
665.62646740,0.19601811
665.85957369,0.19442941
666.09269153,0.18564304
666.32582093,0.18655907
666.55896189,0.17702917
666.79211440,0.17385276
667.02527846,0.17704364
667.25845406,0.16471525
667.49164121,0.15955597
667.72483991,0.16666293
667.95805014,0.16090277
668.19127190,0.16042621
668.42450520,0.16314053
668.65775003,0.15518405
668.89100639,0.15690381
669.12427427,0.16430085
669.35755368,0.16150365
669.59084460,0.15452101
669.82414704,0.16121357
670.05746099,0.16173157
670.29078646,0.16415581
670.52412343,0.16175229
670.75747191,0.16585485
670.99083189,0.16771964
671.22420337,0.17511668
671.45758635,0.17509596
671.69098082,0.18740363
671.92438678,0.19565018
672.15780424,0.20203194
672.39123317,0.20582370
672.62467360,0.21591433
672.85812550,0.22121865
673.09158888,0.22440952
673.32506373,0.21264057
673.55855006,0.21371801
673.79204785,0.20857946
674.02555712,0.20963617
674.25907784,0.20230130
674.49261003,0.20934609
674.72615367,0.20433186
674.95970878,0.21591433
675.19327533,0.20779210
675.42685333,0.21328289
675.66044278,0.21179105
675.89404368,0.22043129
676.12765601,0.22420232
676.36127979,0.22911296
676.59491500,0.22865712
676.82856165,0.23362992
677.06221972,0.22175737
677.29588922,0.22704096
677.52957015,0.21846289
677.76326250,0.21925025
677.99696627,0.20882809
678.23068146,0.20938753
678.46440806,0.20377242
678.69814607,0.19264579
678.93189549,0.18290739
679.16565631,0.19136115
679.39942854,0.17136636
679.63321217,0.17658780
679.86700720,0.17710580
680.10081361,0.17008172
680.33463143,0.17501308
680.56846063,0.17316900
680.80230121,0.16465309
681.03615318,0.17428788
681.27001653,0.17155284
681.50389126,0.17648420
681.73777736,0.16792684
681.97167484,0.15195174
682.20558368,0.15304990
682.43950390,0.15360934
682.67343547,0.14494838
682.90737841,0.14623302
683.14133270,0.14527990
683.37529836,0.14749694
683.60927536,0.14598438
683.84326371,0.14619158
684.07726341,0.15510117
684.31127446,0.14851222
684.54529685,0.15719389
684.77933057,0.16189733
685.01337564,0.17028892
685.24743203,0.17766524
685.48149976,0.19366107
685.71557881,0.20480842
685.94966919,0.21755121
686.18377090,0.21527201
686.41788392,0.22217177
686.65200826,0.22857424
686.88614391,0.23464520
687.12029088,0.22855352
687.35444915,0.23014896
687.58861873,0.22362216
687.82279961,0.22434736
688.05699179,0.22140513
688.29119527,0.22059705
688.52541004,0.22322848
688.75963611,0.22140513
688.99387346,0.21947817
689.22812210,0.22206817
689.46238203,0.23126784
689.69665323,0.22496896
689.93093571,0.23039760
690.16522947,0.23541184
690.39953450,0.24512951
690.63385080,0.24560607
690.86817837,0.25524086
691.10251720,0.26224422
691.33686730,0.26734133
691.57122865,0.26933045
691.80560125,0.26682333
692.03998511,0.26591165
692.27438023,0.26964125
692.50878658,0.26651253
692.74320419,0.26864669
692.97763303,0.27388885
693.21207312,0.27877876
693.44652444,0.27214837
693.68098699,0.28167956
693.91546077,0.28516052
694.14994579,0.29183235
694.38444203,0.28074716
694.61894949,0.29334491
694.85346817,0.29378003
695.08799806,0.29562411
695.32253918,0.28489116
695.55709150,0.29444307
695.79165503,0.29692947
696.02622977,0.30501027
696.26081571,0.30297971
696.49541285,0.31435498
696.73002119,0.30786962
696.96464072,0.31648914
697.19927145,0.31342258
697.43391336,0.31431354
697.66856647,0.30869842
697.90323075,0.30948578
698.13790622,0.29746819
698.37259286,0.30720658
698.60729068,0.30594266
698.84199967,0.30714442
699.07671984,0.31460362
699.31145117,0.33126249
699.54619366,0.32763649
699.78094731,0.32991569
700.01571213,0.34622232
700.25048810,0.34816999
700.48527522,0.36221814
700.72007349,0.36360638
700.95488292,0.36793686
701.18970348,0.38208861
701.42453519,0.38233725
701.65937804,0.40164827
701.89423202,0.41606938
702.12909714,0.42576634
702.36397339,0.43341201
702.59886077,0.43281113
702.83375927,0.43794969
703.06866889,0.42027554
703.30358964,0.41662882
703.53852150,0.40562651
703.77346448,0.39025228
704.00841857,0.36511894
704.24338376,0.36176230
704.47836007,0.34906095
704.71334748,0.34182968
704.94834598,0.33082737
705.18335559,0.32645545
705.41837629,0.31489370
705.65340808,0.31686210
705.88845096,0.32050881
706.12350493,0.33749920
706.35856998,0.33356240
706.59364612,0.33165617
706.82873333,0.33894960
707.06383161,0.34742407
707.29894097,0.34785919
707.53406141,0.36257038
707.76919290,0.37682573
708.00433546,0.39273868
708.23948909,0.40160683
708.47465377,0.40133748
708.70982951,0.39901684
708.94501630,0.40680755
709.18021414,0.38772444
709.41542303,0.39087388
709.65064297,0.38262733
709.88587395,0.37326190
710.12111597,0.37230878
710.35636902,0.34877087
710.59163311,0.35071855
710.82690823,0.34230624
711.06219437,0.33826584
711.29749155,0.33470200
711.53279974,0.32392761
711.76811896,0.33868024
712.00344920,0.33368672
712.23879044,0.33455696
712.47414270,0.33687760
712.70950597,0.33716768
712.94488025,0.32863105
713.18026553,0.34404672
713.41566181,0.33505424
713.65106908,0.33863880
713.88648736,0.33347952
714.12191662,0.33412184
714.35735688,0.32568881
714.59280812,0.31968001
714.82827034,0.31930705
715.06374355,0.31014882
715.29922774,0.30430579
715.53472290,0.30297971
715.77022903,0.29382147
716.00574614,0.30289683
716.24127421,0.31062538
716.47681324,0.31321538
716.71236324,0.32494289
716.94792420,0.33461912
717.18349611,0.33041297
717.41907898,0.33536504
717.65467280,0.32730497
717.89027757,0.32591673
718.12589328,0.31885121
718.36151993,0.29759251
718.59715752,0.28824780
718.83280605,0.27407533
719.06846552,0.26170550
719.30413591,0.26299014
719.53981724,0.26775573
719.77550949,0.27388885
720.01121266,0.28412452
720.24692676,0.29257827
720.48265177,0.31010738
720.71838769,0.30772458
720.95413453,0.31327754
721.18989228,0.33004001
721.42566093,0.32637257
721.66144049,0.33157329
721.89723095,0.32349249
722.13303231,0.32386545
722.36884456,0.31441714
722.60466770,0.32531585
722.84050173,0.32063313
723.07634666,0.31632338
723.31220246,0.30956866
723.54806915,0.30863626
723.78394671,0.28652804
724.01983515,0.28474612
724.25573447,0.26812869
724.49164465,0.26864669
724.72756571,0.25849390
724.96349762,0.24753303
725.19944040,0.24684927
725.43539404,0.23802255
725.67135854,0.23224168
725.90733388,0.22351856
726.14332008,0.22615000
726.37931713,0.22117721
726.61532503,0.21160457
726.85134376,0.21759265
727.08737334,0.21419457
727.32341375,0.21750977
727.55946500,0.21566569
727.79552708,0.21701249
728.03159998,0.21220545
728.26768372,0.21587289
728.50377827,0.22697880
728.73988365,0.23052192
728.97599985,0.22836704
729.21212686,0.23458304
729.44826468,0.22938232
729.68441331,0.23599200
729.92057275,0.22954808
730.15674299,0.24243591
730.39292403,0.23986663
730.62911587,0.23114352
730.86531851,0.23269752
731.10153194,0.22635720
731.33775616,0.22235825
731.57399117,0.20646602
731.81023696,0.18839819
732.04649353,0.18236867
732.28276088,0.16573053
732.51903901,0.16208381
732.75532791,0.15456245
732.99162758,0.14757982
733.22793802,0.14165390
733.46425923,0.14478262
733.70059119,0.13552079
733.93693392,0.12559592
734.17328740,0.12292304
734.40965164,0.12165912
734.64602662,0.12087176
734.88241236,0.12054024
735.11880884,0.12279872
735.35521607,0.12348248
735.59163403,0.12412480
735.82806273,0.12752287
736.06450217,0.13726127
736.30095234,0.13883599
736.53741323,0.14536278
736.77388486,0.16007397
737.01036720,0.16858988
737.24686027,0.18323891
737.48336406,0.19272867
737.71987856,0.21297209
737.95640377,0.21941601
738.19293969,0.22720672
738.42948632,0.24396919
738.66604365,0.26083526
738.90261169,0.26381893
739.13919042,0.26988989
739.37577985,0.27111237
739.61237997,0.27175469
739.84899078,0.27086373
740.08561228,0.26429549
740.32224446,0.25693990
740.55888732,0.23758743
740.79554087,0.22619144
741.03220509,0.21663953
741.26887998,0.20860018
741.50556555,0.20238418
741.74226178,0.18651267
741.97896868,0.18794235
742.21568624,0.18653339
742.45241446,0.18112548
742.68915333,0.17633916
742.92590286,0.17124204
743.16266304,0.16697373
743.39943387,0.16330629
743.63621535,0.16471525
743.87300747,0.16098565
744.10981023,0.15528765
744.34662363,0.15485253
744.58344766,0.15110222
744.82028232,0.15381653
745.05712761,0.14898878
745.29398353,0.14720686
745.53085007,0.13630815
745.76772724,0.13860807
746.00461502,0.13804863
746.24151341,0.13485775
746.47842242,0.14057646
746.71534204,0.14192326
746.95227227,0.14186110
747.18921310,0.14644022
747.42616453,0.14724830
747.66312656,0.15147518
747.90009918,0.14318718
748.13708240,0.15066710
748.37407621,0.15232470
748.61108061,0.15578493
748.84809559,0.14996262
749.08512115,0.15162022
749.32215730,0.14061790
749.55920401,0.14428534
749.79626131,0.14571502
750.03332917,0.15050134
750.27040760,0.14664742
750.50749660,0.15640653
750.74459616,0.15273910
750.98170628,0.15526693
751.21882695,0.15750469
751.45595818,0.15588853
751.69309997,0.15941093
751.93025230,0.15864429
752.16741517,0.15234542
752.40458859,0.15323638
752.64177256,0.15006622
752.87896705,0.15479037
753.11617209,0.15512189
753.35338765,0.16063341
753.59061374,0.15738037
753.82785037,0.16394861
754.06509751,0.16216669
754.30235518,0.16374141
754.53962336,0.17795532
754.77690206,0.18781803
755.01419127,0.19042875
755.25149099,0.19799154
755.48880122,0.20252922
755.72612195,0.21585217
755.96345319,0.21782057
756.20079492,0.21324145
756.43814715,0.21266129
756.67550987,0.21187393
756.91288309,0.20847586
757.15026679,0.21179105
757.38766097,0.21218473
757.62506564,0.21129377
757.86248079,0.20920105
758.09990641,0.19662402
758.33734251,0.19432411
758.57478908,0.19366107
758.81224612,0.19672762
759.04971362,0.18412987
759.28719159,0.17967508
759.52468001,0.16807188
759.76217889,0.17068260
759.99968823,0.16788540
760.23720802,0.15767045
760.47473826,0.14455470
760.71227894,0.14256558
760.94983007,0.13639103
761.18739164,0.12905615
761.42496364,0.12642471
761.66254608,0.13349023
761.90013895,0.13427759
762.13774226,0.14745550
762.37535598,0.14372590
762.61298014,0.13993414
762.85061471,0.13929183
763.08825970,0.14026566
763.32591511,0.13763423
763.56358093,0.14409886
763.80125716,0.14820142
764.03894380,0.15827133
764.27664084,0.17260956
764.51434829,0.17435004
764.75206613,0.17679500
764.98979437,0.17165644
765.22753300,0.16968804
765.46528203,0.17250596
765.70304144,0.18046244
765.94081124,0.18114620
766.17859142,0.18216147
766.41638197,0.18371547
766.65418291,0.18127051
766.89199422,0.17955076
767.12981590,0.16492245
767.36764795,0.16229101
767.60549036,0.16440445
767.84334314,0.16297477
768.08120628,0.15806413
768.31907977,0.16239461
768.55696362,0.16222885
768.79485782,0.15615789
769.03276238,0.15899653
769.27067727,0.15941093
769.50860251,0.15207606
769.74653809,0.16293333
769.98448401,0.17035108
770.22244027,0.17163572
770.46040685,0.17604908
770.69838377,0.17169788
770.93637101,0.16809260
771.17436858,0.16832052
771.41237647,0.16838268
771.65039468,0.16941868
771.88842320,0.17553108
772.12646204,0.17778956
772.36451118,0.17486804
772.60257064,0.16983308
772.84064039,0.16606205
773.07872045,0.17149068
773.31681081,0.16510893
773.55491147,0.16782324
773.79302242,0.17041324
774.03114366,0.16647645
774.26927519,0.16645573
774.50741700,0.15402373
774.74556910,0.14890590
774.98373147,0.14849150
775.22190413,0.15110222
775.46008705,0.15217966
775.69828025,0.14882302
775.93648372,0.15284270
776.17469745,0.14726902
776.41292145,0.14722758
776.65115570,0.15259406
776.88940022,0.15957669
777.12765499,0.15246974
777.36592001,0.16486029
777.60419528,0.16021901
777.84248079,0.16048837
778.08077655,0.15943165
778.31908256,0.16055053
778.55739879,0.14998334
778.79572527,0.14834646
779.03406198,0.14544566
779.27240891,0.14121878
779.51076608,0.13351095
779.74913346,0.13280647
779.98751107,0.13121103
780.22589890,0.14488622
780.46429695,0.12358608
780.70270520,0.12561664
780.94112367,0.12342032
781.17955235,0.12675623
781.41799123,0.12118256
781.65644031,0.12049880
781.89489959,0.12578240
782.13336907,0.12306808
782.37184874,0.12215640
782.61033861,0.11983576
782.84883866,0.12642471
783.08734890,0.12107896
783.32586931,0.12300592
783.56439991,0.12578240
783.80294069,0.11577464
784.04149164,0.12153480
784.28005276,0.12857959
784.51862406,0.13307583
784.75720551,0.13199839
784.99579713,0.13624599
785.23439891,0.14186110
785.47301085,0.13978911
785.71163295,0.13614239
785.95026519,0.14150886
786.18890759,0.13579015
786.42756013,0.13502351
786.66622282,0.13303439
786.90489564,0.13887743
787.14357861,0.12698415
787.38227171,0.12926335
787.62097494,0.12097536
787.85968831,0.12642471
788.09841180,0.11819888
788.33714541,0.11950424
788.57588915,0.10862625
788.81464301,0.10634705
789.05340698,0.10539393
789.29218106,0.10638849
789.53096526,0.10746593
789.76975956,0.10257601
790.00856397,0.10371561
790.24737848,0.11140273
790.48620309,0.10593265
790.72503780,0.12167984
790.96388260,0.11857184
791.20273749,0.12242576
791.44160247,0.11685208
791.68047754,0.11169281
791.91936269,0.10711369
792.15825792,0.10703081
792.39716323,0.10676145
792.63607861,0.10071121
792.87500406,0.09926081
793.11393958,0.11076041
793.35288517,0.10232737
793.59184082,0.10301113
793.83080653,0.10390209
794.06978230,0.11279096
794.30876813,0.11962856
794.54776401,0.11952496
794.78676993,0.12395904
795.02578591,0.12822735
795.26481193,0.12702559
795.50384798,0.12337888
795.74289408,0.12656975
795.98195022,0.13375959
796.22101638,0.13462983
796.46009258,0.13711623
796.69917880,0.13929183
796.93827505,0.14084582
797.17738132,0.13481631
797.41649761,0.13579015
797.65562392,0.13949903
797.89476024,0.14053502
798.13390657,0.13272359
798.37306290,0.14173678
798.61222925,0.13668111
798.85140559,0.13017503
799.09059194,0.12389688
799.32978828,0.13085879
799.56899462,0.11349544
799.80821094,0.11498728
800.04743726,0.11044961
800.28667356,0.10843977
800.52591985,0.11219009
800.76517611,0.11113337
801.00444236,0.11279096
801.24371857,0.11163065
801.48300476,0.11382696
801.72230092,0.11359904
801.96160705,0.11683136
802.20092314,0.12315096
802.44024919,0.12893183
802.67958519,0.12522296
802.91893116,0.12267440
803.15828707,0.13061015
803.39765294,0.13108671
803.63702875,0.14256558
803.87641450,0.13978911
804.11581020,0.14623302
804.35521584,0.15692453
804.59463141,0.16088205
804.83405692,0.15410661
805.07349235,0.15791909
805.31293772,0.16038477
805.55239300,0.15800197
805.79185821,0.15905869
806.03133334,0.16148293
806.27081839,0.15758757
806.51031335,0.15545341
806.74981822,0.15982533
806.98933300,0.15487325
807.22885768,0.15197246
807.46839227,0.14892662
807.70793675,0.15014910
807.94749114,0.15348502
808.18705542,0.15452101
808.42662959,0.15729749
808.66621364,0.15742181
808.90580759,0.15180670
809.14541141,0.15398229
809.38502512,0.14271062
809.62464871,0.14070078
809.86428217,0.13610095
810.10392550,0.12538872
810.34357870,0.11235585
810.58324177,0.11409632
810.82291470,0.10394353
811.06259749,0.10178865
811.30229015,0.09982025
811.54199265,0.09296194
811.78170501,0.08641442
812.02142722,0.08249835
812.26115928,0.07545355
812.50090118,0.07244915
812.74065292,0.06789076
812.98041450,0.06581876
813.22018592,0.07004564
813.45996717,0.05738572
813.69975825,0.05612181
813.93955916,0.05496149
814.17936989,0.05133549
814.41919045,0.04735725
814.65902083,0.04928421
814.89886102,0.04219798
815.13871102,0.04223942
815.37857084,0.03726662
815.61844047,0.03786750
815.85831990,0.03821974
816.09820913,0.03591982
816.33810817,0.03283254
816.57801700,0.03096774
816.81793562,0.03299830
817.05786404,0.03076054
817.29780225,0.02645079
817.53775024,0.02694807
817.77770801,0.02665799
818.01767557,0.02406799
818.25765290,0.02576703
818.49764001,0.02611927
818.73763689,0.02835703
818.97764354,0.02692735
819.21765996,0.03086414
819.45768614,0.02978671
819.69772209,0.02682375
819.93776779,0.02765255
820.17782324,0.02524903
820.41788845,0.02908223
820.65796341,0.02694807
820.89804812,0.02135367
821.13814257,0.02698951
821.37824677,0.02846063
821.61836070,0.02889575
821.85848437,0.02931015
822.09861777,0.03328838
822.33876090,0.03826118
822.57891376,0.03923502
822.81907635,0.04354478
823.05924866,0.04936709
823.29943069,0.05958204
823.53962243,0.06994204
823.77982389,0.08894226
824.02003506,0.09652578
824.26025594,0.11100905
824.50048652,0.13311727
824.74072681,0.14418174
824.98097680,0.16065413
825.22123648,0.17352124
825.46150586,0.19428267
825.70178493,0.19894466
825.94207369,0.20874521
826.18237214,0.22501040
826.42268027,0.24139991
826.66299808,0.24173143
826.90332557,0.25528230
827.14366273,0.25217430
827.38400957,0.26765213
827.62436608,0.26663685
827.86473225,0.26817013
828.10510809,0.26402613
828.34549359,0.26419189
828.58588874,0.26587021
828.82629356,0.27428253
829.06670802,0.27484197
829.30713214,0.27156821
829.54756590,0.26290726
829.78800931,0.25722998
830.02846236,0.26037942
830.26892505,0.25633902
830.50939738,0.24593759
830.74987934,0.23638567
830.99037093,0.22550768
831.23087215,0.21889801
831.47138299,0.21048569
831.71190346,0.20569938
831.95243355,0.19759786
832.19297325,0.19194131
832.43352257,0.18611899
832.67408150,0.19057379
832.91465003,0.18381907
833.15522818,0.17530316
833.39581592,0.17248524
833.63641327,0.16707733
833.87702022,0.16069557
834.11763676,0.15048062
834.35826289,0.14513486
834.59889861,0.13825583
834.83954392,0.12511936
835.08019881,0.12644543
835.32086328,0.11587824
835.56153733,0.11600256
835.80222095,0.10680289
836.04291415,0.09921937
836.28361692,0.09461954
836.52432926,0.08819634
836.76505116,0.08639370
837.00578262,0.08662162
837.24652364,0.07667603
837.48727421,0.07338155
837.72803434,0.07122667
837.96880402,0.06652324
838.20958325,0.06592236
838.45037202,0.06608812
838.69117033,0.06731060
838.93197819,0.06898892
839.17279558,0.06528004
839.41362250,0.07296715
839.65445896,0.07358875
839.89530494,0.07835435
840.13616045,0.06884388
840.37702548,0.07526707
840.61790003,0.08117227
840.85878410,0.08399019
841.09967768,0.07526707
841.34058078,0.07642739
841.58149338,0.07825075
841.82241549,0.07870659
842.06334710,0.07518419
842.30428821,0.07334011
842.54523883,0.07238699
842.78619893,0.07986691
843.02716853,0.07230411
843.26814762,0.07170323
843.50913619,0.06787004
843.75013425,0.06822228
843.99114179,0.06575660
844.23215881,0.06420260
844.47318530,0.05956132
844.71422127,0.06577732
844.95526670,0.05945772
845.19632161,0.05891900
845.43738597,0.05361469
845.67845980,0.05922980
845.91954309,0.05036165
846.16063584,0.05077605
846.40173803,0.05216429
846.64284968,0.05709565
846.88397078,0.05369757
847.12510132,0.05697133
847.36624130,0.05850460
847.60739073,0.05676413
847.84854959,0.05655693
848.08971788,0.06078380
848.33089561,0.06010004
848.57208276,0.06271076
848.81327934,0.06542508
849.05448534,0.06774572
849.29570076,0.06724844
849.53692560,0.07717331
849.77815986,0.07796067
850.01940353,0.09294122
850.26065660,0.09190522
850.50191908,0.10497953
850.74319097,0.11040817
850.98447225,0.12420768
851.22576294,0.12802015
851.46706301,0.13411183
851.70837248,0.14036926
851.94969135,0.14971398
852.19101959,0.15354718
852.43235722,0.16506749
852.67370424,0.16224957
852.91506063,0.16927364
853.15642640,0.17327260
853.39780154,0.16952228
853.63918605,0.17066188
853.88057992,0.17352124
854.12198317,0.17459868
854.36339577,0.17673284
854.60481773,0.17205012
854.84624905,0.17184292
855.08768973,0.17673284
855.32913975,0.17227804
855.57059912,0.17445364
855.81206784,0.17994444
856.05354590,0.17461940
856.29503330,0.17428788
856.53653004,0.16241533
856.77803611,0.16689085
857.01955151,0.16599989
857.26107624,0.19966986
857.50261030,0.16258109
857.74415367,0.15520477
857.98570637,0.14815998
858.22726839,0.14915454
858.46883972,0.14057646
858.71042037,0.13562439
858.95201032,0.13502351
859.19360958,0.12739855
859.43521814,0.12255008
859.67683601,0.11378552
859.91846317,0.12141048
860.16009963,0.09818338
860.40174538,0.09432946
860.64340042,0.09086922
860.88506474,0.08697386
861.12673835,0.08208395
861.36842125,0.07924531
861.61011342,0.08158667
861.85181487,0.08405235
862.09352559,0.08541986
862.33524558,0.08432171
862.57697484,0.08216683
862.81871336,0.08718106
863.06046114,0.09414298
863.30221819,0.09006114
863.54398449,0.09959233
863.78576004,0.09735458
864.02754485,0.09694018
864.26933890,0.09490962
864.51114220,0.08968818
864.75295474,0.09198810
864.99477653,0.09828698
865.23660755,0.09300338
865.47844780,0.08740898
865.72029728,0.08890082
865.96215600,0.08937738
866.20402394,0.08865218
866.44590110,0.08985394
866.68778748,0.07959755
866.92968308,0.08351363
867.17158790,0.08173171
867.41350193,0.08082003
867.65542516,0.08193891
867.89735761,0.08471539
868.13929926,0.08164883
868.38125011,0.08028131
868.62321015,0.07868587
868.86517940,0.08177315
869.10715783,0.07893451
869.34914546,0.07868587
869.59114227,0.08071643
869.83314827,0.07462475
870.07516344,0.07702827
870.31718780,0.07122667
870.55922133,0.08231187
870.80126404,0.07986691
871.04331592,0.07412747
871.28537696,0.07443827
871.52744717,0.07157891
871.76952655,0.07352659
872.01161508,0.08059211
872.25371277,0.08129659
872.49581961,0.07541211
872.73793560,0.07673819
872.98006075,0.07823003
873.22219503,0.07638595
873.46433846,0.07671747
873.70649103,0.07717331
873.94865274,0.07122667
874.19082358,0.06932044
874.43300356,0.06869884
874.67519266,0.06476204
874.91739089,0.06053516
875.15959824,0.06132252
875.40181471,0.05431917
875.64404031,0.05881540
875.88627501,0.05508581
876.12851883,0.05245437
876.37077176,0.05566597
876.61303379,0.05015445
876.85530493,0.05003013
877.09758517,0.04499517
877.33987451,0.04385557
877.58217294,0.04971933
877.82448047,0.04609333
878.06679709,0.05531373
878.30912279,0.05029949
878.55145758,0.05692989
878.79380145,0.05867036
879.03615440,0.05925052
879.27851643,0.06639892
879.52088753,0.06689620
879.76326770,0.06950692
880.00565694,0.07437611
880.24805524,0.07808499
880.49046260,0.08481899
880.73287903,0.07961827
880.97530451,0.08678738
881.21773905,0.08158667
881.46018264,0.08409379
881.70263527,0.08774050
881.94509695,0.08471539
882.18756768,0.08573066
882.43004744,0.08726394
882.67253625,0.09068274
882.91503409,0.08747114
883.15754095,0.08589642
883.40005685,0.07885163
883.64258178,0.08013627
883.88511573,0.07775347
884.12765869,0.07619947
884.37021068,0.07207619
884.61277168,0.07514275
884.85534170,0.06658540
885.09792072,0.06554940
885.34050876,0.06173692
885.58310579,0.06517644
885.82571183,0.06382964
886.06832686,0.05856676
886.31095090,0.05860820
886.55358392,0.05450565
886.79622594,0.05382189
887.03887694,0.05007157
887.28153693,0.05069317
887.52420589,0.05214357
887.76688384,0.05050669
888.00957077,0.05021661
888.25226667,0.04393845
888.49497154,0.04551317
888.73768537,0.04721221
888.98040818,0.04107910
889.22313994,0.03728734
889.46588067,0.04205294
889.70863035,0.03540182
889.95138899,0.03459374
890.19415657,0.03428294
890.43693311,0.02953807
890.67971859,0.03015966
890.92251302,0.02471031
891.16531639,0.02605711
891.40812869,0.02363287
891.65094993,0.02127079
891.89378010,0.02516615
892.13661920,0.02222391
892.37946723,0.02653367
892.62232418,0.02274191
892.86519005,0.02823271
893.10806484,0.02939303
893.35094854,0.03471806
893.59384116,0.03053262
893.83674269,0.03745310
894.07965312,0.03865486
894.32257246,0.04159710
894.56550070,0.04232230
894.80843784,0.05268229
895.05138388,0.04812389
895.29433881,0.05384261
895.53730263,0.04775093
895.78027533,0.05185349
896.02325692,0.05029949
896.26624740,0.05174989
896.50924675,0.05398765
896.75225498,0.05494077
896.99527208,0.05332461
897.23829806,0.05465069
897.48133290,0.05365613
897.72437661,0.05436061
897.96742918,0.05550021
898.21049061,0.05558309
898.45356090,0.05521013
898.69664005,0.06014148
898.93972804,0.06001716
899.18282488,0.06111532
899.42593057,0.06260716
899.66904511,0.05719925
899.91216848,0.06229636
900.15530069,0.05632901
900.39844174,0.05945772
900.64159162,0.05512725
900.88475033,0.05852532
901.12791786,0.06474132
901.37109422,0.06430620
901.61427940,0.06155044
901.85747340,0.06409900
902.10067621,0.06407828
902.34388784,0.07089516
902.58710827,0.06983844
902.83033752,0.06925828
903.07357557,0.07234555
903.31682242,0.06826372
903.56007807,0.07211763
903.80334251,0.07193115
904.04661575,0.07288427
904.28989778,0.07481123
904.53318860,0.08017771
904.77648820,0.07870659
905.01979659,0.08351363
905.26311375,0.08183531
905.50643969,0.08150379
905.74977441,0.08798914
905.99311789,0.08769906
906.23647015,0.09147010
906.47983117,0.09236106
906.72320095,0.08600002
906.96657950,0.09059986
907.20996680,0.08558562
907.45336285,0.09250610
907.69676766,0.09360426
907.94018122,0.09600778
908.18360352,0.09128362
908.42703457,0.09294122
908.67047435,0.08334787
908.91392288,0.08117227
909.15738014,0.08092363
909.40084613,0.07709043
909.64432085,0.07914171
909.88780430,0.07912099
910.13129648,0.07713187
910.37479737,0.08351363
910.61830699,0.08307851
910.86182531,0.08249835
911.10535236,0.07389955
911.34888811,0.08119299
911.59243257,0.07145459
911.83598573,0.07253203
912.07954760,0.06880244
912.32311816,0.07075012
912.56669743,0.07648955
912.81028538,0.06824300
913.05388203,0.06981772
913.29748736,0.07454187
913.54110138,0.07597155
913.78472408,0.07483195
914.02835547,0.07211763
914.27199552,0.07400315
914.51564426,0.06981772
914.75930166,0.07636523
915.00296774,0.07470763
915.24664247,0.08065427
915.49032588,0.07634451
915.73401794,0.07862371
915.97771866,0.07406531
916.22142803,0.07997051
916.46514606,0.08537842
916.70887274,0.08133803
916.95260806,0.07675891
917.19635202,0.08334787
917.44010463,0.07829219
917.68386588,0.08465323
917.92763576,0.08512978
918.17141427,0.09476458
918.41520141,0.10124993
918.65899718,0.09855634
918.90280158,0.10852265
919.14661459,0.11144417
919.39043623,0.11859256
919.63426648,0.12495360
919.87810534,0.13195695
920.12195281,0.13506495
920.36580890,0.12592744
920.60967358,0.12669407
920.85354687,0.12194920
921.09742876,0.12087176
921.34131924,0.11446928
921.58521832,0.11763944
921.82912599,0.10843977
922.07304225,0.10500025
922.31696709,0.10259673
922.56090052,0.10342553
922.80484252,0.10435793
923.04879310,0.10075265
923.29275226,0.09884641
923.53671999,0.09932297
923.78069629,0.08666306
924.02468115,0.09194666
924.26867458,0.08525410
924.51267656,0.08069571
924.75668711,0.07663459
925.00070621,0.07474907
925.24473386,0.07062580
925.48877006,0.06946548
925.73281481,0.06702052
925.97686810,0.05881540
926.22092994,0.05467141
926.46500031,0.04998869
926.70907921,0.04671493
926.95316665,0.04638341
927.19726262,0.04344118
927.44136712,0.04192862
927.68548014,0.03347486
927.92960168,0.03386854
928.17373175,0.02788047
928.41787032,0.02636791
928.66201741,0.02638863
928.90617302,0.02270047
929.15033713,0.02207887
929.39450974,0.02108431
929.63869086,0.02263831
929.88288047,0.02207887
930.12707859,0.02141583
930.37128520,0.02852279
930.61550029,0.02069063
930.85972388,0.02064919
931.10395595,0.01872223
931.34819651,0.01984111
931.59244554,0.02151943
931.83670306,0.02214103
932.08096904,0.02518687
932.32524350,0.02887503
932.56952643,0.02951735
932.81381782,0.03100918
933.05811768,0.03055334
933.30242600,0.03993950
933.54674278,0.03511174
933.79106801,0.04456005
934.03540169,0.03875846
934.27974382,0.03981518
934.52409440,0.04292318
934.76845343,0.04961573
935.01282089,0.04814461
935.25719680,0.05438133
935.50158114,0.06179908
935.74597391,0.05817308
935.99037511,0.05829740
936.23478474,0.05721997
936.47920279,0.05487861
936.72362927,0.06366388
936.96806417,0.05485789
937.21250748,0.05688845
937.45695920,0.05547949
937.70141934,0.04862117
937.94588788,0.05013373
938.19036483,0.04928421
938.43485019,0.05576957
938.67934394,0.04951213
938.92384608,0.04944997
939.16835663,0.04820677
939.41287556,0.05003013
939.65740288,0.05514797
939.90193859,0.04259166
940.14648268,0.04692213
940.39103515,0.04375197
940.63559600,0.04953285
940.88016523,0.04671493
941.12474282,0.05044453
941.36932879,0.04646629
941.61392312,0.04739869
941.85852581,0.04659061
942.10313687,0.04273670
942.34775628,0.04145206
942.59238405,0.04141062
942.83702017,0.04315110
943.08166464,0.04702573
943.32631746,0.04694285
943.57097862,0.04619693
943.81564813,0.04219798
944.06032597,0.04418709
944.30501215,0.04286102
944.54970666,0.04520237
944.79440950,0.04514021
945.03912067,0.04184574
945.28384016,0.04625909
945.52856798,0.04068542
945.77330412,0.04240518
946.01804857,0.03840622
946.26280133,0.04085118
946.50756241,0.03938006
946.75233179,0.04333758
946.99710948,0.04058182
947.24189548,0.04462221
947.48668977,0.04213582
947.73149236,0.04677709
947.97630324,0.04255022
948.22112242,0.04344118
948.46594988,0.04348262
948.71078563,0.04182502
948.95562966,0.04640413
949.20048198,0.03409646
949.44534257,0.03040830
949.69021144,0.03262534
949.93508857,0.03274966
950.17997398,0.03370278
950.42486766,0.02792191
950.66976959,0.03376494
950.91467979,0.03080198
951.15959825,0.02889575
951.40452496,0.02995246
951.64945993,0.02605711
951.89440314,0.03339198
952.13935461,0.02881287
952.38431431,0.02717599
952.62928226,0.02384007
952.87425845,0.02734175
953.11924287,0.02817055
953.36423553,0.02466887
953.60923642,0.02328063
953.85424553,0.02508327
954.09926287,0.02354999
954.34428843,0.02156087
954.58932222,0.01901231
954.83436421,0.02419231
955.07941443,0.01890871
955.32447285,0.01642231
955.56953948,0.01911591
955.81461432,0.02116719
956.05969736,0.01696103
956.30478860,0.01093152
956.54988803,0.01399808
956.79499567,0.01354224
957.04011149,0.01571784
957.28523550,0.01103512
957.53036770,0.01140808
957.77550808,0.00917032
958.02065664,0.01215400
958.26581338,0.00892168
958.51097830,0.01107656
958.75615139,0.01209184
959.00133264,0.01424672
959.24652207,0.01111800
959.49171965,0.01578000
959.73692540,0.01306568
959.98213931,0.01296208
960.22736137,0.01279632
960.47259159,0.01679527
960.71782995,0.04356550
960.96307647,0.01818351
961.20833112,0.01851503
961.45359392,0.02365359
961.69886486,0.02093927
961.94414394,0.02280407
962.18943115,0.02413015
962.43472648,0.02261759
962.68002995,0.02725887
962.92534154,0.02630575
963.17066126,0.02245183
963.41598909,0.02605711
963.66132504,0.02599495
963.90666911,0.02632647
964.15202128,0.02922727
964.39738157,0.03403430
964.64274996,0.02978671
964.88812645,0.03879990
965.13351104,0.03449014
965.37890374,0.03575406
965.62430452,0.03904854
965.86971340,0.03838550
966.11513036,0.04377269
966.36055542,0.04563749
966.60598855,0.04559605
966.85142977,0.04402133
967.09687907,0.04406277
967.34233644,0.04366909
967.58780188,0.04797885
967.83327539,0.04926349
968.07875697,0.05239221
968.32424661,0.05746860
968.56974432,0.04828965
968.81525008,0.04855901
969.06076390,0.04712933
969.30628577,0.05286877
969.55181570,0.05353181
969.79735367,0.05212285
970.04289968,0.04659061
970.28845374,0.05195709
970.53401583,0.04907701
970.77958597,0.05183277
971.02516413,0.04586541
971.27075033,0.04615549
971.51634455,0.04176286
971.76194680,0.05119045
972.00755708,0.04607261
972.25317537,0.04996797
972.49880168,0.05197781
972.74443600,0.05353181
972.99007834,0.05336605
973.23572868,0.05632901
973.48138703,0.05655693
973.72705338,0.05782084
973.97272774,0.05409125
974.21841009,0.05481645
974.46410043,0.05346965
974.70979877,0.04833109
974.95550510,0.04520237
975.20121941,0.05156341
975.44694171,0.04976077
975.69267199,0.04862117
975.93841024,0.05005085
976.18415647,0.05390477
976.42991068,0.05098325
976.67567285,0.05019589
976.92144299,0.04996797
977.16722110,0.05187421
977.41300717,0.05649477
977.65880119,0.05436061
977.90460317,0.05247509
978.15041311,0.05641189
978.39623099,0.05251653
978.64205683,0.05214357
978.88789061,0.04971933
979.13373233,0.05071389
979.37958199,0.04149350
979.62543958,0.03863414
979.87130511,0.04199078
980.11717857,0.04085118
980.36305996,0.03693510
980.60894928,0.03840622
980.85484651,0.03573334
981.10075167,0.03701798
981.34666475,0.03432438
981.59258573,0.03633422
981.83851463,0.03200374
982.08445144,0.03326766
982.33039616,0.02812911
982.57634878,0.02299055
982.82230930,0.02214103
983.06827771,0.02485535
983.31425403,0.02222391
983.56023823,0.02133295
983.80623032,0.02398511
984.05223031,0.01812135
984.29823817,0.01919879
984.54425391,0.01965463
984.79027754,0.01658807
985.03630904,0.02336351
985.28234841,0.01971679
985.52839565,0.02348783
985.77445076,0.01955103
986.02051374,0.02626431
986.26658457,0.02025551
986.51266327,0.02868855
986.75874982,0.02603639
987.00484422,0.02748679
987.25094647,0.02976599
987.49705658,0.03507030
987.74317452,0.03088486
987.98930031,0.03420006
988.23543394,0.03540182
988.48157541,0.03351630
988.72772471,0.03509102
988.97388184,0.04097550
989.22004680,0.03531894
989.46621959,0.03795038
989.71240020,0.03562974
989.95858862,0.04012598
990.20478487,0.03583694
990.45098893,0.04337902
990.69720080,0.03633422
990.94342048,0.03960798
991.18964797,0.03577478
991.43588326,0.03701798
991.68212635,0.03683150
991.92837724,0.03695582
992.17463593,0.03571262
992.42090240,0.03500814
992.66717667,0.03094702
992.91345872,0.02926871
993.15974856,0.02286623
993.40604618,0.02727959
993.65235158,0.02114647
993.89866475,0.02674087
994.14498570,0.02381935
994.39131441,0.02199599
994.63765090,0.02334279
994.88399515,0.02023479
995.13034716,0.02122935
995.37670693,0.02191311
995.62307445,0.01959247
995.86944973,0.01636015
996.11583276,0.01859791
996.36222354,0.01814207
996.60862206,0.01849431
996.85502833,0.01884655
997.10144233,0.01559352
997.34786408,0.01385304
997.59429355,0.01571784
997.84073076,0.01513768
998.08717570,0.00856944
998.33362836,0.01321072
998.58008875,0.00908744
998.82655685,0.01428816
999.07303267,0.01870151
999.31951621,0.01352152
999.56600746,0.00987480
999.81250642,0.00925320
1000.05901309,0.00815504
1000.30552746,0.01028920
1000.55204953,0.00896312
1000.79857929,0.01109728
1001.04511676,0.01182248
1001.29166191,0.01372872
1001.53821476,0.00635240
1001.78477529,0.01120088
1002.03134351,0.01165672
1002.27791941,0.01248552
1002.52450299,0.00977120
1002.77109424,0.01182248
1003.01769317,0.00771992
1003.26429976,0.01078648
1003.51091403,0.01024776
1003.75753596,0.01076576
1004.00416555,0.01026848
1004.25080280,0.01578000
1004.49744771,0.01066216
1004.74410027,0.00927392
1004.99076048,0.00873520
1005.23742834,0.00908744
1005.48410384,0.01279632
1005.73078699,0.00993696
1005.97747778,0.01397736
1006.22417620,0.01287920
1006.47088226,0.01198824
1006.71759595,0.01509624
1006.96431727,0.01596648
1007.21104622,0.01319000
1007.45778279,0.01466112
1007.70452698,0.00933608
1007.95127879,0.01248552
1008.19803821,0.01519984
1008.44480524,0.01870151
1008.69157988,0.01642231
1008.93836213,0.01662951
1009.18515199,0.01192608
1009.43194944,0.01493048
1009.67875450,0.01368728
1009.92556715,0.01267200
1010.17238739,0.01644303
1010.41921522,0.01551064
1010.66605064,0.01358368
1010.91289364,0.01406024
1011.15974422,0.01310712
1011.40660239,0.01410168
1011.65346813,0.01401880
1011.90034144,0.02122935
1012.14722232,0.01685743
1012.39411078,0.01561424
1012.64100679,0.01716823
1012.88791037,0.01708535
1013.13482151,0.01362512
1013.38174020,0.01410168
1013.62866645,0.01859791
1013.87560025,0.02203743
1014.12254160,0.01594576
1014.36949049,0.01733399
1014.61644693,0.02168519
1014.86341091,0.01662951
1015.11038242,0.01696103
1015.35736147,0.01733399
1015.60434805,0.01609079
1015.85134216,0.01874295
1016.09834379,0.01480616
1016.34535295,0.01675383
1016.59236963,0.01803847
1016.83939383,0.01793487
1017.08642554,0.01704391
1017.33346476,0.01727183
1017.58051150,0.01718895
1017.82756574,0.01128376
1018.07462748,0.01370800
1018.32169673,0.01648447
1018.56877347,0.01219544
1018.81585771,0.01511696
1019.06294945,0.01248552
1019.31004867,0.00784424
1019.55715538,0.00703616
1019.80426957,0.01292064
1020.05139125,0.01654663
1020.29852041,0.01352152
1020.54565704,0.00805144
1020.79280114,0.00902528
1021.03995272,0.00593800
1021.28711177,0.01190536
1021.53427828,0.00817576
1021.78145225,0.01356296
1022.02863368,0.00825864
1022.27582257,0.00651816
1022.52301891,0.00999912
1022.77022270,0.00807216
1023.01743395,0.00695328
1023.26465263,0.00834152
1023.51187876,0.00216697
1023.75911234,0.00498488
1024.00635335,0.00691184
1024.25360179,0.00515064
1024.50085766,0.00202193
1024.74812097,0.00542000
1024.99539170,0.00479840
1025.24266985,0.00519208
1025.48995543,0.00258136
1025.73724842,0.00270568
1025.98454883,0.00539928
1026.23185665,0.00293360
1026.47917188,0.00274712
1026.72649452,0.00728480
1026.97382456,0.00523352
1027.22116200,0.00227057
1027.46850685,0.00448760
1027.71585908,0.00539928
1027.96321872,0.00444616
1028.21058574,0.00399032
1028.45796014,-0.01121815
1028.70534194,-0.01082447
1028.95273111,-0.01186046
1029.20012767,-0.01146679
1029.44753160,-0.01115599
1029.69494290,-0.01117671
