399.81288841,0.00440299
400.03045039,0.00471367
400.24802720,0.00784115
400.46561883,0.00334669
400.68322529,0.00241465
400.90084656,0.00224896
401.11848265,0.00612207
401.33613355,0.00278747
401.55379926,0.00117194
401.77147978,0.00653631
401.98917511,0.00583211
402.20688524,0.00330526
402.42461017,0.00125479
402.64234989,0.00485865
402.86010441,0.00032276
403.07787372,0.00690912
403.29565782,0.00471367
403.51345670,0.00380235
403.73127037,0.00690912
403.94909882,0.00384377
404.16694205,0.00759261
404.38480005,0.00429943
404.60267282,0.00301530
404.82056036,0.00110981
405.03846267,0.00798614
405.25637974,0.00902173
405.47431157,0.00711624
405.69225816,0.00475509
405.91021951,0.00334669
406.12819561,0.00214540
406.34618645,0.00417516
406.56419205,0.00409231
406.78221239,0.00479651
407.00024747,0.00558356
407.21829729,0.00048845
407.43636184,0.00844180
407.65444113,0.00740621
407.87253515,0.00726122
408.09064390,0.00655702
408.30876737,0.00471367
408.52690556,0.00624634
408.74505847,0.00384377
408.96322610,0.00452726
409.18140844,0.00514862
409.39960550,0.00214540
409.61781726,0.00570784
409.83604372,0.00415445
410.05428489,0.00777902
410.27254076,0.00067486
410.49081133,0.00695055
410.70909659,0.00663987
410.92739654,0.00421658
411.14571118,0.01028515
411.36404051,0.00388519
411.58238452,0.00705410
411.80074321,0.00465153
412.01911658,0.00746834
412.23750462,0.00794471
412.45590734,0.00732336
412.67432472,0.00583211
412.89275677,0.00649489
413.11120349,0.00382306
413.32966486,0.00131693
413.54814090,0.00371950
413.76663159,0.00566641
413.98513693,0.00380235
414.20365692,0.00260106
414.42219156,0.00436157
414.64074084,0.00177259
414.85930477,0.00541787
415.07788333,0.00175188
415.29647653,0.00475509
415.51508437,0.00378164
415.73370683,0.00229038
415.95234392,0.00572855
416.17099564,0.00533502
416.38966198,0.00753048
416.60834294,0.00552143
416.82703851,0.00798614
417.04574870,0.00094411
417.26447350,0.00504506
417.48321291,0.00556285
417.70196692,0.00110981
417.92073554,0.00494150
418.13951875,0.00746834
418.35831657,0.00146191
418.57712898,0.00309814
418.79595598,0.00960166
419.01479757,0.00982949
419.23365374,0.00448584
419.45252450,0.00332597
419.67140984,0.00804827
419.89030975,0.00837966
420.10922425,0.00916671
420.32815331,0.00388519
420.54709694,0.00738549
420.76605514,0.00564570
420.98502791,0.00556285
421.20401523,0.00282889
421.42301712,0.00417516
421.64203356,0.00715766
421.86106455,0.00320170
422.08011009,0.00481723
422.29917018,0.00690912
422.51824482,0.00581139
422.73733399,0.00612207
422.95643771,0.00688841
423.17555596,0.00699197
423.39468875,0.00512790
423.61383606,0.00516933
423.83299790,0.00605994
424.05217427,0.00717838
424.27136516,0.00784115
424.49057057,0.00539716
424.70979050,0.00471367
424.92902494,0.00647417
425.14827390,0.00637061
425.36753736,0.00655702
425.58681532,0.01053369
425.80610779,0.00734407
426.02541476,0.00991234
426.24473623,0.00359523
426.46407219,0.00732336
426.68342265,0.00394733
426.90278759,0.00910458
427.12216702,0.00779973
427.34156093,0.00682627
427.56096933,0.01243918
427.78039220,0.01308125
427.99982955,0.00808970
428.21928137,0.00666058
428.43874766,0.00421658
428.65822841,0.00771688
428.87772363,0.00987091
429.09723331,0.00883532
429.31675745,0.00599780
429.53629605,0.00543858
429.75584910,0.00676414
429.97541660,0.01181783
430.19499854,0.00467224
430.41459494,0.00987091
430.63420577,0.01065796
430.85383104,0.00962237
431.07347075,0.00771688
431.29312489,0.01293626
431.51279347,0.00972593
431.73247647,0.00742692
431.95217390,0.00815183
432.17188574,0.01148644
432.39161201,0.00779973
432.61135270,0.00639133
432.83110780,0.00866963
433.05087731,0.01138288
433.27066123,0.00579068
433.49045956,0.00866963
433.71027229,0.00856607
433.93009942,0.01121718
434.14994095,0.00823468
434.36979687,0.00748905
434.58966718,0.00993305
434.80955189,0.00927027
435.02945098,0.00951881
435.24936445,0.01697507
435.46929230,0.00985020
435.68923454,0.01136217
435.90919115,0.01473819
436.12916213,0.01173498
436.34914748,0.01252203
436.56914720,0.01219064
436.78916128,0.00947739
437.00918972,0.01080295
437.22923252,0.00970522
437.44928968,0.01169355
437.66936119,0.01407542
437.88944706,0.01413755
438.10954727,0.01237705
438.32966182,0.01185925
438.54979072,0.01061654
438.76993395,0.01786568
438.99009153,0.01629158
439.21026343,0.01577379
439.43044967,0.01670582
439.65065024,0.02086890
439.87086513,0.01444823
440.09109434,0.01376474
440.31133788,0.01326765
440.53159573,0.02008185
440.75186789,0.01326765
440.97215437,0.01345406
441.19245516,0.01676795
441.41277025,0.01538026
441.63309964,0.01413755
441.85344334,0.01567023
442.07380133,0.01428253
442.29417362,0.01438609
442.51456020,0.01322623
442.73496107,0.01612589
442.95537623,0.01341264
443.17580567,0.01444823
443.39624939,0.01689222
443.61670739,0.01366118
443.83717967,0.01475891
444.05766622,0.01403399
444.27816704,0.01767927
444.49868212,0.00995376
444.71921147,0.01268772
444.93975509,0.01366118
445.16031296,0.01564951
445.38088508,0.01585663
445.60147147,0.01716148
445.82207210,0.01434467
446.04268698,0.01556667
446.26331610,0.02161452
446.48395947,0.01022301
446.70461707,0.01511101
446.92528892,0.01393043
447.14597499,0.01705792
447.36667530,0.01154857
447.58738984,0.01815565
447.80811860,0.01614660
448.02886158,0.01216993
448.24961879,0.01581521
448.47039021,0.01732717
448.69117585,0.02364428
448.91197570,0.01954334
449.13278975,0.01196281
449.35361802,0.01459321
449.57446049,0.01573236
449.79531715,0.01094793
450.01618802,0.01339192
450.23707308,0.01192138
450.45797234,0.01917053
450.67888578,0.01496602
450.89981341,0.01459321
451.12075522,0.01763785
451.34171122,0.01925337
451.56268139,0.01865273
451.78366574,0.01883914
452.00466426,0.01817636
452.22567696,0.01285342
452.44670382,0.01550453
452.66774484,0.01177640
452.88880003,0.02004042
453.10986938,0.01455179
453.33095288,0.01674724
453.55205053,0.01337121
453.77316234,0.01216993
453.99428830,0.01438609
454.21542840,0.01330908
454.43658264,0.01548382
454.65775102,0.01301911
454.87893354,0.01422040
455.10013019,0.01666439
455.32134098,0.02153167
455.54256589,0.02045466
455.76380493,0.01415826
455.98505809,0.01718219
456.20632537,0.01904625
456.42760677,0.01531813
456.64890229,0.01533884
456.87021191,0.02086890
457.09153565,0.01784497
457.31287349,0.01759643
457.53422544,0.02078605
457.75559149,0.02180093
457.97697163,0.01540097
458.19836587,0.01869415
458.41977420,0.01896341
458.64119663,0.02238086
458.86263313,0.01834205
459.08408373,0.02621255
459.30554840,0.02175950
459.52702716,0.02683390
459.74851999,0.01844561
459.97002689,0.02625397
460.19154786,0.02122100
460.41308290,0.02397567
460.63463201,0.01956405
460.85619518,0.01765856
461.07777241,0.01856988
461.29936369,0.01877700
461.52096903,0.02389282
461.74258841,0.02122100
461.96422185,0.02080676
462.18586933,0.02155239
462.40753086,0.02532194
462.62920642,0.02482486
462.85089602,0.02320933
463.07259966,0.02215303
463.29431733,0.01875629
463.51604902,0.02047537
463.73779475,0.02014398
463.95955449,0.02354072
464.18132826,0.02625397
464.40311604,0.02383069
464.62491784,0.02461774
464.84673365,0.02385140
465.06856347,0.02948502
465.29040730,0.02339574
465.51226513,0.02546692
465.73413696,0.02254655
465.95602279,0.02770380
466.17792261,0.02907078
466.39983643,0.02826302
466.62176424,0.02544621
466.84370603,0.02998210
467.06566181,0.02644038
467.28763157,0.02847014
467.50961531,0.02662678
467.73161303,0.02911220
467.95362472,0.02563262
468.17565038,0.03141122
468.39769001,0.02689604
468.61974360,0.02496984
468.84181116,0.02668892
469.06389267,0.03387593
469.28598814,0.03118339
469.50809757,0.03516006
469.73022094,0.03277820
469.95235827,0.03002353
470.17450954,0.02940217
470.39667475,0.02784878
470.61885390,0.03006495
470.84104699,0.02851156
471.06325402,0.03393806
471.28547498,0.02673034
471.50770986,0.03161834
471.72995867,0.02693746
471.95222141,0.02619184
472.17449806,0.02482486
472.39678864,0.02869797
472.61909313,0.02859441
472.84141153,0.02625397
473.06374384,0.03255037
473.28609005,0.02952644
473.50845017,0.02552906
473.73082420,0.02842871
473.95321212,0.02842871
474.17561393,0.02915363
474.39802964,0.02805590
474.62045924,0.02465916
474.84290273,0.02310577
475.06536010,0.03209471
475.28783136,0.03103840
475.51031649,0.03054132
475.73281550,0.02853227
475.95532838,0.02702031
476.17785513,0.02731028
476.40039575,0.03194973
476.62295024,0.02909149
476.84551859,0.03078986
477.06810080,0.03186688
477.29069686,0.03031349
477.51330678,0.03190830
477.73593055,0.02991997
477.95856817,0.02915363
478.18121963,0.02828373
478.40388494,0.03110054
478.62656409,0.03236396
478.84925707,0.02826302
479.07196389,0.02768309
479.29468455,0.02929861
479.51741903,0.03317172
479.74016733,0.02780736
479.96292946,0.02890509
480.18570542,0.02994068
480.40849519,0.02811804
480.63129877,0.03174261
480.85411617,0.02973356
481.07694738,0.02963000
481.29979239,0.02927790
481.52265121,0.02936075
481.74552383,0.03027207
481.96841025,0.02753811
482.19131046,0.02969214
482.41422447,0.02803519
482.63715227,0.03035491
482.86009385,0.02735170
483.08304922,0.02718600
483.30601837,0.02610899
483.52900130,0.02940217
483.75199801,0.02608828
483.97500849,0.02919505
484.19803274,0.03010637
484.42107076,0.02604685
484.64412255,0.03269535
484.86718810,0.02919505
485.09026741,0.02376855
485.31336047,0.02592258
485.53646729,0.03168047
485.75958786,0.02563262
485.98272218,0.02644038
486.20587024,0.02414137
486.42903205,0.02786949
486.65220760,0.02465916
486.87539689,0.03240539
487.09859991,0.02913292
487.32181666,0.02699960
487.54504715,0.03335813
487.76829136,0.03110054
487.99154929,0.03240539
488.21482094,0.03120410
488.43810631,0.02977498
488.66140540,0.03445586
488.88471820,0.03381379
489.10804471,0.03277820
489.33138493,0.03273678
489.55473885,0.03176332
489.77810647,0.03437301
490.00148780,0.03741765
490.22488281,0.03350311
490.44829153,0.03857751
490.67171393,0.03582284
490.89515002,0.03774904
491.11859979,0.04062798
491.34206325,0.04054514
491.56554038,0.03422803
491.78903120,0.03801829
492.01253568,0.03354454
492.23605384,0.03638206
492.45958567,0.03901246
492.68313116,0.03516006
492.90669031,0.03511864
493.13026312,0.03194973
493.35384960,0.03296461
493.57744972,0.03049990
493.80106350,0.03122481
494.02469092,0.03215684
494.24833200,0.03400020
494.47198671,0.03445586
494.69565507,0.02969214
494.91933706,0.03880534
495.14303269,0.02942288
495.36674195,0.03033420
495.59046484,0.03188759
495.81420136,0.03159762
496.03795150,0.02822160
496.26171526,0.02652323
496.48549264,0.02954715
496.70928364,0.02894651
496.93308825,0.02956786
497.15690647,0.03192901
497.38073830,0.02946431
497.60458373,0.03445586
497.82844276,0.04160144
498.05231539,0.03153549
498.27620162,0.03281962
498.50010144,0.03356525
498.72401485,0.03126624
498.94794185,0.03555358
499.17188244,0.03464226
499.39583661,0.03389664
499.61980435,0.03141122
499.84378568,0.03789402
500.06778058,0.03770761
500.29178904,0.03731409
500.51581108,0.03197044
500.73984668,0.03725195
500.96389585,0.03217756
501.18795858,0.03120410
501.41203486,0.03464226
501.63612470,0.02807661
501.86022809,0.03279891
502.08434503,0.03325457
502.30847551,0.03325457
502.53261954,0.03265393
502.75677711,0.02762095
502.98094822,0.03207400
503.20513286,0.03242610
503.42933104,0.03147335
503.65354274,0.02977498
503.87776797,0.02805590
504.10200673,0.02726885
504.32625901,0.03215684
504.55052480,0.02757953
504.77480411,0.02488699
504.99909694,0.02397567
505.22340327,0.02869797
505.44772312,0.02356143
505.67205646,0.02354072
505.89640331,0.02329218
506.12076366,0.02233944
506.34513750,0.02271225
506.56952484,0.02198733
506.79392567,0.02223588
507.01833999,0.02490770
507.24276779,0.02747597
507.46720907,0.02600543
507.69166384,0.02654394
507.91613208,0.02780736
508.14061380,0.03043776
508.36510898,0.02641967
508.58961764,0.03072773
508.81413976,0.02770380
509.03867534,0.03275749
509.26322439,0.02878082
509.48778689,0.03105912
509.71236285,0.03313030
509.93695226,0.03259179
510.16155512,0.03209471
510.38617142,0.03097627
510.61080117,0.03319244
510.83544436,0.03165976
511.06010099,0.03230183
511.28477105,0.03752121
511.50945454,0.03443515
511.73415147,0.03215684
511.95886182,0.02861512
512.18358560,0.03018922
512.40832280,0.02360286
512.63307341,0.02689604
512.85783745,0.02925719
513.08261489,0.02619184
513.30740575,0.02815946
513.53221001,0.02911220
513.75702768,0.03350311
513.98185875,0.02840800
514.20670322,0.02960929
514.43156109,0.02776594
514.65643235,0.02741383
514.88131700,0.02430706
515.10621504,0.03385521
515.33112647,0.02596401
515.55605128,0.02844943
515.78098946,0.03076915
516.00594103,0.02633682
516.23090597,0.02604685
516.45588428,0.03638206
516.68087596,0.02399638
516.90588100,0.02807661
517.13089941,0.02233944
517.35593118,0.02635753
517.58097631,0.02673034
517.80603479,0.02749668
518.03110663,0.02364428
518.25619181,0.02631611
518.48129034,0.02171808
518.70640222,0.02579831
518.93152743,0.02420350
519.15666598,0.02509411
519.38181787,0.02424492
519.60698310,0.02741383
519.83216165,0.02434848
520.05735353,0.02182164
520.28255873,0.02066178
520.50777726,0.02196662
520.73300910,0.02650251
520.95825426,0.02791092
521.18351273,0.02751739
521.40878452,0.02720672
521.63406961,0.02528052
521.85936801,0.02716529
522.08467971,0.02544621
522.31000471,0.02583974
522.53534300,0.02370642
522.76069459,0.02958858
522.98605947,0.02923648
523.21143764,0.03025136
523.43682910,0.03097627
523.66223383,0.03072773
523.88765185,0.03470440
524.11308315,0.03551216
524.33852772,0.03841182
524.56398556,0.03623707
524.78945667,0.03818399
525.01494104,0.03750050
525.24043868,0.03681701
525.46594959,0.03824612
525.69147374,0.04617875
525.91701116,0.04019303
526.14256182,0.03737623
526.36812574,0.03808043
526.59370290,0.03996520
526.81929331,0.03718982
527.04489696,0.04087652
527.27051384,0.04290628
527.49614396,0.03814256
527.72178732,0.03781117
527.94744390,0.03934385
528.17311372,0.03917815
528.39879675,0.04317554
528.62449301,0.04033802
528.85020249,0.04607519
529.07592518,0.04323767
529.30166109,0.04448038
529.52741021,0.04667584
529.75317254,0.05469132
529.97894807,0.04352764
530.20473680,0.05471203
530.43053874,0.05322078
530.65635387,0.06136053
530.88218219,0.05264084
531.10802371,0.05862656
531.33387841,0.05630684
531.55974630,0.05477416
531.78562738,0.05657609
532.01152163,0.05541623
532.23742906,0.05301366
532.46334967,0.05336576
532.68928344,0.05448420
532.91523039,0.05417352
533.14119051,0.05889582
533.36716378,0.05272369
533.59315022,0.05359359
533.81914982,0.05100461
534.04516257,0.05877155
534.27118847,0.05212305
534.49722752,0.05077678
534.72327973,0.05454633
534.94934507,0.05295152
535.17542356,0.05692819
535.40151518,0.05800521
535.62761994,0.05197807
535.85373784,0.04972048
536.07986886,0.06115341
536.30601301,0.05632755
536.53217029,0.05723887
536.75834069,0.05280654
536.98452420,0.05518840
537.21072084,0.05711460
537.43693059,0.06009710
537.66315345,0.05533338
537.88938941,0.05433921
538.11563848,0.05881297
538.34190066,0.05933077
538.56817593,0.05593403
538.79446431,0.05752884
539.02076577,0.06140195
539.24708033,0.06486083
539.47340798,0.06548218
539.69974871,0.06295534
539.92610252,0.06191975
540.15246942,0.05939290
540.37884939,0.06140195
540.60524244,0.06800902
540.83164856,0.06256181
541.05806775,0.06821614
541.28450001,0.07070156
541.51094533,0.07279346
541.73740371,0.07351837
541.96387515,0.07302129
542.19035965,0.06794689
542.41685719,0.07645945
542.64336779,0.07681155
542.86989144,0.07716365
543.09642813,0.06564787
543.32297786,0.06991451
543.54954063,0.06904462
543.77611643,0.07144719
544.00270527,0.06711841
544.22930714,0.07581738
544.45592204,0.06972811
544.68254996,0.07239993
544.90919091,0.06867180
545.13584487,0.07014234
545.36251185,0.06726340
545.58919184,0.06399093
545.81588485,0.06581357
546.04259086,0.06865109
546.26930988,0.06552360
546.49604191,0.06910675
546.72278693,0.06548218
546.94954495,0.06589642
547.17631596,0.06931387
547.40309997,0.07237922
547.62989696,0.06465371
547.85670694,0.07225495
548.08352991,0.08136815
548.31036585,0.07111580
548.53721477,0.07463681
548.76407667,0.07484393
548.99095154,0.07287630
549.21783938,0.07312485
549.44474018,0.07353908
549.67165395,0.07873775
549.89858069,0.07687369
550.12552038,0.07486464
550.35247302,0.07277274
550.57943862,0.07088797
550.80641717,0.07293844
551.03340866,0.07573454
551.26041310,0.07732935
551.48743048,0.07449183
551.71446081,0.07720508
551.94150406,0.08261086
552.16856025,0.08240375
552.39562937,0.08805808
552.62271142,0.08078822
552.84980640,0.08319080
553.07691429,0.08507557
553.30403511,0.08625615
553.53116884,0.08818235
553.75831549,0.08832733
553.98547505,0.08814092
554.21264752,0.09050207
554.43983289,0.08497201
554.66703116,0.08799594
554.89424234,0.09284251
555.12146641,0.09644637
555.34870338,0.09373312
555.57595324,0.09926318
555.80321599,0.09903535
556.03049162,0.09820687
556.25778014,0.09385739
556.48508154,0.10154148
556.71239582,0.10584954
556.93972297,0.10038162
557.16706300,0.09661206
557.39441589,0.09799975
557.62178165,0.10139650
557.84916028,0.09615640
558.07655177,0.09942887
558.30395611,0.09998809
558.53137331,0.10063016
558.75880337,0.09793762
558.98624627,0.10373693
559.21370202,0.09621854
559.44117062,0.09423020
559.66865206,0.09760623
559.89614634,0.09644637
560.12365345,0.09099916
560.35117340,0.08890726
560.57870618,0.08988072
560.80625179,0.08536554
561.03381022,0.08683608
561.26138148,0.08818235
561.48896555,0.08789238
561.71656244,0.08424710
561.94417215,0.08573835
562.17179467,0.08155456
562.39942999,0.08105748
562.62707812,0.08461991
562.85473906,0.08594547
563.08241279,0.08412283
563.31009933,0.07989761
563.53779866,0.08983929
563.76551078,0.08468205
563.99323568,0.08859658
564.22097338,0.09207617
564.44872386,0.08221734
564.67648712,0.08768526
564.90426316,0.09081275
565.13205197,0.08787167
565.35985356,0.09215902
565.58766792,0.09530722
565.81549504,0.09033638
566.04333493,0.09530722
566.27118758,0.08648398
566.49905298,0.08366717
566.72693115,0.08238303
566.95482207,0.08575906
567.18272573,0.07981477
567.41064215,0.08414354
567.63857131,0.07892416
567.86651321,0.08263158
568.09446785,0.07830280
568.32243523,0.08292154
568.55041534,0.07944195
568.77840819,0.08548981
569.00641376,0.07745362
569.23443206,0.07811640
569.46246308,0.08049826
569.69050682,0.07892416
569.91856327,0.08207236
570.14663244,0.07817853
570.37471433,0.07413973
570.60280892,0.08331507
570.83091622,0.07942124
571.05903622,0.08178239
571.28716892,0.08343934
571.51531432,0.08660825
571.74347241,0.08667038
571.97164320,0.08685679
572.19982667,0.08553123
572.42802284,0.08954933
572.65623168,0.09302892
572.88445321,0.09692274
573.11268742,0.09079204
573.34093430,0.09164122
573.56919385,0.09565932
573.79746608,0.09093702
574.02575097,0.09762694
574.25404853,0.09478942
574.48235874,0.10185216
574.71068162,0.10555957
574.93901715,0.10110653
575.16736534,0.10831425
575.39572618,0.10997119
575.62409966,0.11210451
575.85248579,0.11030258
576.08088456,0.11071682
576.30929597,0.11042685
576.53772002,0.11295370
576.76615671,0.11436210
576.99460602,0.11200095
577.22306796,0.10748577
577.45154253,0.11340936
577.68002972,0.11291227
577.90852953,0.11171099
578.13704196,0.10968123
578.36556700,0.11407214
578.59410465,0.10920486
578.82265492,0.11270516
579.05121779,0.10771360
579.27979326,0.10433758
579.50838133,0.10746506
579.73698201,0.10570456
579.96559527,0.10549744
580.19422113,0.10655374
580.42285958,0.10464825
580.65151062,0.10402690
580.88017424,0.10582883
581.10885044,0.10572527
581.33753922,0.10883204
581.56624057,0.10765147
581.79495450,0.10473110
582.02368100,0.09634281
582.25242007,0.09911819
582.48117170,0.10313629
582.70993589,0.10769289
582.93871264,0.10694727
583.16750195,0.10566313
583.39630381,0.10522818
583.62511822,0.10990906
583.85394518,0.11001262
584.08278469,0.10959838
584.31163674,0.10814855
584.54050133,0.10953624
584.76937845,0.11158672
584.99826811,0.11278800
585.22717030,0.12007857
585.45608502,0.11543912
585.68501226,0.12330961
585.91395203,0.12192192
586.14290432,0.12575361
586.37186912,0.12378598
586.60084644,0.13304417
586.82983628,0.13217428
587.05883862,0.13876064
587.28785347,0.13424546
587.51688082,0.14377290
587.74592067,0.13809786
587.97497302,0.13739366
588.20403787,0.13550888
588.43311520,0.13934057
588.66220503,0.14052114
588.89130735,0.14120463
589.12042215,0.14066613
589.34954943,0.14919940
589.57868919,0.14346222
589.80784142,0.15180909
590.03700613,0.14619619
590.26618331,0.14522273
590.49537296,0.13973409
590.72457507,0.13312702
590.95378964,0.13140794
591.18301667,0.13374838
591.41225616,0.13635807
591.64150811,0.13101441
591.87077250,0.13281634
592.10004934,0.13173933
592.32933863,0.13310631
592.55864036,0.12792835
592.78795453,0.12784550
593.01728114,0.13805644
593.24662018,0.13360339
593.47597165,0.12989597
593.70533555,0.13115940
593.93471188,0.12989597
594.16410063,0.12933676
594.39350180,0.13043448
594.62291539,0.13186360
594.85234140,0.13099370
595.08177981,0.13018594
595.31123064,0.11848376
595.54069387,0.11902226
595.77016951,0.12291609
595.99965755,0.12544293
596.22915798,0.12981313
596.45867081,0.12658208
596.68819604,0.13548817
596.91773365,0.13455614
597.14728365,0.13165648
597.37684603,0.12875682
597.60642080,0.12533937
597.83600795,0.13312702
598.06560747,0.13989979
598.29521936,0.13646163
598.52484363,0.14472565
598.75448026,0.14857805
598.98412926,0.13691729
599.21379062,0.13095228
599.44346434,0.13507393
599.67315042,0.13623380
599.90284885,0.13275421
600.13255963,0.14627903
600.36228276,0.15071137
600.59201824,0.15305180
600.82176606,0.15412882
601.05152622,0.15365245
601.28129871,0.15002787
601.51108354,0.15475017
601.74088070,0.15642783
601.97069019,0.16106728
602.20051201,0.16241355
602.43034615,0.16620381
602.66019261,0.17063615
602.89005139,0.17510990
603.11992249,0.17815454
603.34980589,0.18295969
603.57970161,0.17653902
603.80960963,0.17500634
604.03952996,0.18051569
604.26946259,0.18853117
604.49940751,0.18987744
604.72936474,0.19445475
604.95933425,0.19540750
605.18931606,0.20638477
605.41931015,0.21761058
605.64931653,0.22782151
605.87933519,0.22488043
606.10936612,0.22956131
606.33940934,0.22508755
606.56946483,0.23407649
606.79953259,0.22854643
607.02961261,0.22848429
607.25970490,0.22819433
607.48980946,0.22169081
607.71992627,0.22198078
607.95005534,0.23977224
608.18019667,0.24202983
608.41035024,0.25333849
608.64051607,0.25584462
608.87069414,0.27291117
609.10088445,0.27202056
609.33108700,0.28691237
609.56130179,0.29099260
609.79152882,0.29546635
610.02176808,0.29832459
610.25201956,0.30441386
610.48228328,0.30876335
610.71255921,0.30797630
610.94284737,0.31603320
611.17314775,0.31164229
611.40346034,0.29977441
611.63378514,0.30199058
611.86412215,0.29016412
612.09447137,0.28842433
612.32483280,0.28428196
612.55520642,0.27837909
612.78559225,0.25884784
613.01599027,0.24625504
613.24640048,0.25230290
613.47682288,0.24198840
613.70725747,0.24072498
613.93770425,0.22964415
614.16816321,0.23157035
614.39863434,0.22885710
614.62911766,0.22496328
614.85961314,0.21137632
615.09012080,0.20657117
615.32064063,0.20338155
615.55117262,0.19696088
615.78171677,0.19636024
616.01227308,0.19998481
616.24284156,0.20209742
616.47342218,0.20116539
616.70401496,0.20081328
616.93461988,0.19671234
617.16523695,0.19727156
617.39586617,0.19323275
617.62650752,0.18689493
617.85716101,0.17138177
618.08782664,0.16661805
618.31850440,0.16075660
618.54919429,0.15377672
618.77989630,0.15093920
619.01061044,0.14327582
619.24133670,0.13573671
619.47207508,0.14031403
619.70282557,0.13393478
619.93358818,0.13416261
620.16436289,0.12144555
620.39514972,0.12150768
620.62594864,0.11367861
620.85675967,0.11233234
621.08758280,0.10812784
621.31841802,0.10257707
621.54926534,0.09903535
621.78012475,0.09162051
622.01099624,0.09089560
622.24187982,0.09344315
622.47277549,0.09201404
622.70368323,0.09336030
622.93460305,0.08861730
623.16553494,0.09313247
623.39647890,0.09112343
623.62743493,0.09439590
623.85840303,0.09342244
624.08938319,0.09141339
624.32037541,0.08901082
624.55137968,0.08596618
624.78239602,0.07940053
625.01342440,0.07455396
625.24446483,0.07629376
625.47551731,0.07382905
625.70658183,0.07403617
625.93765839,0.07536172
626.16874699,0.07735006
626.39984763,0.07268990
626.63096029,0.07788857
626.86208499,0.08103677
627.09322171,0.08664967
627.32437046,0.09597000
627.55553123,0.09882823
627.78670401,0.10170717
628.01788882,0.10607737
628.24908563,0.11218736
628.48029446,0.10458612
628.71151529,0.10754791
628.94274813,0.10876991
629.17399296,0.11707535
629.40524980,0.12049280
629.63651863,0.12604357
629.86779946,0.12875682
630.09909228,0.13760078
630.33039709,0.14984147
630.56171388,0.15914108
630.79304265,0.15504014
631.02438340,0.16392551
631.25573613,0.16369768
631.48710084,0.16632809
631.71847751,0.17214811
631.94986615,0.17655973
632.18126676,0.17490278
632.41267933,0.18554867
632.64410387,0.18996029
632.87554035,0.19327418
633.10698880,0.20296732
633.33844919,0.20334013
633.56992154,0.20955368
633.80140583,0.21415170
634.03290207,0.21286757
634.26441024,0.21833549
634.49593035,0.23297876
634.72746240,0.22798721
634.95900638,0.23217100
635.19056229,0.23540204
635.42213013,0.23971010
635.65370989,0.24002078
635.88530158,0.24374891
636.11690518,0.25472618
636.34852069,0.26680118
636.58014812,0.28078166
636.81178746,0.28830006
637.04343871,0.29188321
637.27510187,0.28341207
637.50677692,0.28057455
637.73846387,0.28378488
637.97016272,0.28515186
638.20187347,0.29919448
638.43359610,0.29306378
638.66533062,0.30002296
638.89707703,0.30116211
639.12883532,0.28780298
639.36060549,0.29097189
639.59238754,0.28068157
639.82418146,0.29152254
640.05598725,0.28951158
640.28780491,0.29044546
640.51963444,0.29628743
640.75147583,0.28359722
640.98332908,0.28189831
641.21519419,0.28099671
641.44707115,0.28062809
641.67895997,0.26698827
641.91086063,0.26489096
642.14277314,0.26190441
642.37469750,0.26405671
642.60663369,0.26020972
642.83858172,0.25362059
643.07054159,0.25026956
643.30251329,0.24715737
643.53449683,0.26071676
643.76649218,0.25119635
643.99849937,0.25042073
644.23051837,0.24896560
644.46254919,0.24924105
644.69459183,0.23414981
644.92664628,0.23292491
645.15871254,0.23264621
645.39079061,0.22382226
645.62288049,0.23341711
645.85498217,0.21504338
646.08709564,0.22483129
646.31922091,0.21176877
646.55135798,0.21532782
646.78350684,0.21269391
647.01566748,0.20815068
647.24783991,0.19927666
647.48002413,0.20158640
647.71222012,0.20269965
647.94442789,0.20366098
648.17664744,0.20480126
648.40887875,0.20358906
648.64112184,0.19069748
648.87337669,0.19145710
649.10564331,0.18800570
649.33792168,0.20224870
649.57021181,0.18645546
649.80251370,0.18372715
650.03482734,0.18325797
650.26715273,0.18865690
650.49948987,0.18451709
650.73183875,0.18392268
650.96419937,0.17453035
651.19657173,0.17421969
651.42895582,0.18176374
651.66135165,0.18674395
651.89375921,0.18034873
652.12617849,0.17940471
652.35860950,0.18696706
652.59105224,0.18219315
652.82350669,0.18730873
653.05597285,0.19715217
653.28845073,0.19761732
653.52094032,0.20128370
653.75344162,0.19808007
653.98595462,0.20326070
654.21847933,0.20049172
654.45101573,0.19774343
654.68356383,0.20234375
654.91612363,0.20064026
655.14869511,0.19219931
655.38127829,0.19646515
655.61387315,0.19257079
655.84647969,0.19187026
656.07909792,0.19461904
656.31172782,0.19089336
656.54436939,0.19134308
656.77702264,0.18932201
657.00968756,0.19288382
657.24236414,0.20056254
657.47505238,0.20277804
657.70775229,0.20030787
657.94046385,0.19841573
658.17318707,0.20446178
658.40592195,0.20160672
658.63866847,0.19731461
658.87142663,0.20439576
659.10419645,0.20437411
659.33697790,0.20743323
659.56977099,0.21252698
659.80257572,0.21889701
660.03539208,0.21841115
660.26822007,0.20948350
660.50105969,0.20704854
660.73391093,0.21051696
660.96677380,0.20471816
661.19964828,0.20372911
661.43253438,0.20295881
661.66543209,0.20357010
661.89834142,0.19652308
662.13126235,0.19584015
662.36419489,0.19236128
662.59713903,0.20971840
662.83009477,0.19454108
663.06306210,0.19165006
663.29604103,0.20344290
663.52903155,0.21176495
663.76203367,0.20296614
663.99504736,0.20271299
664.22807264,0.20143552
664.46110950,0.19735594
664.69415794,0.19516357
664.92721795,0.18738668
665.16028953,0.18637703
665.39337269,0.18356364
665.62646740,0.17853932
665.85957369,0.17449054
666.09269153,0.17022231
666.32582093,0.17207952
666.55896189,0.16047819
666.79211440,0.16380124
667.02527846,0.16131582
667.25845406,0.15414953
667.49164121,0.14752174
667.72483991,0.15615858
667.95805014,0.15760840
668.19127190,0.15624142
668.42450520,0.15880969
668.65775003,0.15087706
668.89100639,0.15033855
669.12427427,0.15630356
669.35755368,0.15468804
669.59084460,0.15296895
669.82414704,0.15711132
670.05746099,0.15717346
670.29078646,0.16164721
670.52412343,0.15280326
670.75747191,0.15957603
670.99083189,0.15868542
671.22420337,0.16239284
671.45758635,0.16684588
671.69098082,0.17366007
671.92438678,0.18335321
672.15780424,0.19049879
672.39123317,0.19901136
672.62467360,0.20180745
672.85812550,0.20545273
673.09158888,0.20791744
673.32506373,0.20574270
673.55855006,0.20447928
673.79204785,0.19807932
674.02555712,0.19952915
674.25907784,0.19339845
674.49261003,0.19944630
674.72615367,0.19437191
674.95970878,0.20236667
675.19327533,0.19892851
675.42685333,0.19679519
675.66044278,0.19870068
675.89404368,0.20418931
676.12765601,0.20773104
676.36127979,0.21270188
676.59491500,0.21562224
676.82856165,0.21311611
677.06221972,0.20868378
677.29588922,0.20762748
677.52957015,0.20375436
677.76326250,0.20271877
677.99696627,0.19159652
678.23068146,0.19706444
678.46440806,0.19132727
678.69814607,0.17921084
678.93189549,0.17158889
679.16565631,0.17666329
679.39942854,0.16367697
679.63321217,0.16465043
679.86700720,0.16183362
680.10081361,0.15897539
680.33463143,0.15914108
680.56846063,0.15758769
680.80230121,0.15396312
681.03615318,0.16266209
681.27001653,0.15280326
681.50389126,0.16500253
681.73777736,0.15578576
681.97167484,0.15017286
682.20558368,0.14849520
682.43950390,0.14797740
682.67343547,0.14095609
682.90737841,0.14159816
683.14133270,0.13610952
683.37529836,0.13681373
683.60927536,0.14184670
683.84326371,0.14273731
684.07726341,0.14215738
684.31127446,0.14667256
684.54529685,0.15114631
684.77933057,0.16146081
685.01337564,0.16146081
685.24743203,0.17583482
685.48149976,0.18946320
685.71557881,0.19240428
685.94966919,0.20996791
686.18377090,0.21216337
686.41788392,0.21636787
686.65200826,0.22092447
686.88614391,0.22278854
687.12029088,0.22256071
687.35444915,0.22326491
687.58861873,0.22409338
687.82279961,0.21914326
688.05699179,0.21508374
688.29119527,0.21897756
688.52541004,0.21841834
688.75963611,0.21440025
688.99387346,0.21295042
689.22812210,0.21116920
689.46238203,0.22554321
689.69665323,0.21812838
689.93093571,0.22467331
690.16522947,0.22539823
690.39953450,0.23786675
690.63385080,0.23618909
690.86817837,0.25039741
691.10251720,0.24992104
691.33686730,0.26158180
691.57122865,0.26180963
691.80560125,0.26106400
692.03998511,0.25342134
692.27438023,0.26439861
692.50878658,0.25540967
692.74320419,0.26025624
692.97763303,0.25934492
693.21207312,0.27055002
693.44652444,0.26775392
693.68098699,0.27750920
693.91546077,0.28384702
694.14994579,0.28819650
694.38444203,0.28009817
694.61894949,0.28925280
694.85346817,0.28906640
695.08799806,0.29347802
695.32253918,0.29107544
695.55709150,0.29784821
695.79165503,0.29735113
696.02622977,0.30035434
696.26081571,0.30182488
696.49541285,0.30290190
696.73002119,0.30014723
696.96464072,0.31184941
697.19927145,0.30495237
697.43391336,0.30422746
697.66856647,0.30064431
697.90323075,0.29631554
698.13790622,0.28606318
698.37259286,0.29422364
698.60729068,0.29826245
698.84199967,0.29873882
699.07671984,0.31013033
699.31145117,0.31530829
699.54619366,0.31348565
699.78094731,0.32135614
700.01571213,0.34343495
700.25048810,0.33958255
700.48527522,0.34906857
700.72007349,0.35339734
700.95488292,0.35625558
701.18970348,0.36704644
701.42453519,0.38092337
701.65937804,0.38243533
701.89423202,0.40001968
702.12909714,0.40165591
702.36397339,0.41087268
702.59886077,0.40907075
702.83375927,0.41035488
703.06866889,0.39761710
703.30358964,0.39034725
703.53852150,0.38005347
703.77346448,0.36903478
704.00841857,0.34768088
704.24338376,0.33976896
704.47836007,0.32821176
704.71334748,0.32359302
704.94834598,0.30731352
705.18335559,0.30254980
705.41837629,0.28927352
705.65340808,0.28809294
705.88845096,0.28929423
706.12350493,0.30631935
706.35856998,0.30203200
706.59364612,0.30346112
706.82873333,0.30565657
707.06383161,0.31843577
707.29894097,0.32319949
707.53406141,0.33071789
707.76919290,0.35031128
708.00433546,0.36667363
708.23948909,0.38092337
708.47465377,0.38258031
708.70982951,0.38241462
708.94501630,0.38301526
709.18021414,0.37562114
709.41542303,0.38589421
709.65064297,0.37450270
709.88587395,0.36659078
710.12111597,0.37139593
710.35636902,0.35012488
710.59163311,0.35308667
710.82690823,0.35080837
711.06219437,0.34600322
711.29749155,0.34136377
711.53279974,0.32537424
711.76811896,0.33562659
712.00344920,0.32748684
712.23879044,0.33280978
712.47414270,0.33129782
712.70950597,0.33446673
712.94488025,0.31891215
713.18026553,0.32914379
713.41566181,0.32025841
713.65106908,0.32319949
713.88648736,0.33100785
714.12191662,0.32595417
714.35735688,0.30913616
714.59280812,0.30257051
714.82827034,0.30791416
715.06374355,0.29967085
715.29922774,0.29745469
715.53472290,0.29202819
715.77022903,0.28457193
716.00574614,0.29420293
716.24127421,0.29347802
716.47681324,0.30130709
716.71236324,0.30735494
716.94792420,0.31427270
717.18349611,0.31095880
717.41907898,0.31443839
717.65467280,0.30213556
717.89027757,0.29791035
718.12589328,0.28444766
718.36151993,0.27502378
718.59715752,0.26452288
718.83280605,0.24807768
719.06846552,0.23681045
719.30413591,0.24236122
719.53981724,0.24503304
719.77550949,0.25155727
720.01121266,0.26166464
720.24692676,0.27270405
720.48265177,0.28293569
720.71838769,0.29055765
720.95413453,0.28970846
721.18989228,0.31039958
721.42566093,0.30290190
721.66144049,0.31168372
721.89723095,0.30532518
722.13303231,0.30228055
722.36884456,0.30089285
722.60466770,0.30631935
722.84050173,0.30787274
723.07634666,0.29915306
723.31220246,0.29803462
723.54806915,0.29180036
723.78394671,0.26994938
724.01983515,0.27173059
724.25573447,0.26046336
724.49164465,0.25354561
724.72756571,0.24878189
724.96349762,0.23776319
725.19944040,0.23803245
725.43539404,0.23451143
725.67135854,0.22670307
725.90733388,0.22156654
726.14332008,0.21609862
726.37931713,0.20880805
726.61532503,0.20739965
726.85134376,0.21003005
727.08737334,0.21071354
727.32341375,0.21048571
727.55946500,0.21270188
727.79552708,0.21104493
728.03159998,0.21297113
728.26768372,0.21135561
728.50377827,0.22465260
728.73988365,0.22581246
728.97599985,0.22104874
729.21212686,0.22452833
729.44826468,0.22388626
729.68441331,0.22392769
729.92057275,0.22129729
730.15674299,0.22798721
730.39292403,0.22831860
730.62911587,0.22398982
730.86531851,0.21930895
731.10153194,0.21379960
731.33775616,0.20951225
731.57399117,0.19348130
731.81023696,0.18260759
732.04649353,0.17674614
732.28276088,0.16237213
732.51903901,0.15897539
732.75532791,0.14905442
732.99162758,0.14957221
733.22793802,0.14143246
733.46425923,0.13521892
733.70059119,0.13080730
733.93693392,0.12540151
734.17328740,0.12014070
734.40965164,0.12275039
734.64602662,0.11958148
734.88241236,0.12146626
735.11880884,0.12223260
735.35521607,0.12204619
735.59163403,0.12519439
735.82806273,0.13049662
736.06450217,0.13376909
736.30095234,0.13642020
736.53741323,0.13967196
736.77388486,0.16017667
737.01036720,0.16233070
737.24686027,0.17270733
737.48336406,0.18989815
737.71987856,0.21199767
737.95640377,0.21727919
738.19293969,0.23076259
738.42948632,0.24234051
738.66604365,0.25497472
738.90261169,0.26406722
739.13919042,0.26899663
739.37577985,0.26415006
739.61237997,0.26497854
739.84899078,0.26711186
740.08561228,0.26738111
740.32224446,0.25122588
740.55888732,0.23819814
740.79554087,0.22943704
741.03220509,0.22222932
741.26887998,0.21750702
741.50556555,0.20447928
741.74226178,0.19526251
741.97896868,0.19729227
742.21568624,0.19244570
742.45241446,0.18059854
742.68915333,0.17446784
742.92590286,0.17434356
743.16266304,0.17341153
743.39943387,0.16612097
743.63621535,0.16415334
743.87300747,0.16092230
744.10981023,0.15510227
744.34662363,0.15201621
744.58344766,0.15211977
744.82028232,0.15048353
745.05712761,0.15209906
745.29398353,0.14690039
745.53085007,0.13787003
745.76772724,0.14190884
746.00461502,0.14317226
746.24151341,0.14025189
746.47842242,0.13960982
746.71534204,0.14087325
746.95227227,0.13822213
747.18921310,0.14748032
747.42616453,0.14584408
747.66312656,0.15162269
747.90009918,0.14464280
748.13708240,0.14888872
748.37407621,0.15381814
748.61108061,0.15255472
748.84809559,0.15060781
749.08512115,0.15168482
749.32215730,0.14472565
749.55920401,0.14300656
749.79626131,0.14756317
750.03332917,0.14352436
750.27040760,0.14377290
750.50749660,0.15218191
750.74459616,0.15178838
750.98170628,0.15164340
751.21882695,0.15976244
751.45595818,0.15520583
751.69309997,0.16144009
751.93025230,0.15249258
752.16741517,0.15073208
752.40458859,0.15104275
752.64177256,0.14712822
752.87896705,0.15361102
753.11617209,0.15414953
753.35338765,0.16262067
753.59061374,0.16164721
753.82785037,0.16647307
754.06509751,0.16736368
754.30235518,0.17009764
754.53962336,0.18051569
754.77690206,0.18896612
755.01419127,0.19476543
755.25149099,0.20083400
755.48880122,0.20073044
755.72612195,0.20992649
755.96345319,0.21404814
756.20079492,0.21373747
756.43814715,0.21222550
756.67550987,0.21143845
756.91288309,0.21137632
757.15026679,0.21365462
757.38766097,0.21392387
757.62506564,0.21427597
757.86248079,0.21054785
758.09990641,0.19636024
758.33734251,0.19497255
758.57478908,0.19194862
758.81224612,0.19791363
759.04971362,0.18380887
759.28719159,0.18155128
759.52468001,0.16595527
759.76217889,0.17392933
759.99968823,0.16547890
760.23720802,0.15555793
760.47473826,0.14317226
760.71227894,0.14259233
760.94983007,0.13693800
761.18739164,0.12979242
761.42496364,0.12757625
761.66254608,0.13401763
761.90013895,0.13816000
762.13774226,0.14948937
762.37535598,0.15292753
762.61298014,0.15120845
762.85061471,0.15203692
763.08825970,0.15269970
763.32591511,0.15058709
763.56358093,0.15037998
763.80125716,0.15557865
764.03894380,0.16502324
764.27664084,0.18003932
764.51434829,0.18196552
764.75206613,0.18842761
764.98979437,0.18627358
765.22753300,0.17691183
765.46528203,0.17954223
765.70304144,0.18550724
765.94081124,0.18202765
766.17859142,0.18857259
766.41638197,0.18778554
766.65418291,0.18128203
766.89199422,0.18411955
767.12981590,0.17426072
767.36764795,0.17239665
767.60549036,0.16734297
767.84334314,0.16833713
768.08120628,0.16382195
768.31907977,0.16245497
768.55696362,0.16568602
768.79485782,0.16247569
769.03276238,0.15812620
769.27067727,0.16462972
769.50860251,0.15866471
769.74653809,0.16543748
769.98448401,0.17206526
770.22244027,0.17154747
770.46040685,0.17815454
770.69838377,0.17015977
770.93637101,0.17351509
771.17436858,0.16489897
771.41237647,0.16734297
771.65039468,0.17608336
771.88842320,0.17500634
772.12646204,0.17424001
772.36451118,0.17206526
772.60257064,0.16850283
772.84064039,0.16831642
773.07872045,0.16870995
773.31681081,0.16462972
773.55491147,0.16744652
773.79302242,0.17146462
774.03114366,0.16539605
774.26927519,0.16953842
774.50741700,0.16208216
774.74556910,0.15168482
774.98373147,0.15035926
775.22190413,0.15174696
775.46008705,0.15327963
775.69828025,0.14513988
775.93648372,0.14967577
776.17469745,0.14377290
776.41292145,0.14884730
776.65115570,0.14611334
776.88940022,0.15354889
777.12765499,0.15011072
777.36592001,0.15564078
777.60419528,0.15027642
777.84248079,0.15321750
778.08077655,0.15371458
778.31908256,0.15754627
778.55739879,0.15112560
778.79572527,0.14828808
779.03406198,0.14377290
779.27240891,0.13565386
779.51076608,0.13188431
779.74913346,0.13600597
779.98751107,0.13169790
780.22589890,0.14383504
780.46429695,0.12633354
780.70270520,0.12944031
780.94112367,0.12283324
781.17955235,0.12964743
781.41799123,0.11914653
781.65644031,0.12225331
781.89489959,0.11813165
782.13336907,0.12130056
782.37184874,0.11804881
782.61033861,0.12169409
782.84883866,0.12463517
783.08734890,0.11798667
783.32586931,0.11782098
783.56439991,0.12465588
783.80294069,0.11875301
784.04149164,0.12478015
784.28005276,0.12529795
784.51862406,0.13470112
784.75720551,0.13213285
784.99579713,0.13304417
785.23439891,0.13563315
785.47301085,0.13176004
785.71163295,0.13341699
785.95026519,0.13586098
786.18890759,0.13043448
786.42756013,0.13540532
786.66622282,0.12927462
786.90489564,0.13687586
787.14357861,0.12517368
787.38227171,0.13120082
787.62097494,0.12556720
787.85968831,0.12355815
788.09841180,0.11606047
788.33714541,0.11386502
788.57588915,0.11144173
788.81464301,0.10767218
789.05340698,0.10661588
789.29218106,0.10767218
789.53096526,0.10963980
789.76975956,0.10330198
790.00856397,0.10582883
790.24737848,0.11560481
790.48620309,0.11071682
790.72503780,0.12272968
790.96388260,0.12148697
791.20273749,0.12504941
791.44160247,0.11761386
791.68047754,0.11270516
791.91936269,0.10703011
792.15825792,0.10810713
792.39716323,0.10941197
792.63607861,0.10682299
792.87500406,0.10450327
793.11393958,0.11322295
793.35288517,0.10649161
793.59184082,0.11011618
793.83080653,0.10922557
794.06978230,0.11705464
794.30876813,0.12641639
794.54776401,0.12055494
794.78676993,0.11987145
795.02578591,0.12863255
795.26481193,0.12919177
795.50384798,0.12225331
795.74289408,0.13126296
795.98195022,0.13633735
796.22101638,0.14002406
796.46009258,0.14012762
796.69917880,0.14607191
796.93827505,0.14128748
797.17738132,0.14045901
797.41649761,0.13876064
797.65562392,0.14551270
797.89476024,0.13981694
798.13390657,0.13722796
798.37306290,0.14221951
798.61222925,0.13118011
798.85140559,0.13161506
799.09059194,0.12888110
799.32978828,0.12964743
799.56899462,0.11649542
799.80821094,0.12024426
800.04743726,0.11626759
800.28667356,0.10932913
800.52591985,0.11160743
800.76517611,0.11378217
801.00444236,0.11848376
801.24371857,0.11268444
801.48300476,0.11616403
801.72230092,0.11875301
801.96160705,0.11429997
802.20092314,0.12436592
802.44024919,0.12016141
802.67958519,0.12163195
802.91893116,0.12243972
803.15828707,0.12745198
803.39765294,0.12977170
803.63702875,0.14308941
803.87641450,0.13944413
804.11581020,0.14855733
804.35521584,0.15398383
804.59463141,0.15849901
804.83405692,0.15284468
805.07349235,0.15891325
805.31293772,0.16214430
805.55239300,0.15976244
805.79185821,0.16075660
806.03133334,0.16572744
806.27081839,0.16241355
806.51031335,0.16011454
806.74981822,0.16257924
806.98933300,0.16208216
807.22885768,0.15634498
807.46839227,0.15630356
807.70793675,0.16274494
807.94749114,0.15909966
808.18705542,0.15864400
808.42662959,0.16371840
808.66621364,0.15843688
808.90580759,0.16059091
809.14541141,0.16268280
809.38502512,0.14640330
809.62464871,0.14259233
809.86428217,0.13733152
810.10392550,0.12767981
810.34357870,0.11848376
810.58324177,0.11690966
810.82291470,0.11115177
811.06259749,0.10373693
811.30229015,0.10309487
811.54199265,0.09309105
811.78170501,0.08664967
812.02142722,0.08221734
812.26115928,0.07803355
812.50090118,0.07329054
812.74065292,0.06952099
812.98041450,0.06701486
813.22018592,0.07217210
813.45996717,0.05997283
813.69975825,0.05643111
813.93955916,0.05382142
814.17936989,0.04957549
814.41919045,0.04431469
814.65902083,0.04986546
814.89886102,0.04089724
815.13871102,0.04187069
815.37857084,0.03803900
815.61844047,0.03953026
815.85831990,0.03919887
816.09820913,0.03654775
816.33810817,0.03385521
816.57801700,0.03250894
816.81793562,0.03296461
817.05786404,0.03215684
817.29780225,0.02710316
817.53775024,0.02563262
817.77770801,0.02791092
818.01767557,0.02238086
818.25765290,0.02476272
818.49764001,0.02735170
818.73763689,0.02762095
818.97764354,0.02923648
819.21765996,0.03226040
819.45768614,0.02927790
819.69772209,0.02712387
819.93776779,0.03000281
820.17782324,0.02563262
820.41788845,0.02985783
820.65796341,0.02801448
820.89804812,0.02559119
821.13814257,0.02691675
821.37824677,0.03105912
821.61836070,0.03037563
821.85848437,0.03060346
822.09861777,0.03812185
822.33876090,0.04182927
822.57891376,0.04203639
822.81907635,0.04721435
823.05924866,0.05394569
823.29943069,0.06289320
823.53962243,0.07529959
823.77982389,0.09224187
824.02003506,0.09957385
824.26025594,0.11419641
824.50048652,0.13594383
824.74072681,0.15046282
824.98097680,0.16661805
825.22123648,0.17542058
825.46150586,0.19983983
825.70178493,0.20677829
825.94207369,0.21336465
826.18237214,0.22674450
826.42268027,0.24149132
826.66299808,0.24478450
826.90332557,0.25294496
827.14366273,0.24981748
827.38400957,0.26166464
827.62436608,0.26017339
827.86473225,0.26056692
828.10510809,0.25429123
828.34549359,0.25205435
828.58588874,0.25694235
828.82629356,0.26462644
829.06670802,0.26009055
829.30713214,0.26491640
829.54756590,0.25304852
829.78800931,0.24832623
830.02846236,0.25246859
830.26892505,0.24789128
830.50939738,0.24401816
830.74987934,0.22960273
830.99037093,0.22289210
831.23087215,0.21920539
831.47138299,0.21440025
831.71190346,0.20721324
831.95243355,0.20153820
832.19297325,0.19704373
832.43352257,0.19147225
832.67408150,0.18859330
832.91465003,0.19126513
833.15522818,0.17461282
833.39581592,0.17968722
833.63641327,0.17771959
833.87702022,0.16605883
834.11763676,0.15338319
834.35826289,0.15025570
834.59889861,0.14037616
834.83954392,0.12910893
835.08019881,0.12440734
835.32086328,0.11688894
835.56153733,0.11533556
835.80222095,0.10920486
836.04291415,0.10218354
836.28361692,0.09387810
836.52432926,0.08901082
836.76505116,0.08393642
837.00578262,0.08391571
837.24652364,0.07759860
837.48727421,0.07182000
837.72803434,0.06672489
837.96880402,0.06709770
838.20958325,0.06488154
838.45037202,0.06811258
838.69117033,0.06740838
838.93197819,0.06249968
839.17279558,0.05972429
839.41362250,0.07109509
839.65445896,0.07080512
839.89530494,0.07757789
840.13616045,0.07175786
840.37702548,0.07184071
840.61790003,0.07529959
840.85878410,0.08201022
841.09967768,0.07490606
841.34058078,0.07395332
841.58149338,0.07320769
841.82241549,0.07710152
842.06334710,0.07703938
842.30428821,0.07308342
842.54523883,0.07078441
842.78619893,0.07384976
843.02716853,0.07097082
843.26814762,0.06912746
843.50913619,0.06542004
843.75013425,0.06744980
843.99114179,0.06220971
844.23215881,0.06233398
844.47318530,0.05587189
844.71422127,0.06686987
844.95526670,0.05941361
845.19632161,0.05924792
845.43738597,0.05164668
845.67845980,0.05518840
845.91954309,0.05063180
846.16063584,0.04878844
846.40173803,0.04729719
846.64284968,0.05578904
846.88397078,0.04992759
847.12510132,0.05539552
847.36624130,0.05237159
847.60739073,0.05359359
847.84854959,0.05216447
848.08971788,0.05866799
848.33089561,0.05684535
848.57208276,0.05976571
848.81327934,0.06585499
849.05448534,0.06376310
849.29570076,0.06815401
849.53692560,0.07695653
849.77815986,0.08008402
850.01940353,0.09077133
850.26065660,0.09625996
850.50191908,0.10611879
850.74319097,0.10669872
850.98447225,0.11900155
851.22576294,0.12716201
851.46706301,0.13559173
851.70837248,0.13960982
851.94969135,0.15046282
852.19101959,0.15342461
852.43235722,0.16326273
852.67370424,0.16552032
852.91506063,0.16597598
853.15642640,0.17525488
853.39780154,0.17007693
853.63918605,0.17409502
853.88057992,0.17173387
854.12198317,0.17600051
854.36339577,0.17612478
854.60481773,0.17165103
854.84624905,0.17577268
855.08768973,0.17564841
855.32913975,0.17531702
855.57059912,0.17235523
855.81206784,0.18146843
856.05354590,0.16910347
856.29503330,0.16612097
856.53653004,0.15833332
856.77803611,0.16479541
857.01955151,0.15802264
857.26107624,0.18805480
857.50261030,0.15617929
857.74415367,0.15379743
857.98570637,0.14070755
858.22726839,0.14621690
858.46883972,0.13550888
858.71042037,0.13265065
858.95201032,0.12714130
859.19360958,0.12252256
859.43521814,0.11618474
859.67683601,0.11013689
859.91846317,0.11978860
860.16009963,0.09729555
860.40174538,0.09286322
860.64340042,0.08370859
860.88506474,0.08279727
861.12673835,0.08027043
861.36842125,0.07619020
861.61011342,0.07882060
861.85181487,0.08236232
862.09352559,0.08391571
862.33524558,0.08569693
862.57697484,0.08074680
862.81871336,0.08486845
863.06046114,0.09358813
863.30221819,0.09002570
863.54398449,0.09534864
863.78576004,0.09284251
864.02754485,0.09079204
864.26933890,0.09091631
864.51114220,0.09068848
864.75295474,0.09035709
864.99477653,0.09944958
865.23660755,0.09017068
865.47844780,0.08633899
865.72029728,0.08513771
865.96215600,0.08741601
866.20402394,0.09075061
866.44590110,0.08996356
866.68778748,0.08060182
866.92968308,0.08062253
867.17158790,0.07989761
867.41350193,0.07993904
867.65542516,0.08259015
867.89735761,0.08116104
868.13929926,0.08385357
868.38125011,0.08285941
868.62321015,0.08163741
868.86517940,0.08768526
869.10715783,0.08227948
869.34914546,0.08151314
869.59114227,0.08180310
869.83314827,0.07699796
870.07516344,0.07712223
870.31718780,0.07542386
870.55922133,0.08101605
870.80126404,0.07861348
871.04331592,0.07581738
871.28537696,0.07399474
871.52744717,0.07225495
871.76952655,0.06952099
872.01161508,0.07604521
872.25371277,0.07281417
872.49581961,0.07409830
872.73793560,0.07451254
872.98006075,0.07345624
873.22219503,0.07484393
873.46433846,0.07554813
873.70649103,0.07753647
873.94865274,0.06846468
874.19082358,0.07221353
874.43300356,0.06846468
874.67519266,0.06720126
874.91739089,0.06011782
875.15959824,0.06351456
875.40181471,0.05471203
875.64404031,0.06042849
875.88627501,0.05817090
876.12851883,0.05624470
876.37077176,0.05682463
876.61303379,0.05349003
876.85530493,0.05278583
877.09758517,0.04495676
877.33987451,0.04812567
877.58217294,0.05189522
877.82448047,0.05114959
878.06679709,0.05699033
878.30912279,0.05272369
878.55145758,0.05972429
878.79380145,0.06179547
879.03615440,0.06204402
879.27851643,0.06546147
879.52088753,0.06925173
879.76326770,0.06910675
880.00565694,0.07623162
880.24805524,0.07672870
880.49046260,0.08356361
880.73287903,0.08027043
880.97530451,0.08230019
881.21773905,0.08420568
881.46018264,0.08234161
881.70263527,0.09215902
881.94509695,0.08449564
882.18756768,0.08379144
882.43004744,0.08793380
882.67253625,0.08851374
882.91503409,0.08513771
883.15754095,0.08406069
883.40005685,0.07828209
883.64258178,0.08130602
883.88511573,0.07548599
884.12765869,0.07629376
884.37021068,0.07509247
884.61277168,0.07658372
884.85534170,0.06471584
885.09792072,0.06440516
885.34050876,0.06303818
885.58310579,0.06863038
885.82571183,0.06167120
886.06832686,0.05638969
886.31095090,0.05920650
886.55358392,0.05578904
886.79622594,0.05475345
887.03887694,0.05052824
887.28153693,0.05340718
887.52420589,0.05570620
887.76688384,0.05380071
888.00957077,0.05085963
888.25226667,0.04601306
888.49497154,0.04777356
888.73768537,0.04543313
888.98040818,0.04365191
889.22313994,0.03897104
889.46588067,0.04419042
889.70863035,0.03830826
889.95138899,0.03482867
890.19415657,0.03627850
890.43693311,0.03207400
890.67971859,0.03045847
890.92251302,0.02855299
891.16531639,0.02815946
891.40812869,0.02571546
891.65094993,0.02536336
891.89378010,0.02884295
892.13661920,0.02451418
892.37946723,0.02716529
892.62232418,0.02652323
892.86519005,0.02975427
893.10806484,0.02869797
893.35094854,0.03584355
893.59384116,0.03244681
893.83674269,0.03824612
894.07965312,0.04066941
894.32257246,0.04276130
894.56550070,0.04350693
894.80843784,0.05224732
895.05138388,0.04957549
895.29433881,0.05330362
895.53730263,0.04924410
895.78027533,0.05257871
896.02325692,0.04914055
896.26624740,0.04882987
896.50924675,0.05578904
896.75225498,0.05711460
896.99527208,0.05469132
897.23829806,0.05786023
897.48133290,0.05688677
897.72437661,0.05806734
897.96742918,0.05624470
898.21049061,0.05800521
898.45356090,0.05889582
898.69664005,0.06017995
898.93972804,0.05643111
899.18282488,0.06138124
899.42593057,0.06044921
899.66904511,0.05920650
899.91216848,0.06084273
900.15530069,0.05452562
900.39844174,0.05920650
900.64159162,0.05409067
900.88475033,0.05960002
901.12791786,0.06531649
901.37109422,0.06162978
901.61427940,0.06252039
901.85747340,0.06243754
902.10067621,0.06622781
902.34388784,0.07329054
902.58710827,0.07347695
902.83033752,0.06390808
903.07357557,0.07221353
903.31682242,0.06796760
903.56007807,0.07215139
903.80334251,0.07082583
904.04661575,0.07279346
904.28989778,0.07979406
904.53318860,0.08296297
904.77648820,0.08136815
905.01979659,0.08629757
905.26311375,0.08814092
905.50643969,0.08584191
905.74977441,0.08785096
905.99311789,0.09263539
906.23647015,0.09636352
906.47983117,0.09228329
906.72320095,0.09298749
906.96657950,0.09242827
907.20996680,0.08884513
907.45336285,0.09493440
907.69676766,0.09389881
907.94018122,0.09485156
908.18360352,0.09253183
908.42703457,0.09263539
908.67047435,0.08244517
908.91392288,0.08401927
909.15738014,0.08271442
909.40084613,0.07944195
909.64432085,0.08540696
909.88780430,0.08033256
910.13129648,0.08049826
910.37479737,0.08267300
910.61830699,0.08596618
910.86182531,0.08461991
911.10535236,0.07946267
911.34888811,0.08149243
911.59243257,0.07455396
911.83598573,0.07403617
912.07954760,0.07103295
912.32311816,0.07341481
912.56669743,0.07954551
912.81028538,0.07397403
913.05388203,0.07188214
913.29748736,0.08002189
913.54110138,0.07668728
913.78472408,0.07971121
914.02835547,0.07484393
914.27199552,0.08035327
914.51564426,0.07422257
914.75930166,0.07759860
915.00296774,0.07933840
915.24664247,0.08151314
915.49032588,0.07888273
915.73401794,0.07838565
915.97771866,0.07782643
916.22142803,0.08288012
916.46514606,0.08428852
916.70887274,0.08445422
916.95260806,0.07281417
917.19635202,0.08263158
917.44010463,0.07664586
917.68386588,0.08317008
917.92763576,0.08561408
918.17141427,0.09572145
918.41520141,0.10135507
918.65899718,0.09673633
918.90280158,0.10653303
919.14661459,0.10796215
919.39043623,0.11867016
919.63426648,0.12001643
919.87810534,0.13140794
920.12195281,0.13308560
920.36580890,0.12919177
920.60967358,0.12780408
920.85354687,0.12428307
921.09742876,0.11891870
921.34131924,0.11690966
921.58521832,0.11581193
921.82912599,0.10628449
922.07304225,0.10783787
922.31696709,0.10323985
922.56090052,0.10485537
922.80484252,0.10027806
923.04879310,0.10514534
923.29275226,0.10332270
923.53671999,0.10083728
923.78069629,0.08836875
924.02468115,0.09302892
924.26867458,0.08443351
924.51267656,0.08308724
924.75668711,0.08230019
925.00070621,0.07867562
925.24473386,0.07500962
925.48877006,0.06979024
925.73281481,0.06718055
925.97686810,0.05891653
926.22092994,0.05817090
926.46500031,0.05125315
926.70907921,0.04651014
926.95316665,0.04466679
927.19726262,0.04468750
927.44136712,0.04156002
927.68548014,0.03296461
927.92960168,0.03466298
928.17373175,0.02710316
928.41787032,0.02826302
928.66201741,0.02751739
928.90617302,0.02277438
929.15033713,0.02302293
929.39450974,0.01981259
929.63869086,0.02157310
929.88288047,0.02323004
930.12707859,0.02138669
930.37128520,0.02780736
930.61550029,0.01883914
930.85972388,0.02227730
931.10395595,0.02049608
931.34819651,0.01987473
931.59244554,0.02244299
931.83670306,0.01975046
932.08096904,0.02590187
932.32524350,0.02695817
932.56952643,0.02989925
932.81381782,0.03549145
933.05811768,0.03122481
933.30242600,0.04168429
933.54674278,0.03712768
933.79106801,0.04240920
934.03540169,0.03859822
934.27974382,0.04100080
934.52409440,0.04537099
934.76845343,0.04733862
935.01282089,0.04791855
935.25719680,0.05326220
935.50158114,0.05924792
935.74597391,0.05734243
935.99037511,0.05661752
936.23478474,0.05667965
936.47920279,0.05334505
936.72362927,0.06330744
936.96806417,0.05098390
937.21250748,0.05452562
937.45695920,0.05411138
937.70141934,0.05156383
937.94588788,0.04756645
938.19036483,0.04928553
938.43485019,0.05661752
938.67934394,0.05017614
938.92384608,0.04845705
939.16835663,0.04632374
939.41287556,0.04969976
939.65740288,0.05191593
939.90193859,0.04180856
940.14648268,0.04543313
940.39103515,0.04222279
940.63559600,0.04593021
940.88016523,0.04220208
941.12474282,0.04675868
941.36932879,0.04431469
941.61392312,0.04574381
941.85852581,0.04416971
942.10313687,0.04259561
942.34775628,0.04071083
942.59238405,0.03735551
942.83702017,0.03820470
943.08166464,0.04385903
943.32631746,0.04858133
943.57097862,0.04392116
943.81564813,0.04487391
944.06032597,0.04408686
944.30501215,0.04044158
944.54970666,0.04369333
944.79440950,0.04176713
945.03912067,0.04195354
945.28384016,0.04800139
945.52856798,0.04095937
945.77330412,0.04390045
946.01804857,0.03692056
946.26280133,0.03756263
946.50756241,0.04054514
946.75233179,0.04201568
946.99710948,0.03926100
947.24189548,0.04346550
947.48668977,0.04151859
947.73149236,0.04470821
947.97630324,0.04207781
948.22112242,0.04317554
948.46594988,0.04363120
948.71078563,0.03876392
948.95562966,0.04450110
949.20048198,0.03501508
949.44534257,0.03385521
949.69021144,0.03453870
949.93508857,0.03636135
950.17997398,0.03203257
950.42486766,0.02996139
950.66976959,0.03627850
950.91467979,0.03143193
951.15959825,0.03049990
951.40452496,0.02803519
951.64945993,0.02826302
951.89440314,0.03333742
952.13935461,0.02780736
952.38431431,0.02673034
952.62928226,0.02291937
952.87425845,0.02571546
953.11924287,0.02979570
953.36423553,0.02561191
953.60923642,0.02215303
953.85424553,0.02465916
954.09926287,0.02049608
954.34428843,0.02070320
954.58932222,0.02128313
954.83436421,0.02323004
955.07941443,0.01848704
955.32447285,0.01674724
955.56953948,0.01962619
955.81461432,0.01925337
956.05969736,0.01629158
956.30478860,0.01101006
956.54988803,0.01451036
956.79499567,0.01297769
957.04011149,0.01625016
957.28523550,0.01177640
957.53036770,0.01225277
957.77550808,0.01212850
958.02065664,0.01351620
958.26581338,0.01096864
958.51097830,0.01316409
958.75615139,0.01101006
959.00133264,0.01415826
959.24652207,0.01130003
959.49171965,0.01703721
959.73692540,0.01376474
959.98213931,0.01266701
960.22736137,0.01204566
960.47259159,0.01850775
960.71782995,0.04487391
960.96307647,0.01722361
961.20833112,0.02099317
961.45359392,0.02517696
961.69886486,0.02194591
961.94414394,0.02525980
962.18943115,0.02356143
962.43472648,0.02213232
962.68002995,0.02915363
962.92534154,0.02654394
963.17066126,0.02393425
963.41598909,0.02608828
963.66132504,0.02855299
963.90666911,0.02743455
964.15202128,0.02739312
964.39738157,0.03296461
964.64274996,0.03004424
964.88812645,0.03781117
965.13351104,0.03194973
965.37890374,0.03776975
965.62430452,0.03745907
965.86971340,0.03673416
966.11513036,0.04373476
966.36055542,0.04373476
966.60598855,0.04651014
966.85142977,0.04390045
967.09687907,0.04102151
967.34233644,0.04286486
967.58780188,0.04578523
967.83327539,0.04748360
968.07875697,0.04965834
968.32424661,0.05665894
968.56974432,0.05127386
968.81525008,0.05108746
969.06076390,0.05027970
969.30628577,0.05388355
969.55181570,0.05367644
969.79735367,0.05525054
970.04289968,0.04769072
970.28845374,0.04928553
970.53401583,0.04781499
970.77958597,0.05007258
971.02516413,0.04226422
971.27075033,0.04129076
971.51634455,0.03886748
971.76194680,0.04559882
972.00755708,0.04425255
972.25317537,0.04779428
972.49880168,0.04779428
972.74443600,0.04974119
972.99007834,0.05017614
973.23572868,0.05143956
973.48138703,0.05170881
973.72705338,0.05175024
973.97272774,0.05046610
974.21841009,0.05127386
974.46410043,0.05032112
974.70979877,0.04555740
974.95550510,0.04315483
975.20121941,0.04748360
975.44694171,0.04669655
975.69267199,0.04911983
975.93841024,0.05075607
976.18415647,0.05253729
976.42991068,0.05402854
976.67567285,0.05179166
976.92144299,0.04928553
977.16722110,0.05305508
977.41300717,0.05786023
977.65880119,0.05535409
977.90460317,0.05069393
978.15041311,0.05916507
978.39623099,0.05560264
978.64205683,0.05419423
978.88789061,0.05520911
979.13373233,0.04986546
979.37958199,0.04381760
979.62543958,0.03897104
979.87130511,0.03897104
980.11717857,0.04462537
980.36305996,0.03888819
980.60894928,0.03795616
980.85484651,0.03557430
981.10075167,0.04062798
981.34666475,0.03412447
981.59258573,0.03395877
981.83851463,0.02909149
982.08445144,0.03476653
982.33039616,0.02731028
982.57634878,0.02517696
982.82230930,0.02343716
983.06827771,0.02496984
983.31425403,0.02254655
983.56023823,0.02146954
983.80623032,0.02265011
984.05223031,0.02113815
984.29823817,0.02088961
984.54425391,0.01848704
984.79027754,0.01593948
985.03630904,0.01881842
985.28234841,0.01869415
985.52839565,0.02559119
985.77445076,0.01997829
986.02051374,0.02207018
986.26658457,0.01871487
986.51266327,0.02625397
986.75874982,0.02639895
987.00484422,0.02387211
987.25094647,0.03052061
987.49705658,0.02938146
987.74317452,0.03083129
987.98930031,0.03416589
988.23543394,0.03371023
988.48157541,0.03472511
988.72772471,0.03781117
988.97388184,0.04000663
989.22004680,0.03348240
989.46621959,0.03783189
989.71240020,0.03333742
989.95858862,0.04102151
990.20478487,0.03449728
990.45098893,0.04543313
990.69720080,0.03685843
990.94342048,0.03940598
991.18964797,0.03404162
991.43588326,0.03660989
991.68212635,0.03638206
991.92837724,0.03955097
992.17463593,0.03571928
992.42090240,0.03750050
992.66717667,0.02989925
992.91345872,0.02965071
993.15974856,0.02323004
993.40604618,0.02548763
993.65235158,0.02167666
993.89866475,0.02296079
994.14498570,0.02163523
994.39131441,0.02161452
994.63765090,0.02167666
994.88399515,0.01917053
995.13034716,0.02165595
995.37670693,0.02327147
995.62307445,0.01649870
995.86944973,0.01500745
996.11583276,0.01583592
996.36222354,0.01888056
996.60862206,0.01701650
996.85502833,0.01751358
997.10144233,0.01654012
997.34786408,0.01237705
997.59429355,0.01571165
997.84073076,0.01573236
998.08717570,0.00792400
998.33362836,0.01337121
998.58008875,0.00947739
998.82655685,0.01335050
999.07303267,0.01875629
999.31951621,0.01291555
999.56600746,0.00879390
999.81250642,0.00964308
1000.05901309,0.00889746
1000.30552746,0.00918742
1000.55204953,0.00734407
1000.79857929,0.01337121
1001.04511676,0.01245989
1001.29166191,0.01550453
1001.53821476,0.00560428
1001.78477529,0.01210779
1002.03134351,0.01136217
1002.27791941,0.01297769
1002.52450299,0.01115505
1002.77109424,0.01113434
1003.01769317,0.00947739
1003.26429976,0.01117576
1003.51091403,0.01156928
1003.75753596,0.01049227
1004.00416555,0.00871105
1004.25080280,0.01606375
1004.49744771,0.01335050
1004.74410027,0.01036800
1004.99076048,0.00902173
1005.23742834,0.00831753
1005.48410384,0.01353691
1005.73078699,0.00904244
1005.97747778,0.01165213
1006.22417620,0.01138288
1006.47088226,0.01014017
1006.71759595,0.01156928
1006.96431727,0.01469677
1007.21104622,0.01380616
1007.45778279,0.01716148
1007.70452698,0.01038871
1007.95127879,0.01297769
1008.19803821,0.01639514
1008.44480524,0.01643656
1008.69157988,0.01790710
1008.93836213,0.01654012
1009.18515199,0.01279128
1009.43194944,0.01254274
1009.67875450,0.01293626
1009.92556715,0.01262559
1010.17238739,0.01546311
1010.41921522,0.01581521
1010.66605064,0.01473819
1010.91289364,0.01361975
1011.15974422,0.01227349
1011.40660239,0.01471748
1011.65346813,0.01225277
1011.90034144,0.02163523
1012.14722232,0.01745144
1012.39411078,0.01531813
1012.64100679,0.01753429
1012.88791037,0.01707863
1013.13482151,0.01467606
1013.38174020,0.01666439
1013.62866645,0.02240157
1013.87560025,0.02113815
1014.12254160,0.01554596
1014.36949049,0.01720290
1014.61644693,0.02296079
1014.86341091,0.01767927
1015.11038242,0.01509029
1015.35736147,0.01788639
1015.60434805,0.01370260
1015.85134216,0.01662297
1016.09834379,0.01465535
1016.34535295,0.01753429
1016.59236963,0.01867344
1016.83939383,0.01745144
1017.08642554,0.01825921
1017.33346476,0.01805209
1017.58051150,0.01629158
1017.82756574,0.01353691
1018.07462748,0.01428253
1018.32169673,0.01767927
1018.56877347,0.01378545
1018.81585771,0.01749287
1019.06294945,0.01245989
1019.31004867,0.00985020
1019.55715538,0.00730265
1019.80426957,0.01332979
1020.05139125,0.01511101
1020.29852041,0.01486246
1020.54565704,0.00962237
1020.79280114,0.00920813
1021.03995272,0.00548001
1021.28711177,0.01291555
1021.53427828,0.00951881
1021.78145225,0.01146572
1022.02863368,0.00885603
1022.27582257,0.00610136
1022.52301891,0.01519385
1022.77022270,0.00821397
1023.01743395,0.00798614
1023.26465263,0.00572855
1023.51187876,0.00218682
1023.75911234,0.00585282
1024.00635335,0.00724051
1024.25360179,0.00552143
1024.50085766,0.00463082
1024.74812097,0.00767546
1024.99539170,0.00338811
1025.24266985,0.00612207
1025.48995543,0.00347096
1025.73724842,0.00485865
1025.98454883,0.00622563
1026.23185665,0.00125479
1026.47917188,0.00355381
1026.72649452,0.00775831
1026.97382456,0.00773759
1027.22116200,0.00407160
1027.46850685,0.00328455
1027.71585908,0.00552143
1027.96321872,0.00442370
1028.21058574,0.00297387
1028.45796014,-0.01309851
1028.70534194,-0.01036455
1028.95273111,-0.01218719
1029.20012767,-0.01133800
1029.44753160,-0.01117231
1029.69494290,-0.01024027
