399.81288841,0.00594400
400.03045039,0.00642035
400.24802720,0.00797366
400.46561883,0.00345870
400.68322529,0.00082843
400.90084656,0.00169829
401.11848265,0.00455637
401.33613355,0.00260956
401.55379926,0.00242316
401.77147978,0.00700025
401.98917511,0.00668959
402.20688524,0.00258885
402.42461017,0.00430785
402.64234989,0.00329302
402.86010441,-0.00037279
403.07787372,0.00708309
403.29565782,0.00573689
403.51345670,0.00279596
403.73127037,0.00465993
403.94909882,0.00269240
404.16694205,0.00729020
404.38480005,0.00499130
404.60267282,0.00391434
404.82056036,0.00196753
405.03846267,0.00652390
405.25637974,0.00845000
405.47431157,0.00668959
405.69225816,0.00200895
405.91021951,0.00463922
406.12819561,0.00180184
406.34618645,0.00395576
406.56419205,0.00370723
406.78221239,0.00405932
407.00024747,0.00662745
407.21829729,0.00111838
407.43636184,0.00925773
407.65444113,0.00604755
407.87253515,0.00654461
408.09064390,0.00579902
408.30876737,0.00548836
408.52690556,0.00851214
408.74505847,0.00360368
408.96322610,0.00658603
409.18140844,0.00246458
409.39960550,0.00136691
409.61781726,0.00704167
409.83604372,0.00356226
410.05428489,0.00720736
410.27254076,0.00227819
410.49081133,0.00818076
410.70909659,0.00490846
410.92739654,0.00453566
411.14571118,0.00890564
411.36404051,0.00654461
411.58238452,0.00776655
411.80074321,0.00515699
412.01911658,0.00965123
412.23750462,0.00766299
412.45590734,0.00619253
412.67432472,0.00586115
412.89275677,0.00461851
413.11120349,0.00428713
413.32966486,0.00337586
413.54814090,0.00354155
413.76663159,0.00702096
413.98513693,0.00521912
414.20365692,0.00238174
414.42219156,0.00544694
414.64074084,0.00205037
414.85930477,0.00608897
415.07788333,0.00107696
415.29647653,0.00559191
415.51508437,0.00107696
415.73370683,0.00234032
415.95234392,0.00256814
416.17099564,0.00507414
416.38966198,0.00610968
416.60834294,0.00395576
416.82703851,0.00637892
417.04574870,0.00080772
417.26447350,0.00376936
417.48321291,0.00735233
417.70196692,0.00192610
417.92073554,0.00577831
418.13951875,0.00818076
418.35831657,0.00151189
418.57712898,0.00198824
418.79595598,0.00878138
419.01479757,0.00960981
419.23365374,0.00588187
419.45252450,0.00354155
419.67140984,0.00927844
419.89030975,0.00940270
420.10922425,0.00989976
420.32815331,0.00439069
420.54709694,0.00650319
420.76605514,0.00569547
420.98502791,0.00604755
421.20401523,0.00171900
421.42301712,0.00519841
421.64203356,0.00675172
421.86106455,0.00604755
422.08011009,0.00468064
422.29917018,0.00689669
422.51824482,0.00532267
422.73733399,0.00619253
422.95643771,0.00869853
423.17555596,0.00445282
423.39468875,0.00621324
423.61383606,0.00633750
423.83299790,0.00517770
424.05217427,0.00519841
424.27136516,0.00803579
424.49057057,0.00631679
424.70979050,0.00625466
424.92902494,0.00733162
425.14827390,0.00621324
425.36753736,0.00720736
425.58681532,0.00907133
425.80610779,0.00950625
426.02541476,0.00969265
426.24473623,0.00405932
426.46407219,0.00772513
426.68342265,0.00186397
426.90278759,0.00836716
427.12216702,0.00743518
427.34156093,0.00606826
427.56096933,0.01126667
427.78039220,0.01292354
427.99982955,0.00787010
428.21928137,0.00697954
428.43874766,0.00490846
428.65822841,0.00826361
428.87772363,0.01128738
429.09723331,0.00700025
429.31675745,0.00416287
429.53629605,0.00613040
429.75584910,0.00735233
429.97541660,0.00927844
430.19499854,0.00476348
430.41459494,0.00985834
430.63420577,0.00971336
430.85383104,0.00807721
431.07347075,0.00805650
431.29312489,0.01124596
431.51279347,0.00718665
431.73247647,0.00627537
431.95217390,0.00770442
432.17188574,0.00795295
432.39161201,0.00584044
432.61135270,0.00747660
432.83110780,0.00944412
433.05087731,0.01275785
433.27066123,0.00536410
433.49045956,0.00737304
433.71027229,0.00834645
433.93009942,0.01286140
434.14994095,0.00898848
434.36979687,0.00789081
434.58966718,0.00934057
434.80955189,0.00909204
435.02945098,0.01041753
435.24936445,0.01638224
435.46929230,0.00927844
435.68923454,0.00902991
435.90919115,0.01151520
436.12916213,0.01242648
436.34914748,0.01366912
436.56914720,0.01246790
436.78916128,0.01110099
437.00918972,0.01124596
437.22923252,0.00888493
437.44928968,0.01203297
437.66936119,0.01116312
437.88944706,0.01387623
438.10954727,0.01244719
438.32966182,0.01234363
438.54979072,0.01128738
438.76993395,0.01963383
438.99009153,0.01377268
439.21026343,0.01520172
439.43044967,0.01563665
439.65065024,0.01834976
439.87086513,0.01242648
440.09109434,0.01375197
440.31133788,0.01290282
440.53159573,0.01969597
440.75186789,0.01188800
440.97215437,0.01439400
441.19245516,0.01636153
441.41277025,0.01226079
441.63309964,0.01534670
441.85344334,0.01611300
442.07380133,0.01478751
442.29417362,0.01555381
442.51456020,0.01464253
442.73496107,0.01582305
442.95537623,0.01648579
443.17580567,0.01671361
443.39624939,0.01669290
443.61670739,0.01329633
443.83717967,0.01542954
444.05766622,0.01588518
444.27816704,0.01907464
444.49868212,0.01110099
444.71921147,0.01406263
444.93975509,0.01559523
445.16031296,0.01509817
445.38088508,0.01565736
445.60147147,0.01776986
445.82207210,0.01480822
446.04268698,0.01770773
446.26331610,0.02135283
446.48395947,0.01101814
446.70461707,0.01321349
446.92528892,0.01184657
447.14597499,0.01590589
447.36667530,0.01145307
447.58738984,0.01950957
447.80811860,0.01801839
448.02886158,0.01348273
448.24961879,0.01493248
448.47039021,0.01716925
448.69117585,0.02286472
448.91197570,0.01803910
449.13278975,0.00969265
449.35361802,0.01279927
449.57446049,0.01673432
449.79531715,0.01286140
450.01618802,0.01313064
450.23707308,0.01190871
450.45797234,0.01944744
450.67888578,0.01712783
450.89981341,0.01275785
451.12075522,0.01938530
451.34171122,0.01685859
451.56268139,0.02004805
451.78366574,0.01965454
452.00466426,0.01750062
452.22567696,0.01487035
452.44670382,0.01439400
452.66774484,0.01031398
452.88880003,0.02104217
453.10986938,0.01611300
453.33095288,0.01611300
453.55205053,0.01333775
453.77316234,0.01153591
453.99428830,0.01489106
454.21542840,0.01333775
454.43658264,0.01574020
454.65775102,0.01400050
454.87893354,0.01464253
455.10013019,0.01772844
455.32134098,0.02089719
455.54256589,0.02162207
455.76380493,0.01478751
455.98505809,0.01799768
456.20632537,0.02037942
456.42760677,0.01721067
456.64890229,0.01271643
456.87021191,0.01924033
457.09153565,0.01725209
457.31287349,0.01872256
457.53422544,0.02317538
457.75559149,0.02261619
457.97697163,0.01468395
458.19836587,0.02211913
458.41977420,0.02006876
458.64119663,0.02292685
458.86263313,0.01795626
459.08408373,0.02284401
459.30554840,0.02141496
459.52702716,0.02816668
459.74851999,0.01818408
459.97002689,0.02644768
460.19154786,0.02104217
460.41308290,0.02499793
460.63463201,0.01950957
460.85619518,0.01940601
461.07777241,0.01913677
461.29936369,0.01961312
461.52096903,0.02367244
461.74258841,0.02358959
461.96422185,0.02081435
462.18586933,0.02263690
462.40753086,0.02605418
462.62920642,0.02377599
462.85089602,0.02307183
463.07259966,0.02193273
463.29431733,0.02040013
463.51604902,0.02284401
463.73779475,0.02149780
463.95955449,0.02222268
464.18132826,0.02617844
464.40311604,0.02158065
464.62491784,0.02358959
464.84673365,0.02508077
465.06856347,0.02592991
465.29040730,0.02095932
465.51226513,0.02493580
465.73413696,0.02021374
465.95602279,0.02479082
466.17792261,0.02545357
466.39983643,0.02899511
466.62176424,0.02849805
466.84370603,0.02901582
467.06566181,0.02543286
467.28763157,0.02953359
467.50961531,0.02874658
467.73161303,0.02551570
467.95362472,0.02665479
468.17565038,0.03195676
468.39769001,0.02762820
468.61974360,0.02843592
468.84181116,0.02715185
469.06389267,0.03346864
469.28598814,0.02891227
469.50809757,0.03247453
469.73022094,0.03274377
469.95235827,0.02862232
470.17450954,0.02584707
470.39667475,0.02777318
470.61885390,0.02849805
470.84104699,0.02872587
471.06325402,0.03247453
471.28547498,0.02779389
471.50770986,0.03073482
471.72995867,0.02742109
471.95222141,0.02305111
472.17449806,0.02464585
472.39678864,0.02696545
472.61909313,0.02690332
472.84141153,0.02574352
473.06374384,0.03400712
473.28609005,0.02990639
473.50845017,0.02632342
473.73082420,0.02835308
473.95321212,0.02874658
474.17561393,0.03106619
474.39802964,0.02779389
474.62045924,0.03015492
474.84290273,0.02543286
475.06536010,0.03346864
475.28783136,0.03208102
475.51031649,0.03054842
475.73281550,0.02833237
475.95532838,0.02601276
476.17785513,0.02837379
476.40039575,0.02851876
476.62295024,0.02980283
476.84551859,0.03100406
477.06810080,0.02953359
477.29069686,0.03110761
477.51330678,0.02733825
477.73593055,0.03067269
477.95856817,0.02667550
478.18121963,0.03114903
478.40388494,0.02905724
478.62656409,0.02984425
478.84925707,0.02920222
479.07196389,0.02903653
479.29468455,0.02953359
479.51741903,0.03380002
479.74016733,0.02692403
479.96292946,0.02868445
480.18570542,0.03081766
480.40849519,0.02547428
480.63129877,0.02804242
480.85411617,0.02982354
481.07694738,0.02748322
481.29979239,0.02998923
481.52265121,0.02899511
481.74552383,0.02810455
481.96841025,0.02713114
482.19131046,0.03034131
482.41422447,0.02725541
482.63715227,0.03007207
482.86009385,0.02673764
483.08304922,0.02636484
483.30601837,0.02766962
483.52900130,0.02994781
483.75199801,0.02764891
483.97500849,0.02957501
484.19803274,0.03061055
484.42107076,0.02907796
484.64412255,0.03116975
484.86718810,0.03164609
485.09026741,0.02282330
485.31336047,0.02684119
485.53646729,0.02682048
485.75958786,0.02460442
485.98272218,0.02392097
486.20587024,0.02425234
486.42903205,0.02721398
486.65220760,0.02541214
486.87539689,0.03208102
487.09859991,0.02715185
487.32181666,0.02876729
487.54504715,0.03220529
487.76829136,0.02905724
487.99154929,0.03114903
488.21482094,0.02953359
488.43810631,0.02971999
488.66140540,0.03466987
488.88471820,0.03187391
489.10804471,0.03380002
489.33138493,0.03518764
489.55473885,0.03487698
489.77810647,0.03676166
490.00148780,0.03539475
490.22488281,0.03678237
490.44829153,0.03794218
490.67171393,0.03669953
490.89515002,0.03918482
491.11859979,0.04175296
491.34206325,0.04017894
491.56554038,0.03827355
491.78903120,0.03837710
492.01253568,0.03591252
492.23605384,0.03837710
492.45958567,0.04111093
492.68313116,0.04216718
492.90669031,0.03806644
493.13026312,0.03435921
493.35384960,0.03458703
493.57744972,0.03491840
493.80106350,0.03228813
494.02469092,0.03537404
494.24833200,0.03719659
494.47198671,0.03756938
494.69565507,0.03145970
494.91933706,0.03812857
495.14303269,0.03264021
495.36674195,0.02940933
495.59046484,0.03040345
495.81420136,0.03334438
496.03795150,0.03131472
496.26171526,0.02377599
496.48549264,0.03085908
496.70928364,0.03023776
496.93308825,0.02909867
497.15690647,0.03326154
497.38073830,0.03042416
497.60458373,0.03553972
497.82844276,0.04003397
498.05231539,0.03502195
498.27620162,0.03483556
498.50010144,0.03601607
498.72401485,0.03309585
498.94794185,0.03945406
499.17188244,0.03669953
499.39583661,0.03653384
499.61980435,0.03131472
499.84378568,0.03761080
500.06778058,0.03413139
500.29178904,0.03510480
500.51581108,0.03232955
500.73984668,0.03487698
500.96389585,0.03398641
501.18795858,0.03462845
501.41203486,0.03742441
501.63612470,0.03369646
501.86022809,0.03802502
502.08434503,0.03930909
502.30847551,0.03858421
502.53261954,0.03448347
502.75677711,0.03270234
502.98094822,0.03636816
503.20513286,0.03899843
503.42933104,0.03734156
503.65354274,0.03562257
503.87776797,0.03222600
504.10200673,0.03156325
504.32625901,0.03400712
504.55052480,0.02992710
504.77480411,0.02619915
504.99909694,0.02371386
505.22340327,0.02951288
505.44772312,0.02644768
505.67205646,0.02352746
505.89640331,0.02543286
506.12076366,0.02448016
506.34513750,0.02392097
506.56952484,0.02582636
506.79392567,0.02551570
507.01833999,0.02642697
507.24276779,0.02818739
507.46720907,0.02839450
507.69166384,0.02820810
507.91613208,0.02806313
508.14061380,0.02969928
508.36510898,0.02874658
508.58961764,0.02943004
508.81413976,0.03127330
509.03867534,0.03556043
509.26322439,0.03027918
509.48778689,0.02980283
509.71236285,0.03440063
509.93695226,0.03230884
510.16155512,0.03369646
510.38617142,0.03319940
510.61080117,0.03342722
510.83544436,0.03402784
511.06010099,0.03160467
511.28477105,0.04017894
511.50945454,0.03862563
511.73415147,0.03355149
511.95886182,0.03253666
512.18358560,0.02978212
512.40832280,0.02636484
512.63307341,0.03110761
512.85783745,0.02974070
513.08261489,0.02903653
513.30740575,0.03034131
513.53221001,0.03114903
513.75702768,0.03458703
513.98185875,0.02661337
514.20670322,0.02559854
514.43156109,0.02822881
514.65643235,0.02582636
514.88131700,0.02735896
515.10621504,0.03199818
515.33112647,0.02934720
515.55605128,0.03042416
515.78098946,0.03073482
516.00594103,0.03090051
516.23090597,0.02849805
516.45588428,0.03425565
516.68087596,0.02694474
516.90588100,0.02785602
517.13089941,0.02648911
517.35593118,0.02684119
517.58097631,0.02526717
517.80603479,0.02653053
518.03110663,0.02352746
518.25619181,0.02758678
518.48129034,0.02336178
518.70640222,0.02437661
518.93152743,0.02721398
519.15666598,0.02777318
519.38181787,0.02346533
519.60698310,0.02783531
519.83216165,0.02460442
520.05735353,0.01998592
520.28255873,0.02329964
520.50777726,0.02220197
520.73300910,0.02425234
520.95825426,0.02669621
521.18351273,0.02930577
521.40878452,0.02862232
521.63406961,0.02636484
521.85936801,0.02630271
522.08467971,0.02402452
522.31000471,0.02592991
522.53534300,0.02684119
522.76069459,0.03185320
522.98605947,0.02961644
523.21143764,0.03158396
523.43682910,0.03253666
523.66223383,0.03249524
523.88765185,0.03311656
524.11308315,0.03384144
524.33852772,0.03672024
524.56398556,0.03123188
524.78945667,0.03686521
525.01494104,0.03659597
525.24043868,0.03502195
525.46594959,0.04001325
525.69147374,0.04237429
525.91701116,0.03972330
526.14256182,0.03630602
526.36812574,0.03736227
526.59370290,0.04030321
526.81929331,0.03609891
527.04489696,0.03916411
527.27051384,0.03908127
527.49614396,0.03703090
527.72178732,0.03761080
527.94744390,0.03930909
528.17311372,0.03595394
528.39879675,0.04144230
528.62449301,0.04208433
528.85020249,0.04407257
529.07592518,0.04301632
529.30166109,0.04786265
529.52741021,0.04670284
529.75317254,0.04987159
529.97894807,0.04488029
530.20473680,0.05277110
530.43053874,0.04970591
530.65635387,0.06192528
530.88218219,0.05098998
531.10802371,0.05811449
531.33387841,0.05761743
531.55974630,0.05577417
531.78562738,0.05471792
532.01152163,0.05724464
532.23742906,0.05254329
532.46334967,0.05297821
532.68928344,0.05260542
532.91523039,0.05413802
533.14119051,0.05384807
533.36716378,0.05243973
533.59315022,0.05098998
533.81914982,0.05144561
534.04516257,0.06091045
534.27118847,0.05596057
534.49722752,0.05492503
534.72327973,0.05577417
534.94934507,0.05430370
535.17542356,0.05912932
535.40151518,0.05883937
535.62761994,0.05306106
535.85373784,0.05140419
536.07986886,0.05960567
536.30601301,0.05424157
536.53217029,0.05701682
536.75834069,0.05059647
536.98452420,0.05519427
537.21072084,0.05579488
537.43693059,0.05910861
537.66315345,0.05492503
537.88938941,0.05558777
538.11563848,0.05535995
538.34190066,0.06103471
538.56817593,0.05571204
538.79446431,0.05666473
539.02076577,0.05664402
539.24708033,0.05977135
539.47340798,0.06180101
539.69974871,0.06186314
539.92610252,0.06132466
540.15246942,0.06136608
540.37884939,0.06248447
540.60524244,0.06948472
540.83164856,0.06606743
541.05806775,0.07153508
541.28450001,0.07242565
541.51094533,0.07571866
541.73740371,0.07547014
541.96387515,0.07592577
542.19035965,0.06857344
542.41685719,0.07638141
542.64336779,0.07677492
542.86989144,0.08203546
543.09642813,0.06720653
543.32297786,0.07377185
543.54954063,0.06774501
543.77611643,0.07694060
544.00270527,0.06788998
544.22930714,0.07520089
544.45592204,0.06650236
544.68254996,0.07132798
544.90919091,0.06936045
545.13584487,0.07201143
545.36251185,0.07081021
545.58919184,0.07192859
545.81588485,0.06977467
546.04259086,0.06751719
546.26930988,0.06577748
546.49604191,0.06706155
546.72278693,0.06675089
546.94954495,0.06768288
547.17631596,0.06629525
547.40309997,0.07190788
547.62989696,0.07122442
547.85670694,0.07725126
548.08352991,0.08607406
548.31036585,0.07056168
548.53721477,0.07605004
548.76407667,0.08168337
548.99095154,0.07652639
549.21783938,0.07141082
549.44474018,0.07389611
549.67165395,0.07578080
549.89858069,0.07826609
550.12552038,0.07739624
550.35247302,0.07439317
550.57943862,0.07638141
550.80641717,0.07582222
551.03340866,0.07696131
551.26041310,0.07700273
551.48743048,0.08039930
551.71446081,0.08052357
551.94150406,0.08247038
552.16856025,0.08276033
552.39562937,0.08619833
552.62271142,0.07955016
552.84980640,0.08621904
553.07691429,0.08269820
553.30403511,0.08843509
553.53116884,0.09363350
553.75831549,0.09545605
553.98547505,0.09514539
554.21264752,0.09887333
554.43983289,0.09899760
554.66703116,0.10338829
554.89424234,0.10077873
555.12146641,0.10541794
555.34870338,0.10115152
555.57595324,0.10577003
555.80321599,0.10579074
556.03049162,0.10626709
556.25778014,0.10473449
556.48508154,0.10790324
556.71239582,0.10958081
556.93972297,0.10452738
557.16706300,0.09947395
557.39441589,0.09829343
557.62178165,0.10303620
557.84916028,0.10032309
558.07655177,0.10274625
558.30395611,0.10454809
558.53137331,0.10469307
558.75880337,0.10133792
558.98624627,0.10171071
559.21370202,0.10214564
559.44117062,0.09883191
559.66865206,0.10243559
559.89614634,0.10562505
560.12365345,0.09703007
560.35117340,0.10195924
560.57870618,0.09908044
560.80625179,0.09980532
561.03381022,0.09674012
561.26138148,0.10251843
561.48896555,0.09992958
561.71656244,0.09363350
561.94417215,0.09433767
562.17179467,0.09324000
562.39942999,0.09212161
562.62707812,0.09524894
562.85473906,0.09653301
563.08241279,0.09707149
563.31009933,0.09210090
563.53779866,0.09758926
563.76551078,0.09013338
563.99323568,0.09108607
564.22097338,0.09023693
564.44872386,0.09185237
564.67648712,0.09290862
564.90426316,0.08938779
565.13205197,0.09232872
565.35985356,0.09541463
565.58766792,0.09760997
565.81549504,0.09854196
566.04333493,0.10487946
566.27118758,0.09332284
566.49905298,0.09512468
566.72693115,0.09522823
566.95482207,0.09825201
567.18272573,0.09129318
567.41064215,0.09303289
567.63857131,0.09230801
567.86651321,0.09081683
568.09446785,0.08793803
568.32243523,0.09201806
568.55041534,0.08826941
568.77840819,0.09446193
569.00641376,0.08655041
569.23443206,0.08607406
569.46246308,0.08959490
569.69050682,0.08710960
569.91856327,0.08870433
570.14663244,0.09029906
570.37471433,0.08574269
570.60280892,0.09270152
570.83091622,0.09071328
571.05903622,0.09338497
571.28716892,0.08858007
571.51531432,0.09371634
571.74347241,0.09487615
571.97164320,0.09187308
572.19982667,0.09541463
572.42802284,0.09700936
572.65623168,0.09769282
572.88445321,0.10191782
573.11268742,0.09696794
573.34093430,0.09377848
573.56919385,0.09891475
573.79746608,0.10403032
574.02575097,0.10537652
574.25404853,0.10494160
574.48235874,0.10626709
574.71068162,0.11192113
574.93901715,0.10811035
575.16736534,0.11440643
575.39572618,0.11562837
575.62409966,0.11974981
575.85248579,0.11542126
576.08088456,0.12225582
576.30929597,0.12527960
576.53772002,0.12331207
576.76615671,0.12534173
576.99460602,0.12556955
577.22306796,0.12175876
577.45154253,0.12612874
577.68002972,0.12217298
577.90852953,0.11979124
578.13704196,0.11759589
578.36556700,0.12227653
578.59410465,0.12403695
578.82265492,0.12708143
579.05121779,0.12188303
579.27979326,0.11711954
579.50838133,0.11709883
579.73698201,0.11718168
579.96559527,0.11689172
580.19422113,0.11664319
580.42285958,0.11200398
580.65151062,0.10709552
580.88017424,0.10943584
581.10885044,0.11208682
581.33753922,0.11730594
581.56624057,0.10490017
581.79495450,0.10763400
582.02368100,0.10554221
582.25242007,0.10293265
582.48117170,0.10929086
582.70993589,0.10719907
582.93871264,0.10672272
583.16750195,0.10053020
583.39630381,0.10026096
583.62511822,0.10585287
583.85394518,0.10200066
584.08278469,0.10444454
584.31163674,0.10670201
584.54050133,0.10800679
584.76937845,0.11755447
584.99826811,0.11579405
585.22717030,0.11885925
585.45608502,0.12184160
585.68501226,0.12509320
585.91395203,0.12360202
586.14290432,0.13066440
586.37186912,0.12809626
586.60084644,0.12942175
586.82983628,0.13404026
587.05883862,0.13617347
587.28785347,0.13298401
587.51688082,0.13584210
587.74592067,0.13586281
587.97497302,0.13901085
588.20403787,0.14025350
588.43311520,0.14344296
588.66220503,0.14561760
588.89130735,0.14588684
589.12042215,0.14582470
589.34954943,0.15485461
589.57868919,0.14975975
589.80784142,0.15491674
590.03700613,0.14853782
590.26618331,0.15183083
590.49537296,0.14833071
590.72457507,0.14329799
590.95378964,0.14323585
591.18301667,0.15007042
591.41225616,0.14443708
591.64150811,0.14139259
591.87077250,0.14348438
592.10004934,0.14694309
592.32933863,0.14847569
592.55864036,0.14472703
592.78795453,0.14398144
593.01728114,0.14559689
593.24662018,0.14375362
593.47597165,0.13934223
593.70533555,0.13526220
593.93471188,0.14342225
594.16410063,0.14284235
594.39350180,0.14427139
594.62291539,0.13635987
594.85234140,0.13362605
595.08177981,0.13437163
595.31123064,0.12764063
595.54069387,0.13153426
595.77016951,0.13557286
595.99965755,0.13503438
596.22915798,0.13575926
596.45867081,0.13225913
596.68819604,0.13213487
596.91773365,0.12685362
597.14728365,0.12764063
597.37684603,0.12592163
597.60642080,0.12662580
597.83600795,0.13486869
598.06560747,0.12797200
598.29521936,0.12737139
598.52484363,0.13143070
598.75448026,0.13633916
598.98412926,0.13383315
599.21379062,0.13549002
599.44346434,0.14244884
599.67315042,0.14323585
599.90284885,0.14750228
600.13255963,0.15118880
600.36228276,0.15448182
600.59201824,0.16264187
600.82176606,0.16400878
601.05152622,0.16605915
601.28129871,0.16765388
601.51108354,0.17848563
601.74088070,0.17774004
601.97069019,0.18360119
602.20051201,0.17788501
602.43034615,0.18022533
602.66019261,0.17577251
602.89005139,0.17943832
603.11992249,0.18070168
603.34980589,0.18656284
603.57970161,0.18629360
603.80960963,0.18838539
604.03952996,0.19091210
604.26946259,0.20393919
604.49940751,0.20439483
604.72936474,0.20762571
604.95933425,0.20482976
605.18931606,0.20265512
605.41931015,0.21764974
605.64931653,0.22210256
605.87933519,0.22460857
606.10936612,0.23049043
606.33940934,0.23821556
606.56946483,0.25051777
606.79953259,0.24693480
607.02961261,0.24770110
607.25970490,0.25250601
607.48980946,0.25960981
607.71992627,0.26733493
607.95005534,0.27526717
608.18019667,0.28601607
608.41035024,0.28655455
608.64051607,0.29146301
608.87069414,0.29813189
609.10088445,0.29914672
609.33108700,0.30583630
609.56130179,0.29927098
609.79152882,0.30821804
610.02176808,0.31289868
610.25201956,0.31349930
610.48228328,0.31314721
610.71255921,0.32810041
610.94284737,0.33104134
611.17314775,0.32225996
611.40346034,0.31530113
611.63378514,0.31271229
611.86412215,0.29914672
612.09447137,0.29765554
612.32483280,0.29829757
612.55520642,0.29550162
612.78559225,0.27766962
613.01599027,0.26911606
613.24640048,0.26524314
613.47682288,0.25234032
613.70725747,0.24092867
613.93770425,0.23080109
614.16816321,0.22533344
614.39863434,0.22011432
614.62911766,0.21472952
614.85961314,0.20706652
615.09012080,0.20646591
615.32064063,0.20398061
615.55117262,0.20534753
615.78171677,0.19521995
616.01227308,0.20528539
616.24284156,0.20874410
616.47342218,0.21100157
616.70401496,0.21837462
616.93461988,0.20938613
617.16523695,0.21135366
617.39586617,0.20557535
617.62650752,0.20495402
617.85716101,0.19192693
618.08782664,0.19120205
618.31850440,0.18248281
618.54919429,0.18001823
618.77989630,0.16765388
619.01061044,0.16131638
619.24133670,0.14944909
619.47207508,0.14975975
619.70282557,0.14402286
619.93358818,0.14292519
620.16436289,0.13418524
620.39514972,0.13638058
620.62594864,0.12563168
620.85675967,0.12035043
621.08758280,0.11776158
621.31841802,0.10900091
621.54926534,0.10272554
621.78012475,0.09980532
622.01099624,0.09303289
622.24187982,0.09524894
622.47277549,0.09386132
622.70368323,0.09454478
622.93460305,0.09015409
623.16553494,0.08973987
623.39647890,0.08607406
623.62743493,0.09108607
623.85840303,0.08563914
624.08938319,0.08826941
624.32037541,0.09216304
624.55137968,0.09473117
624.78239602,0.08760666
625.01342440,0.08648828
625.24446483,0.08553558
625.47551731,0.08891144
625.70658183,0.08913926
625.93765839,0.09100323
626.16874699,0.09375777
626.39984763,0.08735813
626.63096029,0.09005053
626.86208499,0.08758595
627.09322171,0.08845580
627.32437046,0.09375777
627.55553123,0.09997100
627.78670401,0.09978461
628.01788882,0.11113412
628.24908563,0.11629111
628.48029446,0.11132052
628.71151529,0.11291525
628.94274813,0.11821721
629.17399296,0.12378842
629.40524980,0.12494822
629.63651863,0.13381244
629.86779946,0.13793389
630.09909228,0.14298732
630.33039709,0.15081601
630.56171388,0.15866540
630.79304265,0.16197912
631.02438340,0.16481650
631.25573613,0.16771601
631.48710084,0.16970425
631.71847751,0.17024273
631.94986615,0.18780548
632.18126676,0.18250352
632.41267933,0.18679066
632.64410387,0.18933808
632.87554035,0.19534421
633.10698880,0.19996272
633.33844919,0.19996272
633.56992154,0.20168172
633.80140583,0.20951040
634.03290207,0.21646922
634.26441024,0.21375611
634.49593035,0.22421506
634.72746240,0.22413222
634.95900638,0.23260293
635.19056229,0.24337255
635.42213013,0.25118052
635.65370989,0.25209179
635.88530158,0.26052108
636.11690518,0.27336178
636.34852069,0.28170823
636.58014812,0.28692735
636.81178746,0.29823544
637.04343871,0.30703753
637.27510187,0.29475603
637.50677692,0.29941596
637.73846387,0.29817331
637.97016272,0.28916411
638.20187347,0.29763483
638.43359610,0.29140088
638.66533062,0.30428299
638.89707703,0.30436584
639.12883532,0.29802833
639.36060549,0.29823544
639.59238754,0.29131876
639.82418146,0.29370335
640.05598725,0.28734581
640.28780491,0.29775726
640.51963444,0.30214728
640.75147583,0.29491051
640.98332908,0.29686809
641.21519419,0.29669520
641.44707115,0.28449385
641.67895997,0.27772454
641.91086063,0.27122037
642.14277314,0.27493874
642.37469750,0.27141653
642.60663369,0.26166463
642.83858172,0.26192713
643.07054159,0.26049198
643.30251329,0.25688602
643.53449683,0.25640601
643.76649218,0.24971265
643.99849937,0.23781111
644.23051837,0.23829525
644.46254919,0.23658000
644.69459183,0.24103908
644.92664628,0.23828054
645.15871254,0.23329066
645.39079061,0.22679757
645.62288049,0.23114107
645.85498217,0.22669811
646.08709564,0.22809827
646.31922091,0.21494270
646.55135798,0.21938803
646.78350684,0.22161878
647.01566748,0.22367342
647.24783991,0.21533857
647.48002413,0.21475284
647.71222012,0.21969168
647.94442789,0.23209525
648.17664744,0.22797002
648.40887875,0.22502552
648.64112184,0.21835381
648.87337669,0.21338909
649.10564331,0.20595346
649.33792168,0.21992074
649.57021181,0.21319183
649.80251370,0.20665107
650.03482734,0.20011132
650.26715273,0.20034622
650.49948987,0.19962177
650.73183875,0.20277212
650.96419937,0.19484176
651.19657173,0.20282617
651.42895582,0.20730243
651.66135165,0.21205310
651.89375921,0.20938373
652.12617849,0.21262658
652.35860950,0.21779208
652.59105224,0.21790495
652.82350669,0.21635523
653.05597285,0.22651642
653.28845073,0.22284390
653.52094032,0.22267255
653.75344162,0.21797104
653.98595462,0.21629731
654.21847933,0.21029911
654.45101573,0.21053242
654.68356383,0.21397234
654.91612363,0.21880171
655.14869511,0.20969439
655.38127829,0.21756139
655.61387315,0.20313420
655.84647969,0.20511206
656.07909792,0.20876892
656.31172782,0.20280700
656.54436939,0.19357847
656.77702264,0.19114696
657.00968756,0.19727215
657.24236414,0.20731957
657.47505238,0.20801832
657.70775229,0.20980131
657.94046385,0.20551414
658.17318707,0.20889595
658.40592195,0.20981637
658.63866847,0.21216612
658.87142663,0.21805651
659.10419645,0.21976283
659.33697790,0.21925821
659.56977099,0.23464995
659.80257572,0.23323821
660.03539208,0.23184995
660.26822007,0.22798718
660.50105969,0.22337345
660.73391093,0.23049590
660.96677380,0.22837627
661.19964828,0.23047484
661.43253438,0.22612685
661.66543209,0.21892087
661.89834142,0.21733388
662.13126235,0.21750894
662.36419489,0.22086299
662.59713903,0.23256248
662.83009477,0.21684950
663.06306210,0.21834778
663.29604103,0.22289211
663.52903155,0.23045890
663.76203367,0.22615807
663.99504736,0.22563261
664.22807264,0.22160607
664.46110950,0.22004304
664.69415794,0.22305448
664.92721795,0.22216727
665.16028953,0.21014666
665.39337269,0.21089345
665.62646740,0.20729891
665.85957369,0.21326147
666.09269153,0.20968587
666.32582093,0.19853422
666.55896189,0.19387233
666.79211440,0.19126419
667.02527846,0.18946235
667.25845406,0.18312484
667.49164121,0.17968685
667.72483991,0.18331124
667.95805014,0.18246210
668.19127190,0.17894126
668.42450520,0.17947974
668.65775003,0.17643526
668.89100639,0.17761577
669.12427427,0.17573109
669.35755368,0.18026676
669.59084460,0.17339077
669.82414704,0.18237926
670.05746099,0.18034960
670.29078646,0.18188220
670.52412343,0.18018391
670.75747191,0.18710132
670.99083189,0.19132632
671.22420337,0.18981443
671.45758635,0.19934140
671.69098082,0.20333858
671.92438678,0.20984177
672.15780424,0.21448099
672.39123317,0.21880954
672.62467360,0.22262033
672.85812550,0.22446359
673.09158888,0.22920636
673.32506373,0.20880623
673.55855006,0.21102228
673.79204785,0.20847486
674.02555712,0.21033883
674.25907784,0.20677657
674.49261003,0.21791898
674.72615367,0.20741861
674.95970878,0.22510563
675.19327533,0.21265844
675.42685333,0.21810538
675.66044278,0.21899594
675.89404368,0.22953774
676.12765601,0.22375942
676.36127979,0.23053185
676.59491500,0.22906139
676.82856165,0.23678651
677.06221972,0.22558197
677.29588922,0.22769447
677.52957015,0.22966200
677.76326250,0.22166763
677.99696627,0.21309336
678.23068146,0.20791567
678.46440806,0.20690084
678.69814607,0.20014912
678.93189549,0.19232044
679.16565631,0.19693894
679.39942854,0.18128158
679.63321217,0.19321100
679.86700720,0.19774667
680.10081361,0.19153343
680.33463143,0.19362522
680.56846063,0.18917240
680.80230121,0.18900671
681.03615318,0.19451578
681.27001653,0.18380830
681.50389126,0.18411896
681.73777736,0.18264850
681.97167484,0.17469555
682.20558368,0.17502692
682.43950390,0.17237594
682.67343547,0.16767459
682.90737841,0.16665976
683.14133270,0.16647337
683.37529836,0.16997349
683.60927536,0.16779886
683.84326371,0.16875155
684.07726341,0.17390854
684.31127446,0.16997349
684.54529685,0.17252092
684.77933057,0.17308011
685.01337564,0.18229641
685.24743203,0.18405683
685.48149976,0.20122608
685.71557881,0.20733576
685.94966919,0.21526800
686.18377090,0.22230967
686.41788392,0.22564411
686.65200826,0.22937205
686.88614391,0.22707315
687.12029088,0.22483638
687.35444915,0.22589264
687.58861873,0.22645183
687.82279961,0.22935134
688.05699179,0.22160550
688.29119527,0.22707315
688.52541004,0.22417364
688.75963611,0.22506420
688.99387346,0.22815011
689.22812210,0.23755281
689.46238203,0.24041090
689.69665323,0.24428382
689.93093571,0.25588187
690.16522947,0.25859498
690.39953450,0.25789081
690.63385080,0.27365173
690.86817837,0.27551570
691.10251720,0.28108690
691.33686730,0.28377931
691.57122865,0.28707232
691.80560125,0.28553972
692.03998511,0.27864303
692.27438023,0.27940933
692.50878658,0.27483224
692.74320419,0.27396239
692.97763303,0.27955430
693.21207312,0.28802502
693.44652444,0.28355149
693.68098699,0.28943335
693.91546077,0.29570872
694.14994579,0.30041007
694.38444203,0.29628863
694.61894949,0.30817662
694.85346817,0.30511142
695.08799806,0.31082760
695.32253918,0.29425897
695.55709150,0.31215309
695.79165503,0.31828349
696.02622977,0.31987822
696.26081571,0.32903239
696.49541285,0.32271560
696.73002119,0.33095850
696.96464072,0.34259796
697.19927145,0.33497639
697.43391336,0.33938779
697.66856647,0.33367161
697.90323075,0.32923950
698.13790622,0.31944329
698.37259286,0.32275702
698.60729068,0.32892884
698.84199967,0.33191119
699.07671984,0.34181095
699.31145117,0.35436169
699.54619366,0.35063375
699.78094731,0.35581145
700.01571213,0.36235606
700.25048810,0.37072322
700.48527522,0.38437163
700.72007349,0.38696048
700.95488292,0.39284235
701.18970348,0.40980449
701.42453519,0.41858587
701.65937804,0.42183746
701.89423202,0.45002485
702.12909714,0.46822964
702.36397339,0.47315881
702.59886077,0.48142242
702.83375927,0.47885428
703.06866889,0.46464667
703.30358964,0.45588601
703.53852150,0.45601027
703.77346448,0.44608980
704.00841857,0.41715682
704.24338376,0.41587275
704.47836007,0.39690167
704.71334748,0.38677409
704.94834598,0.38273548
705.18335559,0.38035374
705.41837629,0.37420263
705.65340808,0.37163450
705.88845096,0.37801342
706.12350493,0.38399884
706.35856998,0.38638058
706.59364612,0.38091293
706.82873333,0.37708143
707.06383161,0.39617679
707.29894097,0.40079529
707.53406141,0.41195841
707.76919290,0.41916577
708.00433546,0.43855107
708.23948909,0.44958993
708.47465377,0.44592412
708.70982951,0.45259299
708.94501630,0.45132963
709.18021414,0.43683208
709.41542303,0.44350095
709.65064297,0.42817496
709.88587395,0.41438158
710.12111597,0.39750228
710.35636902,0.38445448
710.59163311,0.37855190
710.82690823,0.37451330
711.06219437,0.36709883
711.29749155,0.35502444
711.53279974,0.35519013
711.76811896,0.36691243
712.00344920,0.37300141
712.23879044,0.38016734
712.47414270,0.37896612
712.70950597,0.38261122
712.94488025,0.38242482
713.18026553,0.39325657
713.41566181,0.38749896
713.65106908,0.38917654
713.88648736,0.38503438
714.12191662,0.39139259
714.35735688,0.37668793
714.59280812,0.37409908
714.82827034,0.36227322
715.06374355,0.34549747
715.29922774,0.33273962
715.53472290,0.32443460
715.77022903,0.31383067
716.00574614,0.31383067
716.24127421,0.31728937
716.47681324,0.32027173
716.71236324,0.33085494
716.94792420,0.34112750
717.18349611,0.33669539
717.41907898,0.34533179
717.65467280,0.34419269
717.89027757,0.34147958
718.12589328,0.33377516
718.36151993,0.32211499
718.59715752,0.30697540
718.83280605,0.30335101
719.06846552,0.29396902
719.30413591,0.29633005
719.53981724,0.30243973
719.77550949,0.31281584
720.01121266,0.32134869
720.24692676,0.33209759
720.48265177,0.34491757
720.71838769,0.35427885
720.95413453,0.34574600
721.18989228,0.36289454
721.42566093,0.36569050
721.66144049,0.36761660
721.89723095,0.35398890
722.13303231,0.35554221
722.36884456,0.34997100
722.60466770,0.34288791
722.84050173,0.33290531
723.07634666,0.32497308
723.31220246,0.31142822
723.54806915,0.31169746
723.78394671,0.29624720
724.01983515,0.28790075
724.25573447,0.27437661
724.49164465,0.26797697
724.72756571,0.26103885
724.96349762,0.25215392
725.19944040,0.25855356
725.43539404,0.25082843
725.67135854,0.24117720
725.90733388,0.23556458
726.14332008,0.23858835
726.37931713,0.23854693
726.61532503,0.23759423
726.85134376,0.23697291
727.08737334,0.24094938
727.32341375,0.23780134
727.55946500,0.23185734
727.79552708,0.23090465
728.03159998,0.23268578
728.26768372,0.22972413
728.50377827,0.24181924
728.73988365,0.24478088
728.97599985,0.23709718
729.21212686,0.23359705
729.44826468,0.24070085
729.68441331,0.23891972
729.92057275,0.23842267
730.15674299,0.24585784
730.39292403,0.25004142
730.62911587,0.24917157
730.86531851,0.24374534
731.10153194,0.23388700
731.33775616,0.22483638
731.57399117,0.21481236
731.81023696,0.19298318
732.04649353,0.18708061
732.28276088,0.17463342
732.51903901,0.16858587
732.75532791,0.16469224
732.99162758,0.15083672
733.22793802,0.14758512
733.46425923,0.14238671
733.70059119,0.13596637
733.93693392,0.13116146
734.17328740,0.12981526
734.40965164,0.12969099
734.64602662,0.12952531
734.88241236,0.13302543
735.11880884,0.14149615
735.35521607,0.13814100
735.59163403,0.14133046
735.82806273,0.14594897
736.06450217,0.15152017
736.30095234,0.15721564
736.53741323,0.16088145
736.77388486,0.17852705
737.01036720,0.17819568
737.24686027,0.18523735
737.48336406,0.19905145
737.71987856,0.21278270
737.95640377,0.22098418
738.19293969,0.22928921
738.42948632,0.24152929
738.66604365,0.25499130
738.90261169,0.25080772
739.13919042,0.26128738
739.37577985,0.26702427
739.61237997,0.25716593
739.84899078,0.26141165
740.08561228,0.26362770
740.32224446,0.25739375
740.55888732,0.24521581
740.79554087,0.23098749
741.03220509,0.23272720
741.26887998,0.22320023
741.50556555,0.21354900
741.74226178,0.20180598
741.97896868,0.19575843
742.21568624,0.19753956
742.45241446,0.18676994
742.68915333,0.18057742
742.92590286,0.17958330
743.16266304,0.17637313
743.39943387,0.17113329
743.63621535,0.17247950
743.87300747,0.16477508
744.10981023,0.15707067
744.34662363,0.15263856
744.58344766,0.15160302
744.82028232,0.15493745
745.05712761,0.15147875
745.29398353,0.14402286
745.53085007,0.13526220
745.76772724,0.13609063
746.00461502,0.13700191
746.24151341,0.12699859
746.47842242,0.13020876
746.71534204,0.12933891
746.95227227,0.13136857
747.18921310,0.13627703
747.42616453,0.14097838
747.66312656,0.15042250
747.90009918,0.14075056
748.13708240,0.15081601
748.37407621,0.15489603
748.61108061,0.15510314
748.84809559,0.15278353
749.08512115,0.14978047
749.32215730,0.14052274
749.55920401,0.14466490
749.79626131,0.15152017
750.03332917,0.14754370
750.27040760,0.15044321
750.50749660,0.15707067
750.74459616,0.15236931
750.98170628,0.15292851
751.21882695,0.16494077
751.45595818,0.15765057
751.69309997,0.15939027
751.93025230,0.15549664
752.16741517,0.14514125
752.40458859,0.14961478
752.64177256,0.14785436
752.87896705,0.15292851
753.11617209,0.15162373
753.35338765,0.15628366
753.59061374,0.15257642
753.82785037,0.16204126
754.06509751,0.16792312
754.30235518,0.17148538
754.53962336,0.18300058
754.77690206,0.19395659
755.01419127,0.20222020
755.25149099,0.21224422
755.48880122,0.21895452
755.72612195,0.22580979
755.96345319,0.22870930
756.20079492,0.23492254
756.43814715,0.23181592
756.67550987,0.24150857
756.91288309,0.24165355
757.15026679,0.23697291
757.38766097,0.22450501
757.62506564,0.22725955
757.86248079,0.22195758
758.09990641,0.21284483
758.33734251,0.20360782
758.57478908,0.19830586
758.81224612,0.20538895
759.04971362,0.18908955
759.28719159,0.19060144
759.52468001,0.17631099
759.76217889,0.17740867
759.99968823,0.17276945
760.23720802,0.15870682
760.47473826,0.14773010
760.71227894,0.14130975
760.94983007,0.13749896
761.18739164,0.12753707
761.42496364,0.12320852
761.66254608,0.12944247
761.90013895,0.12689504
762.13774226,0.13109933
762.37535598,0.12242151
762.61298014,0.11970839
762.85061471,0.12186231
763.08825970,0.13140999
763.32591511,0.13611134
763.56358093,0.14097838
763.80125716,0.14302875
764.03894380,0.15290780
764.27664084,0.15723635
764.51434829,0.15075387
764.75206613,0.15725706
764.98979437,0.15671858
765.22753300,0.15756772
765.46528203,0.16970425
765.70304144,0.17187888
765.94081124,0.17488195
766.17859142,0.17378428
766.41638197,0.16902079
766.65418291,0.16597631
766.89199422,0.17223097
767.12981590,0.15988733
767.36764795,0.16444371
767.60549036,0.15970094
767.84334314,0.15742275
768.08120628,0.15586944
768.31907977,0.15257642
768.55696362,0.15765057
768.79485782,0.15854113
769.03276238,0.15116809
769.27067727,0.15620081
769.50860251,0.15050534
769.74653809,0.15655290
769.98448401,0.16591417
770.22244027,0.16044652
770.46040685,0.16318035
770.69838377,0.15986662
770.93637101,0.16359457
771.17436858,0.16245547
771.41237647,0.16767459
771.65039468,0.17146467
771.88842320,0.17533759
772.12646204,0.17600033
772.36451118,0.17589678
772.60257064,0.17200315
772.84064039,0.16674261
773.07872045,0.16251760
773.31681081,0.15450253
773.55491147,0.15125093
773.79302242,0.15458537
774.03114366,0.15218292
774.26927519,0.15462679
774.50741700,0.14897274
774.74556910,0.14859995
774.98373147,0.14984260
775.22190413,0.14961478
775.46008705,0.14570044
775.69828025,0.14797863
775.93648372,0.15514456
776.17469745,0.15462679
776.41292145,0.16048795
776.65115570,0.15858255
776.88940022,0.16918648
777.12765499,0.16077790
777.36592001,0.16842018
777.60419528,0.16487863
777.84248079,0.16494077
778.08077655,0.16108856
778.31908256,0.16750891
778.55739879,0.15183083
778.79572527,0.15591086
779.03406198,0.15156159
779.27240891,0.14503769
779.51076608,0.13841024
779.74913346,0.14280093
779.98751107,0.14431282
780.22589890,0.15166515
780.46429695,0.13261122
780.70270520,0.13615276
780.94112367,0.12927678
781.17955235,0.13099577
781.41799123,0.12656366
781.65644031,0.12822053
781.89489959,0.12476183
782.13336907,0.12617016
782.37184874,0.12285643
782.61033861,0.12635656
782.84883866,0.13426808
783.08734890,0.12513462
783.32586931,0.13018805
783.56439991,0.13406097
783.80294069,0.12534173
784.04149164,0.12993952
784.28005276,0.13671195
784.51862406,0.13909370
784.75720551,0.13849308
784.99579713,0.14201392
785.23439891,0.14584541
785.47301085,0.14737801
785.71163295,0.15189297
785.95026519,0.15661503
786.18890759,0.15450253
786.42756013,0.15317704
786.66622282,0.15549664
786.90489564,0.15595228
787.14357861,0.14480987
787.38227171,0.14708806
787.62097494,0.13474443
787.85968831,0.13673267
788.09841180,0.12625300
788.33714541,0.12451330
788.57588915,0.11803082
788.81464301,0.11566979
789.05340698,0.10976721
789.29218106,0.10939442
789.53096526,0.11175545
789.76975956,0.10369895
790.00856397,0.10226990
790.24737848,0.11475851
790.48620309,0.10877309
790.72503780,0.12003976
790.96388260,0.11898351
791.20273749,0.11461354
791.44160247,0.11393008
791.68047754,0.11088559
791.91936269,0.11165189
792.15825792,0.10904233
792.39716323,0.11297738
792.63607861,0.11098915
792.87500406,0.10620495
793.11393958,0.11252175
793.35288517,0.10817248
793.59184082,0.11032640
793.83080653,0.10628780
794.06978230,0.11388866
794.30876813,0.12604590
794.54776401,0.11832077
794.78676993,0.11656035
795.02578591,0.12635656
795.26481193,0.12438903
795.50384798,0.12395410
795.74289408,0.12430619
795.98195022,0.12463756
796.22101638,0.13112004
796.46009258,0.12780631
796.69917880,0.13569713
796.93827505,0.12790987
797.17738132,0.12975313
797.41649761,0.13008450
797.65562392,0.13919725
797.89476024,0.13635987
798.13390657,0.13172065
798.37306290,0.13652556
798.61222925,0.12662580
798.85140559,0.12929749
799.09059194,0.12144810
799.32978828,0.12693646
799.56899462,0.11061635
799.80821094,0.11498633
800.04743726,0.11419932
800.28667356,0.11494491
800.52591985,0.11318449
800.76517611,0.11929418
801.00444236,0.11914920
801.24371857,0.11962555
801.48300476,0.11954271
801.72230092,0.11892138
801.96160705,0.12090962
802.20092314,0.12842764
802.44024919,0.13230056
802.67958519,0.13327396
802.91893116,0.13749896
803.15828707,0.13758181
803.39765294,0.13905227
803.63702875,0.14888990
803.87641450,0.14721233
804.11581020,0.15089885
804.35521584,0.15580731
804.59463141,0.16792312
804.83405692,0.16378096
805.07349235,0.16792312
805.31293772,0.16473366
805.55239300,0.16278684
805.79185821,0.16614199
806.03133334,0.16900008
806.27081839,0.16651479
806.51031335,0.16632839
806.74981822,0.16883440
806.98933300,0.16620413
807.22885768,0.15622152
807.46839227,0.15566233
807.70793675,0.15408831
807.94749114,0.15744346
808.18705542,0.15357054
808.42662959,0.15435755
808.66621364,0.15259713
808.90580759,0.14870350
809.14541141,0.14634247
809.38502512,0.13379173
809.62464871,0.13495154
809.86428217,0.13149283
810.10392550,0.12192445
810.34357870,0.11322591
810.58324177,0.11809295
810.82291470,0.10622566
811.06259749,0.09792064
811.30229015,0.10175213
811.54199265,0.09295005
811.78170501,0.08723387
812.02142722,0.08201475
812.26115928,0.07843178
812.50090118,0.07466241
812.74065292,0.06919476
812.98041450,0.06973324
813.22018592,0.07083092
813.45996717,0.05811449
813.69975825,0.05602270
813.93955916,0.05618839
814.17936989,0.05281253
814.41919045,0.04763483
814.65902083,0.05159059
814.89886102,0.04376191
815.13871102,0.04243642
815.37857084,0.03814928
815.61844047,0.03906056
815.85831990,0.04042747
816.09820913,0.03922624
816.33810817,0.03495982
816.57801700,0.03361362
816.81793562,0.03264021
817.05786404,0.03243310
817.29780225,0.02549499
817.53775024,0.02756607
817.77770801,0.02878800
818.01767557,0.02520504
818.25765290,0.02416950
818.49764001,0.02706901
818.73763689,0.02756607
818.97764354,0.02653053
819.21765996,0.03108690
819.45768614,0.02779389
819.69772209,0.02439732
819.93776779,0.02781460
820.17782324,0.02425234
820.41788845,0.02998923
820.65796341,0.02592991
820.89804812,0.02158065
821.13814257,0.02599205
821.37824677,0.02777318
821.61836070,0.02723469
821.85848437,0.02528788
822.09861777,0.03355149
822.33876090,0.03446276
822.57891376,0.03701019
822.81907635,0.03976473
823.05924866,0.04806975
823.29943069,0.05627123
823.53962243,0.06662663
823.77982389,0.08249109
824.02003506,0.08998840
824.26025594,0.10475520
824.50048652,0.12391268
824.74072681,0.13103720
824.98097680,0.14924198
825.22123648,0.16266258
825.46150586,0.18614862
825.70178493,0.18830254
825.94207369,0.19940353
826.18237214,0.21435672
826.42268027,0.22233038
826.66299808,0.22618259
826.90332557,0.24161213
827.14366273,0.23722144
827.38400957,0.25082843
827.62436608,0.25505343
827.86473225,0.25594400
828.10510809,0.26424903
828.34549359,0.26310993
828.58588874,0.26613371
828.82629356,0.28489769
829.06670802,0.27812526
829.30713214,0.27771104
829.54756590,0.26412476
829.78800931,0.25936128
830.02846236,0.26021042
830.26892505,0.25712451
830.50939738,0.24707978
830.74987934,0.24834314
830.99037093,0.23575097
831.23087215,0.22800514
831.47138299,0.21988650
831.71190346,0.21344545
831.95243355,0.20478834
832.19297325,0.19731174
832.43352257,0.19053931
832.67408150,0.18320769
832.91465003,0.18005965
833.15522818,0.16989065
833.39581592,0.17600033
833.63641327,0.16450584
833.87702022,0.15630437
834.11763676,0.14454063
834.35826289,0.14617679
834.59889861,0.13981857
834.83954392,0.12909038
835.08019881,0.12689504
835.32086328,0.11705741
835.56153733,0.11446856
835.80222095,0.10757187
836.04291415,0.10516941
836.28361692,0.09406843
836.52432926,0.09259796
836.76505116,0.08524563
837.00578262,0.08760666
837.24652364,0.08052357
837.48727421,0.07901168
837.72803434,0.06917405
837.96880402,0.07114158
838.20958325,0.06768288
838.45037202,0.07052026
838.69117033,0.06967111
838.93197819,0.06911192
839.17279558,0.06728937
839.41362250,0.07573938
839.65445896,0.07799685
839.89530494,0.08263607
840.13616045,0.08211830
840.37702548,0.08590838
840.61790003,0.08462431
840.85878410,0.09002982
841.09967768,0.08039930
841.34058078,0.08404440
841.58149338,0.08474857
841.82241549,0.08429293
842.06334710,0.08002651
842.30428821,0.08365090
842.54523883,0.08630188
842.78619893,0.08648828
843.02716853,0.07878386
843.26814762,0.07915666
843.50913619,0.07911523
843.75013425,0.07963300
843.99114179,0.07159722
844.23215881,0.07157651
844.47318530,0.06799354
844.71422127,0.07865960
844.95526670,0.07025101
845.19632161,0.06991964
845.43738597,0.06486621
845.67845980,0.06948472
845.91954309,0.06184243
846.16063584,0.05614696
846.40173803,0.05639549
846.64284968,0.06668876
846.88397078,0.05705824
847.12510132,0.06091045
847.36624130,0.06153177
847.60739073,0.06385138
847.84854959,0.06465910
848.08971788,0.06755861
848.33089561,0.06666805
848.57208276,0.06780714
848.81327934,0.07116229
849.05448534,0.07283986
849.29570076,0.07190788
849.53692560,0.08184906
849.77815986,0.08572198
850.01940353,0.09607738
850.26065660,0.09676083
850.50191908,0.10440311
850.74319097,0.11208682
850.98447225,0.12209013
851.22576294,0.12353989
851.46706301,0.12958744
851.70837248,0.13990142
851.94969135,0.14944909
852.19101959,0.15470963
852.43235722,0.17007704
852.67370424,0.17065695
852.91506063,0.17554469
853.15642640,0.17960401
853.39780154,0.18095021
853.63918605,0.18092950
853.88057992,0.18561014
854.12198317,0.19053931
854.36339577,0.19310745
854.60481773,0.18478171
854.84624905,0.18809544
855.08768973,0.18681137
855.32913975,0.18167509
855.57059912,0.18643857
855.81206784,0.19515782
856.05354590,0.18904813
856.29503330,0.18923453
856.53653004,0.18349764
856.77803611,0.19103637
857.01955151,0.18561014
857.26107624,0.21595145
857.50261030,0.17728440
857.74415367,0.17421920
857.98570637,0.16924861
858.22726839,0.16852373
858.46883972,0.15292851
858.71042037,0.14166183
858.95201032,0.13990142
859.19360958,0.13480656
859.43521814,0.12594234
859.67683601,0.11803082
859.91846317,0.12076464
860.16009963,0.10235275
860.40174538,0.10276696
860.64340042,0.09806561
860.88506474,0.09168669
861.12673835,0.08973987
861.36842125,0.08731671
861.61011342,0.08928423
861.85181487,0.08820727
862.09352559,0.08594980
862.33524558,0.08423080
862.57697484,0.08228399
862.81871336,0.08599122
863.06046114,0.08901499
863.30221819,0.08497639
863.54398449,0.09723718
863.78576004,0.09748571
864.02754485,0.09261867
864.26933890,0.09083754
864.51114220,0.08623975
864.75295474,0.09255654
864.99477653,0.10171071
865.23660755,0.09460691
865.47844780,0.08669539
865.72029728,0.08470715
865.96215600,0.08918068
866.20402394,0.09121034
866.44590110,0.08874575
866.68778748,0.07946732
866.92968308,0.07975727
867.17158790,0.07934305
867.41350193,0.07921879
867.65542516,0.08458288
867.89735761,0.08611548
868.13929926,0.08356806
868.38125011,0.08050286
868.62321015,0.08108276
868.86517940,0.08518350
869.10715783,0.07673349
869.34914546,0.08104134
869.59114227,0.07785188
869.83314827,0.07712700
870.07516344,0.07853533
870.31718780,0.07317124
870.55922133,0.08151769
870.80126404,0.07901168
871.04331592,0.07402038
871.28537696,0.07223925
871.52744717,0.06981609
871.76952655,0.07047883
872.01161508,0.07362687
872.25371277,0.07375114
872.49581961,0.07041670
872.73793560,0.07344048
872.98006075,0.07522161
873.22219503,0.07706487
873.46433846,0.07099660
873.70649103,0.07306768
873.94865274,0.06766217
874.19082358,0.07265347
874.43300356,0.06712368
874.67519266,0.07025101
874.91739089,0.06269157
875.15959824,0.06066192
875.40181471,0.05488361
875.64404031,0.06109684
875.88627501,0.05544280
876.12851883,0.05579488
876.37077176,0.05188054
876.61303379,0.04543948
876.85530493,0.04941596
877.09758517,0.04666142
877.33987451,0.04372049
877.58217294,0.04862895
877.82448047,0.04829757
878.06679709,0.05796951
878.30912279,0.05397233
878.55145758,0.05645763
878.79380145,0.06250518
879.03615440,0.06339574
879.27851643,0.07039599
879.52088753,0.07058239
879.76326770,0.06944329
880.00565694,0.08164195
880.24805524,0.08325739
880.49046260,0.08971916
880.73287903,0.08735813
880.97530451,0.08847651
881.21773905,0.08472786
881.46018264,0.08493497
881.70263527,0.09143816
881.94509695,0.08342308
882.18756768,0.08327810
882.43004744,0.08050286
882.67253625,0.08611548
882.91503409,0.08166266
883.15754095,0.07894955
883.40005685,0.07008533
883.64258178,0.07281915
883.88511573,0.07020959
884.12765869,0.07056168
884.37021068,0.06594317
884.61277168,0.06871842
884.85534170,0.06532185
885.09792072,0.06093116
885.34050876,0.05915003
885.58310579,0.06213238
885.82571183,0.06153177
886.06832686,0.05709966
886.31095090,0.05830089
886.55358392,0.05562919
886.79622594,0.05074145
887.03887694,0.04790407
887.28153693,0.04782122
887.52420589,0.05084500
887.76688384,0.05117637
888.00957077,0.04958164
888.25226667,0.04297490
888.49497154,0.04755198
888.73768537,0.04556375
888.98040818,0.04311987
889.22313994,0.03889487
889.46588067,0.04411399
889.70863035,0.03580896
889.95138899,0.03342722
890.19415657,0.03261950
890.43693311,0.03096264
890.67971859,0.02824952
890.92251302,0.02628200
891.16531639,0.02532930
891.40812869,0.02286472
891.65094993,0.02137354
891.89378010,0.02251263
892.13661920,0.01946815
892.37946723,0.02576423
892.62232418,0.02187060
892.86519005,0.02744180
893.10806484,0.02667550
893.35094854,0.03214315
893.59384116,0.02673764
893.83674269,0.03322011
894.07965312,0.03514622
894.32257246,0.03903985
894.56550070,0.03771436
894.80843784,0.04922956
895.05138388,0.04628863
895.29433881,0.05571204
895.53730263,0.04736559
895.78027533,0.05196338
896.02325692,0.04869108
896.26624740,0.04935382
896.50924675,0.05297821
896.75225498,0.05674758
896.99527208,0.05523569
897.23829806,0.05451081
897.48133290,0.05347527
897.72437661,0.05490432
897.96742918,0.05490432
898.21049061,0.05533924
898.45356090,0.05639549
898.69664005,0.06074476
898.93972804,0.05428299
899.18282488,0.05956424
899.42593057,0.06368569
899.66904511,0.05946069
899.91216848,0.05954353
900.15530069,0.05285395
900.39844174,0.05875652
900.64159162,0.05411731
900.88475033,0.05747245
901.12791786,0.06294010
901.37109422,0.06037197
901.61427940,0.05757601
901.85747340,0.06155248
902.10067621,0.06320934
902.34388784,0.06749648
902.58710827,0.06898766
902.83033752,0.06380996
903.07357557,0.06855273
903.31682242,0.06735150
903.56007807,0.07093447
903.80334251,0.07408251
904.04661575,0.07257062
904.28989778,0.07609146
904.53318860,0.08025433
904.77648820,0.07704416
905.01979659,0.08389943
905.26311375,0.08141413
905.50643969,0.08402369
905.74977441,0.08313313
905.99311789,0.08882860
906.23647015,0.08951205
906.47983117,0.08851794
906.72320095,0.08568056
906.96657950,0.09473117
907.20996680,0.08613619
907.45336285,0.09381990
907.69676766,0.08951205
907.94018122,0.09330213
908.18360352,0.09361279
908.42703457,0.09176953
908.67047435,0.08201475
908.91392288,0.08271891
909.15738014,0.08348521
909.40084613,0.07826609
909.64432085,0.08213901
909.88780430,0.08120703
910.13129648,0.07708558
910.37479737,0.07762406
910.61830699,0.07685776
910.86182531,0.07600862
911.10535236,0.07263276
911.34888811,0.07849391
911.59243257,0.06909121
911.83598573,0.06962969
912.07954760,0.06608815
912.32311816,0.06921548
912.56669743,0.07484881
912.81028538,0.06716511
913.05388203,0.06809709
913.29748736,0.07530445
913.54110138,0.07279844
913.78472408,0.07277773
914.02835547,0.07110016
914.27199552,0.07845249
914.51564426,0.07737553
914.75930166,0.07762406
915.00296774,0.07306768
915.24664247,0.08037859
915.49032588,0.07973656
915.73401794,0.08317455
915.97771866,0.08412725
916.22142803,0.08329882
916.46514606,0.09326071
916.70887274,0.09197664
916.95260806,0.08565985
917.19635202,0.09603595
917.44010463,0.09212161
917.68386588,0.09980532
917.92763576,0.09514539
918.17141427,0.11258388
918.41520141,0.11127910
918.65899718,0.11208682
918.90280158,0.11612542
919.14661459,0.11881783
919.39043623,0.12778560
919.63426648,0.13459945
919.87810534,0.13743683
920.12195281,0.13919725
920.36580890,0.13553144
920.60967358,0.12871759
920.85354687,0.12509320
921.09742876,0.12658438
921.34131924,0.12594234
921.58521832,0.12842764
921.82912599,0.12391268
922.07304225,0.12248364
922.31696709,0.11272885
922.56090052,0.11562837
922.80484252,0.11430287
923.04879310,0.10864883
923.29275226,0.10291194
923.53671999,0.09870765
923.78069629,0.08864220
924.02468115,0.09005053
924.26867458,0.08300886
924.51267656,0.07845249
924.75668711,0.07097589
925.00070621,0.07203214
925.24473386,0.06842846
925.48877006,0.06573606
925.73281481,0.06352001
925.97686810,0.05523569
926.22092994,0.05521498
926.46500031,0.05444868
926.70907921,0.04879463
926.95316665,0.04939524
927.19726262,0.04488029
927.44136712,0.04363764
927.68548014,0.03508409
927.92960168,0.03568470
928.17373175,0.03011350
928.41787032,0.02845663
928.66201741,0.02628200
928.90617302,0.02371386
929.15033713,0.02116643
929.39450974,0.02120785
929.63869086,0.02305111
929.88288047,0.02137354
930.12707859,0.02064866
930.37128520,0.02584707
930.61550029,0.01986165
930.85972388,0.02178776
931.10395595,0.01977881
931.34819651,0.01880540
931.59244554,0.02532930
931.83670306,0.02193273
932.08096904,0.02607489
932.32524350,0.02895369
932.56952643,0.02963715
932.81381782,0.03535333
933.05811768,0.03237097
933.30242600,0.04309916
933.54674278,0.03924696
933.79106801,0.04730345
934.03540169,0.04608152
934.27974382,0.04676497
934.52409440,0.05260542
934.76845343,0.05718250
935.01282089,0.05662331
935.25719680,0.06285726
935.50158114,0.06461768
935.74597391,0.06397564
935.99037511,0.06490763
936.23478474,0.06254660
936.47920279,0.06405849
936.72362927,0.07068594
936.96806417,0.05780383
937.21250748,0.05910861
937.45695920,0.05960567
937.70141934,0.05540138
937.94588788,0.05401375
938.19036483,0.05268826
938.43485019,0.05507000
938.67934394,0.04763483
938.92384608,0.04757269
939.16835663,0.04717919
939.41287556,0.04867037
939.65740288,0.05488361
939.90193859,0.04523238
940.14648268,0.05001657
940.39103515,0.04606081
940.63559600,0.05003728
940.88016523,0.04922956
941.12474282,0.05246044
941.36932879,0.05057576
941.61392312,0.05434512
941.85852581,0.05233618
942.10313687,0.05125922
942.34775628,0.05117637
942.59238405,0.04746914
942.83702017,0.04703421
943.08166464,0.05241902
943.32631746,0.05502858
943.57097862,0.05152846
943.81564813,0.05070002
944.06032597,0.05173556
944.30501215,0.04954022
944.54970666,0.05163201
944.79440950,0.04670284
945.03912067,0.04523238
945.28384016,0.04925027
945.52856798,0.04523238
945.77330412,0.04614365
946.01804857,0.04222931
946.26280133,0.04046889
946.50756241,0.04090382
946.75233179,0.04295419
946.99710948,0.04311987
947.24189548,0.04614365
947.48668977,0.04488029
947.73149236,0.04523238
947.97630324,0.04193936
948.22112242,0.04434181
948.46594988,0.04506669
948.71078563,0.03937122
948.95562966,0.04394831
949.20048198,0.03524977
949.44534257,0.03255737
949.69021144,0.03404855
949.93508857,0.03732085
950.17997398,0.03535333
950.42486766,0.02976141
950.66976959,0.03485627
950.91467979,0.03247453
951.15959825,0.03317869
951.40452496,0.03195676
951.64945993,0.03023776
951.89440314,0.03502195
952.13935461,0.03177036
952.38431431,0.02930577
952.62928226,0.02528788
952.87425845,0.02742109
953.11924287,0.02945075
953.36423553,0.02479082
953.60923642,0.02114572
953.85424553,0.02568139
954.09926287,0.02174633
954.34428843,0.02050369
954.58932222,0.01880540
954.83436421,0.02286472
955.07941443,0.01700356
955.32447285,0.01503604
955.56953948,0.01812195
955.81461432,0.01938530
956.05969736,0.01747991
956.30478860,0.01226079
956.54988803,0.01545025
956.79499567,0.01352415
957.04011149,0.01615442
957.28523550,0.01157733
957.53036770,0.01300638
957.77550808,0.00929915
958.02065664,0.01397979
958.26581338,0.00948554
958.51097830,0.01472537
958.75615139,0.01021042
959.00133264,0.01458040
959.24652207,0.00948554
959.49171965,0.01576091
959.73692540,0.01333775
959.98213931,0.01329633
960.22736137,0.01228150
960.47259159,0.01818408
960.71782995,0.04653716
960.96307647,0.01534670
961.20833112,0.01851545
961.45359392,0.02180847
961.69886486,0.01959241
961.94414394,0.02040013
962.18943115,0.02168420
962.43472648,0.02406594
962.68002995,0.02545357
962.92534154,0.02638555
963.17066126,0.02543286
963.41598909,0.02692403
963.66132504,0.02860161
963.90666911,0.03114903
964.15202128,0.03081766
964.39738157,0.03837710
964.64274996,0.03520835
964.88812645,0.04394831
965.13351104,0.03427636
965.37890374,0.03910198
965.62430452,0.03779720
965.86971340,0.04032392
966.11513036,0.04918814
966.36055542,0.04922956
966.60598855,0.04877392
966.85142977,0.04949880
967.09687907,0.04817331
967.34233644,0.05266755
967.58780188,0.05316461
967.83327539,0.05320603
968.07875697,0.05749317
968.32424661,0.06530113
968.56974432,0.05620910
968.81525008,0.05473863
969.06076390,0.05337172
969.30628577,0.05531853
969.55181570,0.05426228
969.79735367,0.05753459
970.04289968,0.04771767
970.28845374,0.04800762
970.53401583,0.04751056
970.77958597,0.05306106
971.02516413,0.04659929
971.27075033,0.04891890
971.51634455,0.04220860
971.76194680,0.04813189
972.00755708,0.05016154
972.25317537,0.05691326
972.49880168,0.05533924
972.74443600,0.05438655
972.99007834,0.05587772
973.23572868,0.05589843
973.48138703,0.05685113
973.72705338,0.04987159
973.97272774,0.05223262
974.21841009,0.05177699
974.46410043,0.05299892
974.70979877,0.04825615
974.95550510,0.04266424
975.20121941,0.04579157
975.44694171,0.04771767
975.69267199,0.04415541
975.93841024,0.04697208
976.18415647,0.05221191
976.42991068,0.04593654
976.67567285,0.04726203
976.92144299,0.05086571
977.16722110,0.04910529
977.41300717,0.05620910
977.65880119,0.05043078
977.90460317,0.04606081
978.15041311,0.05036865
978.39623099,0.05034794
978.64205683,0.04693066
978.88789061,0.04864966
979.13373233,0.04705493
979.37958199,0.03941264
979.62543958,0.03868776
979.87130511,0.04073813
980.11717857,0.04148372
980.36305996,0.03545688
980.60894928,0.03585039
980.85484651,0.03607820
981.10075167,0.03756938
981.34666475,0.03653384
981.59258573,0.03603678
981.83851463,0.03102477
982.08445144,0.03355149
982.33039616,0.02837379
982.57634878,0.02597134
982.82230930,0.02493580
983.06827771,0.02582636
983.31425403,0.02427305
983.56023823,0.02466656
983.80623032,0.02321680
984.05223031,0.01890896
984.29823817,0.02031729
984.54425391,0.02265761
984.79027754,0.01731422
985.03630904,0.02356888
985.28234841,0.02104217
985.52839565,0.02595063
985.77445076,0.02292685
986.02051374,0.02963715
986.26658457,0.02416950
986.51266327,0.03286803
986.75874982,0.02974070
987.00484422,0.03259879
987.25094647,0.03713445
987.49705658,0.03336509
987.74317452,0.03543617
987.98930031,0.03686521
988.23543394,0.03862563
988.48157541,0.03889487
988.72772471,0.03879132
988.97388184,0.04736559
989.22004680,0.03804573
989.46621959,0.04336840
989.71240020,0.03922624
989.95858862,0.04032392
990.20478487,0.03798360
990.45098893,0.04585370
990.69720080,0.03978544
990.94342048,0.04167012
991.18964797,0.03715517
991.43588326,0.03935051
991.68212635,0.03324083
991.92837724,0.03616105
992.17463593,0.03458703
992.42090240,0.03216386
992.66717667,0.02814597
992.91345872,0.02922293
993.15974856,0.02255406
993.40604618,0.02746251
993.65235158,0.02692403
993.89866475,0.02483224
994.14498570,0.02350675
994.39131441,0.02392097
994.63765090,0.02483224
994.88399515,0.02133212
995.13034716,0.02516362
995.37670693,0.02344462
995.62307445,0.01915748
995.86944973,0.01685859
996.11583276,0.01542954
996.36222354,0.01940601
996.60862206,0.02029658
996.85502833,0.01733493
997.10144233,0.01727280
997.34786408,0.01315135
997.59429355,0.01522243
997.84073076,0.01528457
998.08717570,0.01083175
998.33362836,0.01505675
998.58008875,0.01006545
998.82655685,0.01402121
999.07303267,0.02033800
999.31951621,0.01449756
999.56600746,0.00913346
999.81250642,0.01143236
1000.05901309,0.01000331
1000.30552746,0.01002402
1000.55204953,0.00722807
1000.79857929,0.01157733
1001.04511676,0.01313064
1001.29166191,0.01460111
1001.53821476,0.00602684
1001.78477529,0.01079032
1002.03134351,0.00886422
1002.27791941,0.01234363
1002.52450299,0.01310993
1002.77109424,0.01414547
1003.01769317,0.01058322
1003.26429976,0.01255074
1003.51091403,0.01037611
1003.75753596,0.01159804
1004.00416555,0.01076961
1004.25080280,0.01702427
1004.49744771,0.01199155
1004.74410027,0.01093530
1004.99076048,0.01087317
1005.23742834,0.00987905
1005.48410384,0.01661006
1005.73078699,0.01275785
1005.97747778,0.01429045
1006.22417620,0.01567807
1006.47088226,0.01420761
1006.71759595,0.01497390
1006.96431727,0.01737636
1007.21104622,0.01491177
1007.45778279,0.01870185
1007.70452698,0.01240577
1007.95127879,0.01511888
1008.19803821,0.01420761
1008.44480524,0.01706569
1008.69157988,0.01791484
1008.93836213,0.01776986
1009.18515199,0.01296496
1009.43194944,0.01364841
1009.67875450,0.01455969
1009.92556715,0.01045895
1010.17238739,0.01462182
1010.41921522,0.01603015
1010.66605064,0.01607158
1010.91289364,0.01542954
1011.15974422,0.01354486
1011.40660239,0.01522243
1011.65346813,0.01474609
1011.90034144,0.02085577
1012.14722232,0.01706569
1012.39411078,0.01474609
1012.64100679,0.01491177
1012.88791037,0.01839119
1013.13482151,0.01563665
1013.38174020,0.01764560
1013.62866645,0.02021374
1013.87560025,0.02098003
1014.12254160,0.01580234
1014.36949049,0.01828763
1014.61644693,0.02149780
1014.86341091,0.01580234
1015.11038242,0.01820479
1015.35736147,0.01675503
1015.60434805,0.01627868
1015.85134216,0.01683788
1016.09834379,0.01584376
1016.34535295,0.01590589
1016.59236963,0.01776986
1016.83939383,0.01569878
1017.08642554,0.01574020
1017.33346476,0.01615442
1017.58051150,0.01665148
1017.82756574,0.01217795
1018.07462748,0.01306851
1018.32169673,0.01497390
1018.56877347,0.01018971
1018.81585771,0.01574020
1019.06294945,0.01118383
1019.31004867,0.00627537
1019.55715538,0.00642035
1019.80426957,0.01215724
1020.05139125,0.01462182
1020.29852041,0.01487035
1020.54565704,0.00797366
1020.79280114,0.01016900
1021.03995272,0.00443211
1021.28711177,0.01273714
1021.53427828,0.00946483
1021.78145225,0.01267501
1022.02863368,0.00789081
1022.27582257,0.00753873
1022.52301891,0.01224008
1022.77022270,0.00919559
1023.01743395,0.00820147
1023.26465263,0.01025184
1023.51187876,0.00252672
1023.75911234,0.00637892
1024.00635335,0.00511557
1024.25360179,0.00619253
1024.50085766,0.00584044
1024.74812097,0.00652390
1024.99539170,0.00561263
1025.24266985,0.00668959
1025.48995543,0.00294093
1025.73724842,0.00494988
1025.98454883,0.00637892
1026.23185665,0.00383150
1026.47917188,0.00405932
1026.72649452,0.00952697
1026.97382456,0.00778726
1027.22116200,0.00205037
1027.46850685,0.00453566
1027.71585908,0.00557120
1027.96321872,0.00586115
1028.21058574,0.00097341
1028.45796014,-0.01066606
1028.70534194,-0.01079032
1028.95273111,-0.01147378
1029.20012767,-0.00973407
1029.44753160,-0.01342059
1029.69494290,-0.01153591
