198.80933475,0.00754982
199.01143578,0.00707299
199.21355429,0.00282297
199.41569028,-0.00126118
199.61784374,0.00236688
199.82001468,0.00195224
200.02220309,0.00485469
200.22440896,0.00106078
200.42663230,0.00249127
200.62887310,0.00344493
200.83113136,0.00522786
201.03340708,0.00077053
201.23570025,0.00599493
201.43801087,0.00454371
201.64033894,0.00470957
201.84268445,0.00369371
202.04504741,0.00271932
202.24742780,0.00145468
202.44982564,0.00354859
202.65224090,-0.00231850
202.85467360,0.00605713
203.05712372,0.00342420
203.25959128,-0.00065996
203.46207625,0.00228395
203.66457864,0.00166200
203.86709846,0.00352785
204.06963568,0.00692786
204.27219032,0.00412908
204.47476237,0.00294737
204.67735182,0.00045955
204.87995868,0.01094983
205.08258293,0.00537298
205.28522459,0.00479249
205.48788364,0.00352785
205.69056008,0.00176566
205.89325391,0.00636811
206.09596513,0.00238761
206.29869374,0.00738396
206.50143972,0.00499981
206.70420308,0.00261566
206.90698382,0.00242907
207.10978194,0.00294737
207.31259742,0.00705225
207.51543027,0.00014858
207.71828048,0.00327907
207.92114806,0.00130956
208.12403299,0.00754982
208.32693528,0.00130956
208.52985493,0.00359005
208.73279193,-0.00254655
208.93574627,0.00852421
209.13871796,0.00468883
209.34170699,0.00354859
209.54471336,-0.00192460
209.74773707,0.00466810
209.95077811,0.00124736
210.15383649,0.00126809
210.35691219,0.00412908
210.56000522,0.00334127
210.76311557,-0.00078435
210.96624324,0.00738396
211.16938823,0.00074980
211.37255053,0.00394249
211.57573015,-0.00030752
211.77892707,0.00408761
211.98214130,0.00155834
212.18537284,0.00124736
212.38862167,0.00226322
212.59188781,0.00089492
212.79517124,0.00052175
212.99847196,0.00137175
213.20178997,0.00392176
213.40512527,0.00686567
213.60847785,-0.00041118
213.81184772,0.00232541
214.01523486,-0.00121972
214.21863928,0.00485469
214.42206097,0.00634737
214.62549993,0.00479249
214.82895616,0.00207663
215.03242966,0.00489615
215.23592042,0.00043882
215.43942843,0.00286444
215.64295370,0.00334127
215.84649623,0.00240834
216.05005601,0.00709372
216.25363303,0.00334127
216.45722731,0.00172419
216.66083882,-0.00041118
216.86446757,0.00269858
217.06811356,0.00056321
217.27177679,0.00692786
217.47545724,0.00247053
217.67915493,-0.00117826
217.88286984,0.00209736
218.08660198,0.00686567
218.29035133,0.00713518
218.49411790,0.00794372
218.69790169,0.00263639
218.90170269,0.00205590
219.10552090,0.00736323
219.30935632,0.00441932
219.51320894,0.00110224
219.71707876,0.00164126
219.92096578,0.00520713
220.12486999,0.00176566
220.32879140,0.00541445
220.53272999,0.00037663
220.73668578,0.00375590
220.94065875,0.00566323
221.14464890,0.00074980
221.34865623,0.00234614
221.55268073,0.00019004
221.75672241,-0.00134411
221.96078126,0.00056321
222.16485728,-0.00159289
222.36895046,-0.00007947
222.57306080,0.00537298
222.77718831,0.00201444
222.98133297,-0.00325143
223.18549478,0.00506201
223.38967375,-0.00097094
223.59386986,0.00004492
223.79808312,0.00371444
224.00231352,0.00284371
224.20656106,0.00261566
224.41082574,0.00315468
224.61510756,0.00846201
224.81940650,0.00045955
225.02372258,0.00081199
225.22805578,0.00269858
225.43240610,-0.00132338
225.63677355,0.00346566
225.84115811,-0.00115752
226.04555979,0.00218029
226.24997858,0.00066687
226.45441448,0.00244980
226.65886748,0.00504127
226.86333759,0.00271932
227.06782480,0.00176566
227.27232911,0.00159980
227.47685052,0.00012785
227.68138902,0.00545591
227.88594461,-0.00126118
228.09051728,0.00097785
228.29510704,0.00352785
228.49971389,0.00746689
228.70433781,0.00375590
228.90897881,0.00350712
229.11363688,0.00137175
229.31831202,0.00435713
229.52300423,0.00178639
229.72771350,0.00344493
229.93243984,0.00151687
230.13718324,-0.00014167
230.34194369,0.00323761
230.54672120,0.00676201
230.75151576,0.00035590
230.95632737,0.00645103
231.16115602,0.00159980
231.36600172,0.00083273
231.57086446,0.00091565
231.77574423,0.00263639
231.98064104,-0.00345875
232.18555488,0.00294737
232.39048575,0.00514493
232.59543365,0.00016931
232.80039857,-0.00157216
233.00538051,0.00369371
233.21037947,0.00450225
233.41539544,0.01901448
233.62042843,0.00137175
233.82547842,0.00176566
234.03054543,0.00634737
234.23562943,0.00070834
234.44073044,0.00139248
234.64584845,0.00385956
234.85098345,0.00066687
235.05613545,0.00151687
235.26130444,0.00265712
235.46649041,0.00151687
235.67169337,0.00456444
235.87691331,0.00763274
236.08215023,0.00019004
236.28740413,0.00361078
236.49267500,0.00224249
236.69796284,0.00087419
236.90326765,0.00344493
237.10858942,0.00470957
237.31392816,0.00421200
237.51928386,0.00564249
237.72465651,0.00124736
237.93004612,0.00186931
238.13545268,0.00070834
238.34087619,0.00497908
238.54631664,0.00261566
238.75177404,0.00114370
238.95724838,-0.00063923
239.16273965,0.00417054
239.36824786,0.00564249
239.57377300,0.00104004
239.77931508,0.00495835
239.98487407,0.00282297
240.19045000,0.00470957
240.39604284,0.00340346
240.60165260,-0.00063923
240.80727928,0.00236688
241.01292287,0.00444005
241.21858337,0.00504127
241.42426077,0.00292663
241.62995508,0.00433639
241.83566630,-0.00109533
242.04139441,0.00288517
242.24713941,0.00209736
242.45290131,0.00110224
242.65868010,0.00261566
242.86447578,-0.00092947
243.07028835,0.00466810
243.27611779,0.00628518
243.48196412,0.00207663
243.68782732,0.00220102
243.89370739,0.00222175
244.09960434,-0.00012094
244.30551816,0.00545591
244.51144884,0.00356932
244.71739638,0.00155834
244.92336078,0.00095712
245.12934204,0.00043882
245.33534016,0.00197297
245.54135512,-0.00014167
245.74738694,0.00077053
245.95343560,0.00135102
246.15950110,0.00433639
246.36558345,0.00290590
246.57168263,0.00271932
246.77779865,0.00133029
246.98393150,0.00603640
247.19008118,0.00031443
247.39624769,0.00481322
247.60243102,0.00271932
247.80863117,0.00597420
248.01484814,0.00220102
248.22108192,0.00485469
248.42733252,-0.00215265
248.63359993,0.00253273
248.83988415,-0.00036972
249.04618517,0.00580835
249.25250299,-0.00103313
249.45883761,-0.00175874
249.66518903,0.00344493
249.87155724,0.00101931
250.07794224,0.00429493
250.28434403,0.00338273
250.49076260,0.00620225
250.69719796,-0.00244289
250.90365009,-0.00053557
251.11011901,0.00023150
251.31660469,0.00269858
251.52310715,0.00101931
251.72962638,0.00311322
251.93616237,0.00286444
252.14271513,0.00153761
252.34928464,0.00199370
252.55587091,0.00029370
252.76247394,0.00130956
252.96909372,0.00392176
253.17573025,0.00066687
253.38238352,0.00014858
253.58905354,0.00313395
253.79574030,0.00189005
254.00244380,0.00452298
254.20916403,0.01078397
254.41590099,0.00543518
254.62265469,0.00141322
254.82942511,0.00274005
255.03621225,0.00120590
255.24301612,0.00025224
255.44983670,0.00035590
255.65667400,0.00458517
255.86352802,0.00052175
256.07039874,-0.00030752
256.27728617,0.00162053
256.48419031,0.00325834
256.69111115,0.00344493
256.89804868,0.00045955
257.10500292,0.00031443
257.31197384,0.00261566
257.51896146,0.00831689
257.72596577,-0.00159289
257.93298676,0.00271932
258.14002443,0.00479249
258.34707878,0.00218029
258.55414981,0.00269858
258.76123752,0.00174492
258.96834190,0.00574615
259.17546294,-0.00134411
259.38260065,-0.00138557
259.58975502,-0.00099167
259.79692606,0.00048029
260.00411375,0.00189005
260.21131810,-0.00229777
260.41853909,0.00396322
260.62577674,0.00133029
260.83303103,0.00402542
261.04030197,-0.00105386
261.24758955,0.00048029
261.45489377,0.00162053
261.66221462,0.00104004
261.86955210,0.00558030
262.07690622,0.00238761
262.28427696,-0.00117826
262.49166433,-0.00250509
262.69906831,0.00400469
262.90648892,-0.00005874
263.11392614,-0.00041118
263.32137998,0.00562176
263.52885042,0.00350712
263.73633747,0.00694860
263.94384113,-0.00128191
264.15136139,0.00282297
264.35889825,0.00862787
264.56645171,0.00458517
264.77402176,0.00305102
264.98160840,0.00238761
265.18921163,0.00143395
265.39683144,0.00019004
265.60446784,0.00875226
265.81212081,0.00031443
266.01979037,0.00444005
266.22747650,-0.00045264
266.43517920,0.00470957
266.64289847,-0.00117826
266.85063430,0.00004492
267.05838670,-0.00001728
267.26615566,0.00375590
267.47394117,-0.00020386
267.68174324,0.00097785
267.88956187,0.00437786
268.09739704,0.00267785
268.30524876,0.00564249
268.51311702,0.00651323
268.72100183,-0.00267094
268.92890317,-0.00053557
269.13682105,-0.00182094
269.34475546,-0.00173801
269.55270640,0.00023150
269.76067387,0.00288517
269.96865786,0.00004492
270.17665838,0.00006565
270.38467541,0.00035590
270.59270896,0.00180712
270.80075902,0.00029370
271.00882560,0.00317541
271.21690868,0.00164126
271.42500826,0.00518640
271.63312435,0.00215956
271.84125694,0.00211810
272.04940602,0.00825470
272.25757160,0.00130956
272.46575367,0.00572542
272.67395223,0.00249127
272.88216727,-0.00034898
273.09039880,0.00736323
273.29864681,0.00074980
273.50691129,0.00120590
273.71519225,0.00433639
273.92348968,0.00166200
274.13180358,0.00081199
274.34013395,-0.00016240
274.54848077,0.00421200
274.75684406,0.00336200
274.96522381,0.00224249
275.17362001,-0.00140630
275.38203267,0.00545591
275.59046177,0.00259493
275.79890732,0.00218029
276.00736932,0.00234614
276.21584776,-0.00092947
276.42434263,0.00139248
276.63285394,-0.00298192
276.84138169,0.00159980
277.04992586,0.00298883
277.25848646,0.00162053
277.46706349,0.00058394
277.67565694,-0.00310631
277.88426680,-0.00115752
278.09289309,-0.00206972
278.30153578,-0.00113679
278.51019489,0.00356932
278.71887041,0.00220102
278.92756233,0.00309249
279.13627065,0.00433639
279.34499537,0.00286444
279.55373649,0.00560103
279.76249401,0.01068031
279.97126791,0.00379737
280.18005820,-0.00005874
280.38886488,0.00247053
280.59768795,-0.00165509
280.80652739,0.00224249
281.01538321,0.00029370
281.22425540,0.00259493
281.43314397,0.00367298
281.64204891,-0.00140630
281.85097021,0.00315468
282.05990788,0.00300956
282.26886190,0.00218029
282.47783229,-0.00211118
282.68681903,0.00568396
282.89582212,0.00155834
283.10484156,0.00238761
283.31387735,0.00143395
283.52292949,0.00139248
283.73199796,0.00135102
283.94108277,0.00441932
284.15018392,-0.00167582
284.35930141,0.00116443
284.56843522,0.00135102
284.77758536,0.00448152
284.98675183,0.00039736
285.19593461,0.00676201
285.40513372,0.00562176
285.61434914,0.00402542
285.82358088,-0.00354168
286.03282893,-0.00124045
286.24209328,0.00303029
286.45137395,0.00093638
286.66067091,0.00072907
286.86998417,-0.00005874
287.07931373,0.00361078
287.28865959,0.00452298
287.49802174,0.00205590
287.70740017,0.00048029
287.91679489,0.00199370
288.12620590,0.00114370
288.33563318,-0.00115752
288.54507675,0.00427420
288.75453658,-0.00090874
288.96401269,-0.00113679
289.17350507,0.00122663
289.38301372,0.00419127
289.59253863,0.00114370
289.80207980,0.00699006
290.01163723,0.00029370
290.22121091,0.00396322
290.43080085,0.00332054
290.64040703,0.00215956
290.85002947,0.00340346
291.05966815,0.00255346
291.26932307,0.00394249
291.47899422,0.00110224
291.68868162,0.00491688
291.89838525,0.00230468
292.10810511,0.00703152
292.31784119,0.00205590
292.52759350,-0.00076362
292.73736204,0.00259493
292.94714679,0.00141322
293.15694776,0.00050102
293.36676494,0.00104004
293.57659834,0.00133029
293.78644794,-0.00200753
293.99631375,0.00002419
294.20619576,0.00255346
294.41609397,0.00672055
294.62600838,0.00236688
294.83593898,0.00441932
295.04588578,0.00139248
295.25584876,-0.00240143
295.46582793,0.00045955
295.67582328,0.00193151
295.88583481,-0.00080508
296.09586253,-0.00053557
296.30590641,0.00392176
296.51596647,0.00112297
296.72604270,0.00023150
296.93613509,0.00504127
297.14624365,-0.00368680
297.35636837,0.00089492
297.56650925,0.00323761
297.77666629,-0.00051484
297.98683947,-0.00113679
298.19702881,0.00230468
298.40723429,0.00068760
298.61745592,0.00336200
298.82769369,0.00446078
299.03794760,0.00885592
299.24821765,-0.00217338
299.45850383,0.00429493
299.66880614,0.00247053
299.87912458,-0.00165509
300.08945914,0.00021077
300.29980983,0.00267785
300.51017663,0.00218029
300.72055955,0.00788152
300.93095859,0.00147541
301.14137374,0.00081199
301.35180499,-0.00092947
301.56225235,-0.00001728
301.77271582,-0.00235997
301.98319538,0.01041080
302.19369105,-0.00229777
302.40420280,-0.00124045
302.61473065,0.00412908
302.82527459,0.00271932
303.03583461,-0.00142704
303.24641072,-0.00024533
303.45700291,0.00141322
303.66761117,0.00178639
303.87823552,0.00375590
304.08887593,0.00045955
304.29953241,0.00081199
304.51020496,-0.00186240
304.72089358,0.00526932
304.93159825,0.00298883
305.14231899,-0.00099167
305.35305578,0.00593274
305.56380862,0.00311322
305.77457752,0.00305102
305.98536246,0.00162053
306.19616344,0.00149614
306.40698047,0.00520713
306.61781354,0.00124736
306.82866264,0.00323761
307.03952778,0.00155834
307.25040895,0.00226322
307.46130614,0.00290590
307.67221937,0.00292663
307.88314861,0.00054248
308.09409387,0.00286444
308.30505515,0.00228395
308.51603245,0.00589128
308.72702576,0.00008638
308.93803507,-0.00132338
309.14906039,0.00437786
309.36010172,0.00074980
309.57115904,0.00456444
309.78223236,0.00155834
309.99332168,0.00191078
310.20442699,0.00580835
310.41554829,0.00224249
310.62668557,-0.00080508
310.83783884,0.00311322
311.04900809,-0.00289899
311.26019332,0.00052175
311.47139452,0.00130956
311.68261169,0.00319615
311.89384484,0.00456444
312.10509395,0.00298883
312.31635903,0.00242907
312.52764007,0.00184858
312.73893706,0.00010711
312.95025002,0.00110224
313.16157892,-0.00047338
313.37292378,0.00473030
313.58428458,0.00048029
313.79566133,0.00079126
314.00705402,0.00172419
314.21846266,0.00097785
314.42988722,-0.00144777
314.64132772,0.00437786
314.85278416,0.00052175
315.06425652,0.00895958
315.27574480,-0.00126118
315.48724901,0.00410834
315.69876914,-0.00111606
315.91030518,0.00271932
316.12185715,0.00010711
316.33342502,0.00197297
316.54500880,0.00392176
316.75660848,0.00344493
316.96822407,0.00265712
317.17985556,0.00048029
317.39150295,0.00010711
317.60316624,0.00346566
317.81484541,0.00159980
318.02654048,0.00300956
318.23825143,0.00338273
318.44997826,0.00240834
318.66172098,0.00232541
318.87347957,0.00578762
319.08525404,0.00238761
319.29704439,0.00404615
319.50885060,0.00106078
319.72067268,0.00309249
319.93251063,0.00236688
320.14436443,0.00305102
320.35623410,0.00593274
320.56811962,0.00464737
320.78002100,-0.00165509
320.99193822,-0.00036972
321.20387130,-0.00144777
321.41582021,0.00112297
321.62778498,0.00508274
321.83976558,0.00392176
322.05176201,0.00274005
322.26377428,-0.00020386
322.47580239,0.00779860
322.68784632,0.00493761
322.89990607,0.00114370
323.11198165,0.00033516
323.32407305,0.00226322
323.53618027,0.00124736
323.74830330,0.00077053
323.96044215,0.00234614
324.17259680,0.00692786
324.38476726,0.00537298
324.59695352,0.00101931
324.80915558,0.00319615
325.02137344,0.00050102
325.23360710,0.00091565
325.44585655,0.00539371
325.65812178,0.00404615
325.87040281,0.00012785
326.08269962,0.00377664
326.29501221,-0.00267094
326.50734058,0.00576689
326.71968472,0.00031443
326.93204464,0.00632664
327.14442032,0.00388029
327.35681178,0.00373517
327.56921900,-0.00092947
327.78164198,0.00186931
327.99408072,-0.00219411
328.20653522,0.00280224
328.41900547,0.00019004
328.63149147,0.00228395
328.84399322,0.00133029
329.05651071,0.00317541
329.26904395,0.00093638
329.48159293,0.00452298
329.69415764,0.00037663
329.90673809,0.00348639
330.11933427,0.00182785
330.33194617,0.00433639
330.54457381,0.00077053
330.75721716,-0.00055630
330.96987624,0.00043882
331.18255104,0.00135102
331.39524154,0.00589128
331.60794777,0.00244980
331.82066970,0.00081199
332.03340733,0.00247053
332.24616067,0.00682421
332.45892971,0.00313395
332.67171445,0.00224249
332.88451489,0.00197297
333.09733102,0.00242907
333.31016283,-0.00117826
333.52301034,-0.00007947
333.73587352,0.00066687
333.94875239,-0.00244289
334.16164694,-0.00146850
334.37455717,-0.00350021
334.58748306,0.00512420
334.80042463,0.00632664
335.01338187,-0.00076362
335.22635477,0.00296810
335.43934333,-0.00026606
335.65234755,0.00444005
335.86536743,0.00340346
336.07840296,0.00151687
336.29145415,-0.00088801
336.50452098,0.00172419
336.71760345,0.00276078
336.93070157,0.00083273
337.14381533,0.00095712
337.35694473,-0.00124045
337.57008976,0.00638884
337.78325042,0.00085346
337.99642671,0.00116443
338.20961863,0.00303029
338.42282617,0.00313395
338.63604933,-0.00192460
338.84928810,-0.00047338
339.06254250,0.00234614
339.27581250,0.00267785
339.48909812,0.00255346
339.70239934,0.00510347
339.91571616,0.00054248
340.12904859,0.00369371
340.34239661,-0.00109533
340.55576023,0.00336200
340.76913945,0.00448152
340.98253425,0.00359005
341.19594464,0.00124736
341.40937061,-0.00161362
341.62281217,0.00226322
341.83626930,0.00864860
342.04974201,0.00118517
342.26323030,-0.00121972
342.47673415,0.00346566
342.69025357,0.00591201
342.90378856,0.00021077
343.11733911,0.00524859
343.33090522,0.00139248
343.54448688,0.00526932
343.75808410,0.00309249
343.97169687,0.00209736
344.18532519,-0.00003801
344.39896906,0.00211810
344.61262847,-0.00142704
344.82630341,0.00433639
345.03999390,0.00425347
345.25369992,0.00479249
345.46742147,0.00856567
345.68115855,0.00207663
345.89491115,0.00178639
346.10867928,0.00126809
346.32246293,0.00139248
346.53626210,-0.00167582
346.75007679,0.00000346
346.96390698,0.00300956
347.17775269,0.00008638
347.39161390,-0.00109533
347.60549061,0.00193151
347.81938283,0.00170346
348.03329055,0.00454371
348.24721376,0.00083273
348.46115246,0.00427420
348.67510665,-0.00090874
348.88907634,0.00205590
349.10306150,-0.00117826
349.31706215,-0.00159289
349.53107828,0.00168273
349.74510988,0.00294737
349.95915696,0.00365225
350.17321950,0.00238761
350.38729752,0.00672055
350.60139100,0.00010711
350.81549994,0.00033516
351.02962435,-0.00188314
351.24376421,0.00280224
351.45791952,-0.00014167
351.67209028,0.00135102
351.88627650,-0.00107460
352.10047816,0.00023150
352.31469526,0.00406688
352.52892780,0.00238761
352.74317578,0.00292663
352.95743919,0.00261566
353.17171804,0.00572542
353.38601232,0.00404615
353.60032202,-0.00130265
353.81464714,0.00773640
354.02898769,-0.00092947
354.24334365,-0.00030752
354.45771503,-0.00144777
354.67210182,0.00421200
354.88650403,0.00437786
355.10092164,0.00410834
355.31535465,-0.00117826
355.52980306,0.00931202
355.74426687,0.00232541
355.95874608,0.00247053
356.17324069,0.00253273
356.38775068,-0.00082582
356.60227606,0.00267785
356.81681682,-0.00300265
357.03137297,-0.00103313
357.24594449,0.00377664
357.46053139,0.00562176
357.67513367,0.00630591
357.88975132,0.00290590
358.10438433,-0.00057703
358.31903271,0.00265712
358.53369645,0.00182785
358.74837556,-0.00368680
358.96307002,0.00128882
359.17777983,-0.00111606
359.39250499,0.00058394
359.60724551,0.00352785
359.82200137,0.00039736
360.03677257,-0.00063923
360.25155911,-0.00140630
360.46636100,0.00313395
360.68117821,-0.00352094
360.89601076,0.00027297
361.11085864,0.00369371
361.32572184,-0.00267094
361.54060037,0.00305102
361.75549422,0.00359005
361.97040338,0.00512420
362.18532786,0.00361078
362.40026766,0.00039736
362.61522276,0.00228395
362.83019318,0.00655469
363.04517889,0.00120590
363.26017991,0.00029370
363.47519623,0.00010711
363.69022784,0.00346566
363.90527474,0.00093638
364.12033694,0.00591201
364.33541442,-0.00061850
364.55050719,0.00021077
364.76561524,-0.00285753
364.98073857,0.00162053
365.19587718,-0.00030752
365.41103106,0.00199370
365.62620021,-0.00082582
365.84138463,0.00195224
366.05658432,0.00186931
366.27179927,0.00508274
366.48702948,0.00050102
366.70227494,0.00070834
366.91753566,0.00151687
367.13281163,0.00035590
367.34810285,-0.00209045
367.56340932,0.00077053
367.77873103,0.00093638
367.99406798,0.00085346
368.20942017,-0.00065996
368.42478759,0.00155834
368.64017025,0.00062541
368.85556813,0.00390103
369.07098125,0.00029370
369.28640958,0.00104004
369.50185314,0.00143395
369.71731191,0.00265712
369.93278590,-0.00318924
370.14827511,0.00475103
370.36377952,-0.00165509
370.57929914,-0.00001728
370.79483397,0.00303029
371.01038400,0.00128882
371.22594922,-0.00026606
371.44152965,0.00120590
371.65712526,0.00195224
371.87273607,-0.00078435
372.08836206,0.00236688
372.30400324,0.00437786
372.51965960,0.00104004
372.73533114,0.00510347
372.95101786,-0.00144777
373.16671976,0.00688640
373.38243682,0.00274005
373.59816905,0.00155834
373.81391645,-0.00080508
374.02967901,0.00174492
374.24545673,0.00008638
374.46124961,-0.00063923
374.67705764,0.00199370
374.89288082,-0.00039045
375.10871916,-0.00003801
375.32457264,0.00104004
375.54044126,0.00062541
375.75632503,0.00568396
375.97222393,0.00182785
376.18813797,-0.00177948
376.40406713,-0.00030752
376.62001143,-0.00022459
376.83597086,-0.00238070
377.05194541,0.00095712
377.26793508,0.00234614
377.48393987,0.00137175
377.69995978,0.00342420
377.91599480,-0.00072216
378.13204493,0.00201444
378.34811016,0.00365225
378.56419050,0.00404615
378.78028595,0.00470957
378.99639649,0.00052175
379.21252213,-0.00022459
379.42866286,0.00186931
379.64481868,0.00008638
379.86098960,0.00626445
380.07717559,0.00081199
380.29337667,0.00070834
380.50959283,0.00110224
380.72582407,0.00195224
380.94207038,0.00311322
381.15833176,0.00021077
381.37460821,0.00097785
381.59089972,0.00126809
381.80720630,0.00356932
382.02352794,0.00039736
382.23986464,0.00120590
382.45621639,0.00205590
382.67258319,0.00145468
382.88896505,0.00025224
383.10536195,0.00410834
383.32177389,0.00292663
383.53820087,0.00072907
383.75464289,0.00147541
383.97109995,0.00128882
384.18757204,-0.00014167
384.40405916,0.00081199
384.62056131,-0.00186240
384.83707848,0.00056321
385.05361067,0.00338273
385.27015788,0.00209736
385.48672011,0.00412908
385.70329735,0.00439859
385.91988960,0.00274005
386.13649686,0.00054248
386.35311912,0.00313395
386.56975639,0.00079126
386.78640865,0.00180712
387.00307592,-0.00026606
387.21975817,-0.00065996
387.43645542,0.00300956
387.65316765,0.00085346
387.86989487,0.00238761
388.08663707,0.00037663
388.30339426,0.00097785
388.52016641,0.00242907
388.73695355,0.00439859
388.95375565,0.00296810
389.17057273,0.00016931
389.38740477,0.00543518
389.60425177,0.00352785
389.82111374,-0.00159289
390.03799066,0.00489615
390.25488253,0.00008638
390.47178936,0.00023150
390.68871114,0.00164126
390.90564787,0.00097785
391.12259954,0.00184858
391.33956614,0.00300956
391.55654769,-0.00003801
391.77354418,0.00315468
391.99055559,0.00147541
392.20758194,0.00066687
392.42462321,0.00087419
392.64167941,0.00410834
392.85875053,0.00441932
393.07583657,-0.00078435
393.29293752,0.00647177
393.51005339,0.00638884
393.72718417,0.00321688
393.94432986,0.00429493
394.16149045,0.00118517
394.37866594,0.00112297
394.59585634,0.00193151
394.81306163,0.00375590
395.03028181,0.00398395
395.24751689,0.00881445
395.46476685,0.00359005
395.68203170,0.00431566
395.89931143,0.00520713
396.11660604,0.00402542
396.33391553,0.00566323
396.55123990,0.00315468
396.76857913,0.00421200
396.98593324,0.00369371
397.20330221,-0.00173801
397.42068604,0.00412908
397.63808474,-0.00053557
397.85549829,0.00499981
398.07292670,0.00493761
398.29036996,0.00512420
398.50782807,0.00616079
398.72530103,0.00576689
398.94278883,0.00234614
399.16029147,0.00584981
399.37780895,0.00155834
399.59534127,0.00663762
399.81288841,0.00518640
400.03045039,0.00632664
400.24802720,0.00709372
400.46561883,0.00381810
400.68322529,0.00106078
400.90084656,0.00240834
401.11848265,0.00531079
401.33613355,0.00396322
401.55379926,0.00251200
401.77147978,0.00636811
401.98917511,0.00798518
402.20688524,0.00236688
402.42461017,0.00344493
402.64234989,0.00564249
402.86010441,0.00039736
403.07787372,0.00636811
403.29565782,0.00560103
403.51345670,0.00356932
403.73127037,0.00638884
403.94909882,0.00172419
404.16694205,0.00647177
404.38480005,0.00207663
404.60267282,0.00305102
404.82056036,0.00066687
405.03846267,0.00663762
405.25637974,0.00842055
405.47431157,0.00667908
405.69225816,0.00271932
405.91021951,0.00578762
406.12819561,0.00315468
406.34618645,0.00296810
406.56419205,0.00512420
406.78221239,0.00510347
407.00024747,0.00653396
407.21829729,0.00120590
407.43636184,0.00734250
407.65444113,0.00740469
407.87253515,0.00790226
408.09064390,0.00618152
408.30876737,0.00491688
408.52690556,0.00804738
408.74505847,0.00410834
408.96322610,0.00649250
409.18140844,0.00470957
409.39960550,0.00334127
409.61781726,0.00806811
409.83604372,0.00369371
410.05428489,0.00703152
410.27254076,0.00294737
410.49081133,0.00682421
410.70909659,0.00678274
410.92739654,0.00510347
411.14571118,0.00815104
411.36404051,0.00574615
411.58238452,0.00927055
411.80074321,0.00526932
412.01911658,0.00835836
412.23750462,0.00800592
412.45590734,0.00632664
412.67432472,0.00696933
412.89275677,0.00591201
413.11120349,0.00479249
413.32966486,0.00284371
413.54814090,0.00379737
413.76663159,0.00887665
413.98513693,0.00390103
414.20365692,0.00313395
414.42219156,0.00580835
414.64074084,0.00361078
414.85930477,0.00568396
415.07788333,0.00284371
415.29647653,0.00334127
415.51508437,0.00072907
415.73370683,0.00352785
415.95234392,0.00230468
416.17099564,0.00558030
416.38966198,0.00823396
416.60834294,0.00597420
416.82703851,0.00529005
417.04574870,0.00012785
417.26447350,0.00580835
417.48321291,0.00541445
417.70196692,0.00348639
417.92073554,0.00518640
418.13951875,0.00883519
418.35831657,0.00037663
418.57712898,0.00079126
418.79595598,0.00858640
419.01479757,0.01030714
419.23365374,0.00626445
419.45252450,0.00141322
419.67140984,0.00854494
419.89030975,0.00908397
420.10922425,0.01088763
420.32815331,0.00636811
420.54709694,0.00833762
420.76605514,0.00545591
420.98502791,0.00479249
421.20401523,0.00122663
421.42301712,0.00475103
421.64203356,0.00746689
421.86106455,0.00466810
422.08011009,0.00506201
422.29917018,0.00837909
422.51824482,0.00526932
422.73733399,0.00450225
422.95643771,0.00821323
423.17555596,0.00555957
423.39468875,0.00483396
423.61383606,0.00694860
423.83299790,0.00352785
424.05217427,0.00553884
424.27136516,0.00744616
424.49057057,0.00518640
424.70979050,0.00626445
424.92902494,0.00692786
425.14827390,0.00576689
425.36753736,0.00551810
425.58681532,0.01099129
425.80610779,0.00719738
426.02541476,0.01167544
426.24473623,0.00381810
426.46407219,0.00864860
426.68342265,0.00319615
426.90278759,0.00759128
427.12216702,0.00893884
427.34156093,0.00510347
427.56096933,0.01099129
427.78039220,0.01221446
427.99982955,0.00730104
428.21928137,0.00549737
428.43874766,0.00348639
428.65822841,0.00721811
428.87772363,0.00748762
429.09723331,0.00649250
429.31675745,0.00346566
429.53629605,0.00294737
429.75584910,0.00651323
429.97541660,0.00914616
430.19499854,0.00396322
430.41459494,0.00914616
430.63420577,0.00935348
430.85383104,0.00802665
431.07347075,0.00933275
431.29312489,0.01186202
431.51279347,0.00829616
431.73247647,0.00591201
431.95217390,0.00640957
432.17188574,0.00856567
432.39161201,0.00491688
432.61135270,0.00541445
432.83110780,0.00833762
433.05087731,0.01007909
433.27066123,0.00487542
433.49045956,0.00819250
433.71027229,0.00667908
433.93009942,0.00798518
434.14994095,0.00898031
434.36979687,0.00719738
434.58966718,0.00835836
434.80955189,0.00719738
435.02945098,0.00947787
435.24936445,0.01580106
435.46929230,0.00900104
435.68923454,0.00976812
435.90919115,0.01055592
436.12916213,0.00910470
436.34914748,0.01179983
436.56914720,0.01103275
436.78916128,0.00831689
437.00918972,0.00993397
437.22923252,0.00968519
437.44928968,0.01080470
437.66936119,0.00962299
437.88944706,0.01347910
438.10954727,0.01271203
438.32966182,0.01291934
438.54979072,0.00958153
438.76993395,0.01660960
438.99009153,0.01437057
439.21026343,0.01449496
439.43044967,0.01499252
439.65065024,0.01696204
439.87086513,0.01109495
440.09109434,0.01103275
440.31133788,0.00951933
440.53159573,0.01808155
440.75186789,0.00983031
440.97215437,0.01248398
441.19245516,0.01403886
441.41277025,0.01173763
441.63309964,0.01331325
441.85344334,0.01698277
442.07380133,0.01287788
442.29417362,0.01530350
442.51456020,0.01213154
442.73496107,0.01422544
442.95537623,0.01449496
443.17580567,0.01559374
443.39624939,0.01636082
443.61670739,0.01401813
443.83717967,0.01650594
444.05766622,0.01517911
444.27816704,0.01841326
444.49868212,0.01018275
444.71921147,0.01169617
444.93975509,0.01439130
445.16031296,0.01582179
445.38088508,0.01546935
445.60147147,0.01665106
445.82207210,0.01291934
446.04268698,0.01582179
446.26331610,0.01855838
446.48395947,0.01045226
446.70461707,0.01422544
446.92528892,0.01215227
447.14597499,0.01721082
447.36667530,0.01020348
447.58738984,0.01959497
447.80811860,0.01366569
448.02886158,0.01333398
448.24961879,0.01422544
448.47039021,0.01480593
448.69117585,0.02276693
448.91197570,0.02112912
449.13278975,0.01068031
449.35361802,0.01366569
449.57446049,0.01758399
449.79531715,0.01055592
450.01618802,0.01267056
450.23707308,0.01200715
450.45797234,0.01791570
450.67888578,0.01387300
450.89981341,0.01352056
451.12075522,0.01739740
451.34171122,0.01857911
451.56268139,0.01689984
451.78366574,0.01770838
452.00466426,0.01580106
452.22567696,0.01186202
452.44670382,0.01264983
452.66774484,0.00951933
452.88880003,0.02046570
453.10986938,0.01414252
453.33095288,0.01555228
453.55205053,0.01333398
453.77316234,0.01103275
453.99428830,0.01766692
454.21542840,0.01476447
454.43658264,0.01895229
454.65775102,0.01575959
454.87893354,0.01565594
455.10013019,0.01625716
455.32134098,0.02266327
455.54256589,0.02173034
455.76380493,0.01636082
455.98505809,0.01683765
456.20632537,0.02226937
456.42760677,0.01791570
456.64890229,0.01540715
456.87021191,0.02073522
457.09153565,0.01770838
457.31287349,0.01969863
457.53422544,0.02461206
457.75559149,0.02328522
457.97697163,0.01849619
458.19836587,0.02106693
458.41977420,0.01930473
458.64119663,0.02125351
458.86263313,0.01961570
459.08408373,0.02390718
459.30554840,0.01901448
459.52702716,0.02674743
459.74851999,0.01611203
459.97002689,0.02535840
460.19154786,0.01944985
460.41308290,0.02311937
460.63463201,0.02046570
460.85619518,0.01752179
461.07777241,0.01951204
461.29936369,0.02017546
461.52096903,0.02421815
461.74258841,0.02258034
461.96422185,0.02235229
462.18586933,0.02216571
462.40753086,0.02560718
462.62920642,0.02529621
462.85089602,0.02015473
463.07259966,0.02162668
463.29431733,0.02108766
463.51604902,0.02326449
463.73779475,0.02241449
463.95955449,0.02421815
464.18132826,0.02763889
464.40311604,0.02461206
464.62491784,0.02210351
464.84673365,0.02334742
465.06856347,0.02510962
465.29040730,0.02156449
465.51226513,0.02289132
465.73413696,0.02048644
465.95602279,0.02546206
466.17792261,0.02751450
466.39983643,0.03010597
466.62176424,0.02714133
466.84370603,0.03029256
467.06566181,0.02627060
467.28763157,0.02778402
467.50961531,0.02691328
467.73161303,0.02859256
467.95362472,0.02452913
468.17565038,0.03074866
468.39769001,0.02403157
468.61974360,0.02689255
468.84181116,0.02763889
469.06389267,0.03302915
469.28598814,0.02971207
469.50809757,0.03157793
469.73022094,0.03346452
469.95235827,0.03089378
470.17450954,0.02871695
470.39667475,0.02600108
470.61885390,0.02967061
470.84104699,0.03105963
471.06325402,0.03508160
471.28547498,0.02591816
471.50770986,0.03132915
471.72995867,0.02620840
471.95222141,0.02160595
472.17449806,0.02591816
472.39678864,0.02484011
472.61909313,0.02542060
472.84141153,0.02631206
473.06374384,0.03155720
473.28609005,0.03114256
473.50845017,0.02554499
473.73082420,0.02786694
473.95321212,0.02817792
474.17561393,0.03159866
474.39802964,0.02761816
474.62045924,0.02751450
474.84290273,0.02316083
475.06536010,0.03060354
475.28783136,0.03012671
475.51031649,0.02859256
475.73281550,0.02297425
475.95532838,0.02405230
476.17785513,0.02444620
476.40039575,0.02703767
476.62295024,0.02811572
476.84551859,0.03018890
477.06810080,0.02875841
477.29069686,0.03230354
477.51330678,0.02913158
477.73593055,0.03219988
477.95856817,0.02838524
478.18121963,0.03232427
478.40388494,0.03226208
478.62656409,0.03387915
478.84925707,0.02971207
479.07196389,0.02977427
479.29468455,0.02931817
479.51741903,0.03130842
479.74016733,0.02504742
479.96292946,0.02830231
480.18570542,0.02892426
480.40849519,0.02401084
480.63129877,0.02813646
480.85411617,0.02882060
481.07694738,0.02602182
481.29979239,0.02647792
481.52265121,0.02421815
481.74552383,0.02421815
481.96841025,0.02417669
482.19131046,0.02697548
482.41422447,0.02355474
482.63715227,0.02884134
482.86009385,0.02554499
483.08304922,0.02436328
483.30601837,0.02583523
483.52900130,0.02913158
483.75199801,0.02510962
483.97500849,0.02658157
484.19803274,0.02647792
484.42107076,0.02533767
484.64412255,0.02687182
484.86718810,0.02624987
485.09026741,0.01996814
485.31336047,0.02229010
485.53646729,0.02481937
485.75958786,0.02336815
485.98272218,0.02289132
486.20587024,0.02079741
486.42903205,0.02345108
486.65220760,0.02268400
486.87539689,0.02680962
487.09859991,0.02579377
487.32181666,0.02739011
487.54504715,0.02950475
487.76829136,0.02890353
487.99154929,0.03049988
488.21482094,0.02850963
488.43810631,0.02875841
488.66140540,0.03504013
488.88471820,0.02991939
489.10804471,0.03186817
489.33138493,0.03470843
489.55473885,0.03286330
489.77810647,0.03676087
490.00148780,0.03703038
490.22488281,0.03993283
490.44829153,0.04161210
490.67171393,0.03945600
490.89515002,0.04229625
491.11859979,0.04289747
491.34206325,0.04376821
491.56554038,0.03962185
491.78903120,0.04354016
492.01253568,0.03841941
492.23605384,0.04063771
492.45958567,0.04285601
492.68313116,0.03970478
492.90669031,0.03655355
493.13026312,0.03493647
493.35384960,0.03275964
493.57744972,0.03149500
493.80106350,0.03203403
494.02469092,0.03375476
494.24833200,0.03358891
494.47198671,0.03723770
494.69565507,0.03190964
494.91933706,0.03951819
495.14303269,0.03431452
495.36674195,0.03149500
495.59046484,0.03489501
495.81420136,0.03267671
496.03795150,0.02956695
496.26171526,0.02898646
496.48549264,0.02969134
496.70928364,0.03215842
496.93308825,0.03240720
497.15690647,0.04105234
497.38073830,0.03738282
497.60458373,0.04016088
497.82844276,0.04484626
498.05231539,0.03993283
498.27620162,0.03922795
498.50010144,0.04034746
498.72401485,0.04069990
498.94794185,0.04322918
499.17188244,0.04084503
499.39583661,0.04262796
499.61980435,0.03897917
499.84378568,0.04293893
500.06778058,0.04329137
500.29178904,0.04490845
500.51581108,0.03976697
500.73984668,0.04181942
500.96389585,0.04014015
501.18795858,0.03964258
501.41203486,0.04472187
501.63612470,0.03750721
501.86022809,0.04366455
502.08434503,0.04443162
502.30847551,0.04511577
502.53261954,0.04306333
502.75677711,0.03584867
502.98094822,0.03970478
503.20513286,0.04322918
503.42933104,0.03792185
503.65354274,0.03630477
503.87776797,0.03707185
504.10200673,0.03462550
504.32625901,0.03649136
504.55052480,0.03336086
504.77480411,0.03072793
504.99909694,0.02799133
505.22340327,0.03497794
505.44772312,0.03132915
505.67205646,0.02784621
505.89640331,0.03099744
506.12076366,0.02575230
506.34513750,0.03070719
506.56952484,0.02805353
506.79392567,0.03201330
507.01833999,0.02989866
507.24276779,0.03325720
507.46720907,0.03074866
507.69166384,0.02967061
507.91613208,0.02902792
508.14061380,0.03280110
508.36510898,0.03217915
508.58961764,0.03263525
508.81413976,0.03400355
509.03867534,0.03744502
509.26322439,0.03365111
509.48778689,0.03657428
509.71236285,0.03949746
509.93695226,0.03688526
510.16155512,0.03804624
510.38617142,0.03586940
510.61080117,0.03725843
510.83544436,0.03846087
511.06010099,0.03806697
511.28477105,0.03999502
511.50945454,0.04308406
511.73415147,0.03622184
511.95886182,0.03916575
512.18358560,0.03460477
512.40832280,0.02902792
512.63307341,0.03396208
512.85783745,0.03257305
513.08261489,0.03095598
513.30740575,0.03315354
513.53221001,0.03157793
513.75702768,0.03392062
513.98185875,0.03110110
514.20670322,0.03091451
514.43156109,0.03083159
514.65643235,0.02950475
514.88131700,0.03074866
515.10621504,0.03661575
515.33112647,0.03018890
515.55605128,0.03232427
515.78098946,0.03296696
516.00594103,0.03020963
516.23090597,0.02838524
516.45588428,0.03389989
516.68087596,0.02811572
516.90588100,0.03027183
517.13089941,0.02817792
517.35593118,0.02745231
517.58097631,0.02886207
517.80603479,0.03205476
518.03110663,0.02610474
518.25619181,0.02848890
518.48129034,0.02591816
518.70640222,0.02763889
518.93152743,0.02428035
519.15666598,0.02805353
519.38181787,0.02498523
519.60698310,0.02964988
519.83216165,0.02558645
520.05735353,0.02334742
520.28255873,0.02428035
520.50777726,0.02239376
520.73300910,0.02624987
520.95825426,0.02741084
521.18351273,0.02720353
521.40878452,0.02921451
521.63406961,0.02510962
521.85936801,0.02643645
522.08467971,0.02631206
522.31000471,0.02274620
522.53534300,0.02577304
522.76069459,0.02902792
522.98605947,0.02807426
523.21143764,0.03108037
523.43682910,0.03414867
523.66223383,0.03280110
523.88765185,0.03296696
524.11308315,0.03468769
524.33852772,0.03537184
524.56398556,0.02940109
524.78945667,0.03785965
525.01494104,0.03530965
525.24043868,0.03831575
525.46594959,0.03978771
525.69147374,0.04855724
525.91701116,0.04111454
526.14256182,0.03620111
526.36812574,0.03574501
526.59370290,0.03686453
526.81929331,0.03528891
527.04489696,0.03788038
527.27051384,0.03686453
527.49614396,0.03611818
527.72178732,0.03495721
527.94744390,0.03348525
528.17311372,0.03435599
528.39879675,0.03705111
528.62449301,0.03578648
528.85020249,0.04119747
529.07592518,0.03964258
529.30166109,0.03989137
529.52741021,0.04482552
529.75317254,0.04596577
529.97894807,0.04219259
530.20473680,0.04866090
530.43053874,0.04899261
530.65635387,0.05929629
530.88218219,0.05125237
531.10802371,0.05693287
531.33387841,0.05763775
531.55974630,0.05496336
531.78562738,0.05888166
532.01152163,0.05952434
532.23742906,0.05884020
532.46334967,0.05272433
532.68928344,0.05699507
532.91523039,0.05670482
533.14119051,0.05935849
533.36716378,0.05471458
533.59315022,0.05506702
533.81914982,0.05475604
534.04516257,0.06151459
534.27118847,0.05353287
534.49722752,0.05693287
534.72327973,0.05842556
534.94934507,0.05888166
535.17542356,0.06433411
535.40151518,0.06097557
535.62761994,0.05359506
535.85373784,0.05069261
536.07986886,0.06433411
536.30601301,0.05776214
536.53217029,0.05749263
536.75834069,0.05195725
536.98452420,0.05796946
537.21072084,0.05989752
537.43693059,0.06215728
537.66315345,0.05641458
537.88938941,0.05568897
538.11563848,0.05917190
538.34190066,0.05782434
538.56817593,0.05556458
538.79446431,0.05438287
539.02076577,0.05626946
539.24708033,0.06188777
539.47340798,0.06116215
539.69974871,0.05908898
539.92610252,0.05886093
540.15246942,0.05933776
540.37884939,0.06039508
540.60524244,0.06619997
540.83164856,0.06387801
541.05806775,0.06665607
541.28450001,0.06595119
541.51094533,0.07015974
541.73740371,0.07177682
541.96387515,0.07212926
542.19035965,0.06806583
542.41685719,0.07457560
542.64336779,0.07812073
542.86989144,0.07984147
543.09642813,0.06872925
543.32297786,0.07438902
543.54954063,0.06980730
543.77611643,0.07702195
544.00270527,0.07264755
544.22930714,0.07664878
544.45592204,0.07221218
544.68254996,0.07018047
544.90919091,0.06860486
545.13584487,0.07015974
545.36251185,0.06908169
545.58919184,0.06850120
545.81588485,0.06779632
546.04259086,0.06789998
546.26930988,0.06738168
546.49604191,0.06945486
546.72278693,0.06522558
546.94954495,0.06667680
547.17631596,0.06698778
547.40309997,0.06789998
547.62989696,0.06306948
547.85670694,0.06943413
548.08352991,0.07926098
548.31036585,0.07171462
548.53721477,0.07364267
548.76407667,0.08326221
548.99095154,0.07648293
549.21783938,0.07534268
549.44474018,0.07768537
549.67165395,0.07789269
549.89858069,0.07834878
550.12552038,0.07555000
550.35247302,0.07229511
550.57943862,0.07443048
550.80641717,0.07399511
551.03340866,0.07579878
551.26041310,0.07731220
551.48743048,0.08038050
551.71446081,0.08187318
551.94150406,0.08510734
552.16856025,0.08498295
552.39562937,0.09172077
552.62271142,0.08633051
552.84980640,0.09329638
553.07691429,0.09026955
553.30403511,0.09402200
553.53116884,0.09779518
553.75831549,0.09642688
553.98547505,0.09891469
554.21264752,0.10248056
554.43983289,0.10098787
554.66703116,0.10708301
554.89424234,0.11116716
555.12146641,0.11230741
555.34870338,0.11079399
555.57595324,0.11941840
555.80321599,0.12294280
556.03049162,0.11817450
556.25778014,0.11525132
556.48508154,0.12136719
556.71239582,0.12520257
556.93972297,0.11670254
557.16706300,0.11255619
557.39441589,0.11361351
557.62178165,0.11651596
557.84916028,0.10843057
558.07655177,0.11183058
558.30395611,0.11881718
558.53137331,0.12271476
558.75880337,0.12194768
558.98624627,0.12553427
559.21370202,0.12283915
559.44117062,0.11722084
559.66865206,0.12298427
559.89614634,0.12360622
560.12365345,0.12310866
560.35117340,0.12169890
560.57870618,0.12006109
560.80625179,0.11448425
561.03381022,0.11234887
561.26138148,0.11794645
561.48896555,0.12140865
561.71656244,0.11697206
561.94417215,0.12095256
562.17179467,0.12018548
562.39942999,0.11616352
562.62707812,0.11765621
562.85473906,0.11937694
563.08241279,0.11699279
563.31009933,0.10878301
563.53779866,0.11890011
563.76551078,0.11230741
563.99323568,0.11525132
564.22097338,0.11044155
564.44872386,0.10830618
564.67648712,0.11108424
564.90426316,0.11317814
565.13205197,0.11392449
565.35985356,0.11798791
565.58766792,0.12375134
565.81549504,0.11991597
566.04333493,0.12725501
566.27118758,0.11114643
566.49905298,0.11402815
566.72693115,0.11253546
566.95482207,0.11224522
567.18272573,0.10787081
567.41064215,0.11031716
567.63857131,0.10720740
567.86651321,0.10747691
568.09446785,0.10389032
568.32243523,0.10563178
568.55041534,0.10401471
568.77840819,0.10959155
569.00641376,0.10343422
569.23443206,0.10627447
569.46246308,0.10894887
569.69050682,0.10641959
569.91856327,0.10845130
570.14663244,0.11249400
570.37471433,0.10768423
570.60280892,0.11438059
570.83091622,0.10785008
571.05903622,0.11091838
571.28716892,0.10965375
571.51531432,0.11035862
571.74347241,0.11581108
571.97164320,0.10836838
572.19982667,0.11218302
572.42802284,0.10963301
572.65623168,0.10629520
572.88445321,0.11091838
573.11268742,0.10577691
573.34093430,0.10637813
573.56919385,0.11355132
573.79746608,0.10867935
574.02575097,0.11531352
574.25404853,0.11199643
574.48235874,0.11487815
574.71068162,0.11734523
574.93901715,0.11377937
575.16736534,0.12161597
575.39572618,0.11902450
575.62409966,0.11863060
575.85248579,0.11593547
576.08088456,0.12045499
576.30929597,0.12441476
576.53772002,0.12163670
576.76615671,0.12655013
576.99460602,0.12773184
577.22306796,0.12851965
577.45154253,0.13376478
577.68002972,0.13366113
577.90852953,0.13245868
578.13704196,0.12992941
578.36556700,0.13065502
578.59410465,0.12992941
578.82265492,0.13084161
579.05121779,0.12922453
579.27979326,0.12341964
579.50838133,0.12302573
579.73698201,0.12472574
579.96559527,0.11997816
580.19422113,0.12184402
580.42285958,0.11742816
580.65151062,0.11902450
580.88017424,0.11543791
581.10885044,0.11562449
581.33753922,0.11792572
581.56624057,0.11280497
581.79495450,0.10977814
582.02368100,0.10712447
582.25242007,0.10915618
582.48117170,0.10896960
582.70993589,0.11465010
582.93871264,0.11458790
583.16750195,0.11010984
583.39630381,0.10480251
583.62511822,0.10704154
583.85394518,0.10322690
584.08278469,0.10631593
584.31163674,0.10563178
584.54050133,0.10668910
584.76937845,0.11450498
584.99826811,0.11599766
585.22717030,0.11954280
585.45608502,0.11958426
585.68501226,0.13446966
585.91395203,0.13689528
586.14290432,0.13606601
586.37186912,0.13784894
586.60084644,0.14019163
586.82983628,0.14079285
587.05883862,0.14630750
587.28785347,0.14545750
587.51688082,0.15240264
587.74592067,0.14684653
587.97497302,0.15217459
588.20403787,0.15041239
588.43311520,0.15567826
588.66220503,0.15953436
588.89130735,0.15536728
589.12042215,0.15451728
589.34954943,0.15972095
589.57868919,0.15882948
589.80784142,0.16562950
590.03700613,0.16088193
590.26618331,0.15882948
590.49537296,0.16065388
590.72457507,0.15211239
590.95378964,0.15124166
591.18301667,0.15122093
591.41225616,0.15348069
591.64150811,0.15086849
591.87077250,0.15681850
592.10004934,0.14976970
592.32933863,0.15059898
592.55864036,0.14831848
592.78795453,0.14655628
593.01728114,0.14636970
593.24662018,0.14355018
593.47597165,0.14319774
593.70533555,0.14207822
593.93471188,0.14856726
594.16410063,0.14502213
594.39350180,0.14657701
594.62291539,0.14900263
594.85234140,0.14838068
595.08177981,0.15194654
595.31123064,0.14425506
595.54069387,0.14715750
595.77016951,0.15088922
595.99965755,0.14556116
596.22915798,0.15294166
596.45867081,0.15296240
596.68819604,0.14450384
596.91773365,0.14106236
597.14728365,0.13672943
597.37684603,0.14118676
597.60642080,0.15221605
597.83600795,0.15907827
598.06560747,0.16334901
598.29521936,0.16334901
598.52484363,0.17253318
598.75448026,0.17562221
598.98412926,0.17551855
599.21379062,0.17657587
599.44346434,0.17553928
599.67315042,0.17553928
599.90284885,0.18540760
600.13255963,0.19894544
600.36228276,0.19494421
600.59201824,0.19324421
600.82176606,0.19077713
601.05152622,0.18901493
601.28129871,0.18476492
601.51108354,0.19598080
601.74088070,0.19896618
601.97069019,0.20730034
602.20051201,0.21347841
602.43034615,0.21803940
602.66019261,0.22388575
602.89005139,0.22881991
603.11992249,0.23186748
603.34980589,0.23978702
603.57970161,0.24094799
603.80960963,0.24751996
604.03952996,0.25925414
604.26946259,0.26984807
604.49940751,0.28268103
604.72936474,0.28067005
604.95933425,0.28114688
605.18931606,0.27917736
605.41931015,0.27687614
605.64931653,0.27204564
605.87933519,0.27094685
606.10936612,0.28201762
606.33940934,0.28516884
606.56946483,0.30266645
606.79953259,0.29445667
607.02961261,0.30849208
607.25970490,0.31046159
607.48980946,0.31701283
607.71992627,0.31887869
607.95005534,0.31979089
608.18019667,0.32037137
608.41035024,0.32252748
608.64051607,0.32265187
608.87069414,0.33936167
609.10088445,0.33853240
609.33108700,0.35167634
609.56130179,0.35773001
609.79152882,0.37041785
610.02176808,0.36457149
610.25201956,0.37108127
610.48228328,0.37273981
610.71255921,0.37547640
610.94284737,0.36973370
611.17314775,0.37908373
611.40346034,0.37018980
611.63378514,0.35549098
611.86412215,0.34176655
612.09447137,0.32893359
612.32483280,0.31883722
612.55520642,0.29582497
612.78559225,0.27901151
613.01599027,0.26707001
613.24640048,0.25763706
613.47682288,0.24787240
613.70725747,0.23957970
613.93770425,0.22855040
614.16816321,0.22908943
614.39863434,0.21507476
614.62911766,0.21936623
614.85961314,0.22137721
615.09012080,0.22738942
615.32064063,0.22568942
615.55117262,0.22940040
615.78171677,0.22886138
616.01227308,0.23049919
616.24284156,0.23118333
616.47342218,0.22380283
616.70401496,0.23037480
616.93461988,0.22206136
617.16523695,0.22158453
617.39586617,0.20709303
617.62650752,0.20626376
617.85716101,0.19917349
618.08782664,0.19135762
618.31850440,0.18495150
618.54919429,0.18478565
618.77989630,0.18242223
619.01061044,0.17522831
619.24133670,0.16457218
619.47207508,0.16426121
619.70282557,0.15924412
619.93358818,0.16108925
620.16436289,0.15080629
620.39514972,0.15574045
620.62594864,0.14767580
620.85675967,0.15503557
621.08758280,0.14299042
621.31841802,0.13861602
621.54926534,0.13701967
621.78012475,0.13017819
622.01099624,0.12769038
622.24187982,0.12681964
622.47277549,0.13059282
622.70368323,0.12932819
622.93460305,0.11421473
623.16553494,0.11927328
623.39647890,0.11040009
623.62743493,0.11120863
623.85840303,0.10559032
624.08938319,0.09966104
624.32037541,0.10192080
624.55137968,0.10169275
624.78239602,0.09835493
625.01342440,0.09711103
625.24446483,0.09955738
625.47551731,0.09823054
625.70658183,0.09920494
625.93765839,0.10380739
626.16874699,0.10347568
626.39984763,0.09605371
626.63096029,0.10090494
626.86208499,0.10420129
627.09322171,0.10123665
627.32437046,0.11002692
627.55553123,0.10948789
627.78670401,0.11388302
628.01788882,0.11786352
628.24908563,0.12833306
628.48029446,0.11991597
628.71151529,0.12559647
628.94274813,0.13135990
629.17399296,0.14274164
629.40524980,0.14012944
629.63651863,0.14168432
629.86779946,0.14019163
630.09909228,0.14771726
630.33039709,0.15895388
630.56171388,0.17466855
630.79304265,0.17311367
631.02438340,0.18474419
631.25573613,0.19291250
631.48710084,0.19027957
631.71847751,0.19477836
631.94986615,0.20839913
632.18126676,0.21310524
632.41267933,0.21691988
632.64410387,0.21227597
632.87554035,0.23201260
633.10698880,0.24407849
633.33844919,0.24646264
633.56992154,0.26145171
633.80140583,0.26367001
634.03290207,0.26012487
634.26441024,0.25512852
634.49593035,0.25407120
634.72746240,0.25541876
634.95900638,0.25514925
635.19056229,0.26449928
635.42213013,0.26120293
635.65370989,0.25910902
635.88530158,0.24880533
636.11690518,0.25738828
636.34852069,0.26624074
636.58014812,0.28276396
636.81178746,0.29310911
637.04343871,0.30316401
637.27510187,0.30206523
637.50677692,0.31265916
637.73846387,0.31299087
637.97016272,0.31939698
638.20187347,0.32839457
638.43359610,0.32530553
638.66533062,0.32773115
638.89707703,0.33500800
639.12883532,0.32159455
639.36060549,0.32578236
639.59238754,0.32001933
639.82418146,0.33028863
640.05598725,0.31688251
640.28780491,0.31667907
640.51963444,0.31845170
640.75147583,0.30364825
640.98332908,0.31042475
641.21519419,0.31227805
641.44707115,0.31471721
641.67895997,0.31232753
641.91086063,0.30176615
642.14277314,0.30105344
642.37469750,0.30176670
642.60663369,0.29763740
642.83858172,0.29933674
643.07054159,0.30164176
643.30251329,0.30416475
643.53449683,0.30199660
643.76649218,0.30515286
643.99849937,0.30156207
644.23051837,0.29842856
644.46254919,0.29339087
644.69459183,0.29776339
644.92664628,0.28116613
645.15871254,0.27665680
645.39079061,0.26374804
645.62288049,0.26246098
645.85498217,0.25190576
646.08709564,0.24646893
646.31922091,0.23914204
646.55135798,0.24583819
646.78350684,0.24808773
647.01566748,0.23822596
647.24783991,0.23155643
647.48002413,0.22844420
647.71222012,0.23686598
647.94442789,0.24652462
648.17664744,0.24196189
648.40887875,0.24713440
648.64112184,0.23760669
648.87337669,0.23535582
649.10564331,0.23526820
649.33792168,0.23850428
649.57021181,0.22994680
649.80251370,0.23756406
650.03482734,0.23733798
650.26715273,0.23891012
650.49948987,0.23848953
650.73183875,0.24808923
650.96419937,0.24297403
651.19657173,0.23448036
651.42895582,0.24389281
651.66135165,0.25107133
651.89375921,0.24800995
652.12617849,0.25538477
652.35860950,0.25259149
652.59105224,0.25482204
652.82350669,0.26229025
653.05597285,0.26018758
653.28845073,0.24606765
653.52094032,0.25035540
653.75344162,0.25459822
653.98595462,0.25412259
654.21847933,0.24921806
654.45101573,0.25154434
654.68356383,0.25061474
654.91612363,0.26498659
655.14869511,0.25790251
655.38127829,0.26932100
655.61387315,0.26131081
655.84647969,0.26114242
656.07909792,0.26450119
656.31172782,0.25656719
656.54436939,0.25227973
656.77702264,0.24851294
657.00968756,0.24764709
657.24236414,0.25985849
657.47505238,0.27153895
657.70775229,0.27131151
657.94046385,0.27944796
658.17318707,0.28469705
658.40592195,0.29397056
658.63866847,0.30011355
658.87142663,0.30636894
659.10419645,0.30357345
659.33697790,0.29958506
659.56977099,0.30806182
659.80257572,0.30336932
660.03539208,0.29676756
660.26822007,0.29246518
660.50105969,0.28088754
660.73391093,0.28287045
660.96677380,0.28742319
661.19964828,0.28330487
661.43253438,0.29430983
661.66543209,0.29228309
661.89834142,0.29549632
662.13126235,0.29605846
662.36419489,0.28941776
662.59713903,0.30493554
662.83009477,0.28484667
663.06306210,0.27842688
663.29604103,0.28118677
663.52903155,0.28321334
663.76203367,0.27563511
663.99504736,0.27096630
664.22807264,0.26796473
664.46110950,0.26308251
664.69415794,0.25820991
664.92721795,0.25444342
665.16028953,0.24971125
665.39337269,0.24618428
665.62646740,0.24307392
665.85957369,0.23835339
666.09269153,0.23721032
666.32582093,0.24201933
666.55896189,0.24036723
666.79211440,0.24200531
667.02527846,0.24486630
667.25845406,0.23814921
667.49164121,0.23323578
667.72483991,0.23885409
667.95805014,0.23539188
668.19127190,0.23653213
668.42450520,0.22950406
668.65775003,0.22821869
668.89100639,0.22490161
669.12427427,0.22799064
669.35755368,0.22838455
669.59084460,0.21580037
669.82414704,0.22065160
670.05746099,0.23066504
670.29078646,0.23479066
670.52412343,0.23192968
670.75747191,0.24086507
670.99083189,0.24700167
671.22420337,0.24517727
671.45758635,0.24805899
671.69098082,0.25653828
671.92438678,0.25711877
672.15780424,0.25720170
672.39123317,0.25633096
672.62467360,0.26541147
672.85812550,0.26831392
673.09158888,0.27720785
673.32506373,0.28966764
673.55855006,0.29990913
673.79204785,0.31129086
674.02555712,0.30981891
674.25907784,0.31212013
674.49261003,0.32669456
674.72615367,0.32418602
674.95970878,0.33581654
675.19327533,0.34454461
675.42685333,0.34645193
675.66044278,0.36113002
675.89404368,0.37307151
676.12765601,0.36278856
676.36127979,0.37558006
676.59491500,0.36795077
676.82856165,0.36583613
677.06221972,0.35217390
677.29588922,0.34723974
677.52957015,0.33890557
677.76326250,0.32072381
677.99696627,0.30880305
678.23068146,0.30942500
678.46440806,0.29507863
678.69814607,0.28813348
678.93189549,0.26402245
679.16565631,0.26733953
679.39942854,0.24969680
679.63321217,0.26159683
679.86700720,0.25388461
680.10081361,0.24393337
680.33463143,0.23806628
680.56846063,0.23651140
680.80230121,0.22977357
681.03615318,0.23551627
681.27001653,0.23738213
681.50389126,0.24231629
681.73777736,0.24351873
681.97167484,0.23970409
682.20558368,0.24436874
682.43950390,0.24252361
682.67343547,0.23854311
682.90737841,0.23255163
683.14133270,0.22577234
683.37529836,0.22707845
683.60927536,0.21667110
683.84326371,0.21140523
684.07726341,0.21430768
684.31127446,0.20978816
684.54529685,0.20985035
684.77933057,0.21497110
685.01337564,0.21501256
685.24743203,0.21886867
685.48149976,0.23709189
685.71557881,0.24683581
685.94966919,0.25761633
686.18377090,0.26037366
686.41788392,0.26709075
686.65200826,0.27870053
686.88614391,0.27426394
687.12029088,0.28040054
687.35444915,0.27451272
687.58861873,0.27438833
687.82279961,0.26547367
688.05699179,0.25747121
688.29119527,0.26047731
688.52541004,0.26219805
688.75963611,0.25971024
688.99387346,0.26327610
689.22812210,0.25813463
689.46238203,0.27117490
689.69665323,0.26866636
689.93093571,0.28682738
690.16522947,0.30100791
690.39953450,0.30407621
690.63385080,0.30876159
690.86817837,0.31452502
691.10251720,0.31771771
691.33686730,0.33243726
691.57122865,0.33214702
691.80560125,0.33956899
692.03998511,0.34516656
692.27438023,0.35068121
692.50878658,0.35573976
692.74320419,0.36788857
692.97763303,0.37153736
693.21207312,0.38293983
693.44652444,0.37292639
693.68098699,0.38418374
693.91546077,0.37657518
694.14994579,0.38636057
694.38444203,0.37255322
694.61894949,0.38920083
694.85346817,0.39220693
695.08799806,0.39819841
695.32253918,0.39819841
695.55709150,0.40439721
695.79165503,0.40729965
696.02622977,0.41262772
696.26081571,0.40922771
696.49541285,0.40105939
696.73002119,0.40723746
696.96464072,0.41036795
697.19927145,0.40839844
697.43391336,0.40549599
697.66856647,0.41832895
697.90323075,0.41706431
698.13790622,0.41239967
698.37259286,0.44078145
698.60729068,0.43532900
698.84199967,0.45185221
699.07671984,0.47167177
699.31145117,0.48402790
699.54619366,0.51400603
699.78094731,0.50471820
700.01571213,0.55090857
700.25048810,0.54943661
700.48527522,0.58492939
700.72007349,0.58167450
700.95488292,0.58426597
701.18970348,0.59991846
701.42453519,0.59923431
701.65937804,0.60431359
701.89423202,0.59987699
702.12909714,0.60151480
702.36397339,0.58360256
702.59886077,0.58063792
702.83375927,0.56347202
703.06866889,0.53960976
703.30358964,0.52173898
703.53852150,0.51767555
703.77346448,0.50996334
704.00841857,0.50969383
704.24338376,0.52277557
704.47836007,0.52039142
704.71334748,0.52302435
704.94834598,0.52175971
705.18335559,0.51742677
705.41837629,0.51636945
705.65340808,0.51118651
705.88845096,0.51483530
706.12350493,0.52105483
706.35856998,0.51433774
706.59364612,0.53156584
706.82873333,0.54128903
707.06383161,0.56295372
707.29894097,0.56455007
707.53406141,0.57475010
707.76919290,0.60151480
708.00433546,0.63095390
708.23948909,0.63760880
708.47465377,0.64538321
708.70982951,0.64067710
708.94501630,0.65160274
709.18021414,0.64146491
709.41542303,0.63447830
709.65064297,0.61992461
709.88587395,0.59214404
710.12111597,0.58696110
710.35636902,0.56218665
710.59163311,0.54207684
710.82690823,0.53801341
711.06219437,0.51831824
711.29749155,0.50832553
711.53279974,0.51724019
711.76811896,0.51842190
712.00344920,0.51840117
712.23879044,0.54356953
712.47414270,0.54858661
712.70950597,0.57182692
712.94488025,0.58619403
713.18026553,0.60375383
713.41566181,0.60957946
713.65106908,0.61428557
713.88648736,0.60112090
714.12191662,0.59641479
714.35735688,0.58229646
714.59280812,0.57763181
714.82827034,0.55976103
715.06374355,0.55302321
715.29922774,0.53683170
715.53472290,0.53235364
715.77022903,0.52084751
716.00574614,0.51877434
716.24127421,0.51811092
716.47681324,0.50722675
716.71236324,0.49203037
716.94792420,0.48713767
717.18349611,0.46006199
717.41907898,0.46437419
717.65467280,0.44691805
717.89027757,0.44619244
718.12589328,0.43916437
718.36151993,0.42456921
718.59715752,0.41882651
718.83280605,0.40918624
719.06846552,0.41051308
719.30413591,0.40852283
719.53981724,0.40379599
719.77550949,0.40246915
720.01121266,0.41096918
720.24692676,0.42235091
720.48265177,0.42747166
720.71838769,0.42154237
720.95413453,0.42181189
721.18989228,0.41735456
721.42566093,0.40555819
721.66144049,0.40466672
721.89723095,0.38996790
722.13303231,0.38990571
722.36884456,0.38878619
722.60466770,0.39175083
722.84050173,0.39633255
723.07634666,0.40358867
723.31220246,0.39384474
723.54806915,0.39670572
723.78394671,0.38223495
724.01983515,0.36971297
724.25573447,0.36996175
724.49164465,0.36144100
724.72756571,0.35878733
724.96349762,0.34508364
725.19944040,0.34205680
725.43539404,0.32978359
725.67135854,0.32006040
725.90733388,0.31713722
726.14332008,0.31632868
726.37931713,0.30465670
726.61532503,0.28805056
726.85134376,0.28458835
727.08737334,0.28048346
727.32341375,0.27436759
727.55946500,0.26812733
727.79552708,0.27057368
728.03159998,0.27563223
728.26768372,0.27816151
728.50377827,0.29793961
728.73988365,0.30084206
728.97599985,0.30279084
729.21212686,0.30880305
729.44826468,0.31427624
729.68441331,0.31384087
729.92057275,0.30523719
730.15674299,0.30988110
730.39292403,0.31089696
730.62911587,0.29934937
730.86531851,0.28761519
731.10153194,0.27652370
731.33775616,0.27523833
731.57399117,0.25349071
731.81023696,0.23883335
732.04649353,0.23439676
732.28276088,0.21913818
732.51903901,0.21544793
732.75532791,0.21101133
732.99162758,0.20381741
733.22793802,0.19152347
733.46425923,0.18592590
733.70059119,0.18252589
733.93693392,0.17147586
734.17328740,0.17064659
734.40965164,0.17218074
734.64602662,0.16693560
734.88241236,0.17000390
735.11880884,0.16699780
735.35521607,0.16475877
735.59163403,0.16954781
735.82806273,0.17116488
736.06450217,0.17659660
736.30095234,0.18173808
736.53741323,0.18905639
736.77388486,0.20628449
737.01036720,0.20804669
737.24686027,0.22396868
737.48336406,0.23387846
737.71987856,0.24924070
737.95640377,0.26590904
738.19293969,0.27610906
738.42948632,0.29167862
738.66604365,0.30053108
738.90261169,0.29418716
739.13919042,0.30502987
739.37577985,0.29518228
739.61237997,0.29957742
739.84899078,0.30204450
740.08561228,0.30162986
740.32224446,0.28606031
740.55888732,0.27571516
740.79554087,0.27254320
741.03220509,0.26095414
741.26887998,0.24807972
741.50556555,0.23640774
741.74226178,0.23018821
741.97896868,0.22467356
742.21568624,0.21420402
742.45241446,0.19923569
742.68915333,0.19220762
742.92590286,0.20058325
743.16266304,0.18851737
743.39943387,0.18296126
743.63621535,0.18580151
743.87300747,0.18204906
744.10981023,0.17481367
744.34662363,0.17282342
744.58344766,0.17046000
744.82028232,0.17618197
745.05712761,0.17688685
745.29398353,0.17263684
745.53085007,0.17201489
745.76772724,0.16973439
746.00461502,0.16455145
746.24151341,0.16084047
746.47842242,0.15646606
746.71534204,0.15501484
746.95227227,0.15238191
747.18921310,0.15766851
747.42616453,0.16115144
747.66312656,0.16546365
747.90009918,0.16023924
748.13708240,0.17429538
748.37407621,0.17012830
748.61108061,0.17124781
748.84809559,0.17255391
749.08512115,0.17124781
749.32215730,0.16761975
749.55920401,0.16861488
749.79626131,0.17288562
750.03332917,0.17831734
750.27040760,0.17951978
750.50749660,0.18862103
750.74459616,0.18996859
750.98170628,0.18356248
751.21882695,0.19106737
751.45595818,0.19090152
751.69309997,0.19683080
751.93025230,0.18971981
752.16741517,0.18480638
752.40458859,0.18793688
752.64177256,0.17721856
752.87896705,0.18175881
753.11617209,0.18511736
753.35338765,0.18549053
753.59061374,0.18082588
753.82785037,0.18967835
754.06509751,0.20033447
754.30235518,0.20727961
754.53962336,0.21721013
754.77690206,0.22608332
755.01419127,0.23027114
755.25149099,0.23962116
755.48880122,0.24722972
755.72612195,0.24942729
755.96345319,0.24994558
756.20079492,0.24266873
756.43814715,0.23649067
756.67550987,0.23717481
756.91288309,0.22960772
757.15026679,0.22639430
757.38766097,0.22977357
757.62506564,0.22274551
757.86248079,0.21592476
758.09990641,0.20926986
758.33734251,0.21383085
758.57478908,0.20844059
758.81224612,0.21760403
759.04971362,0.20684425
759.28719159,0.20504058
759.52468001,0.18343809
759.76217889,0.19001005
759.99968823,0.18453687
760.23720802,0.18426736
760.47473826,0.16915390
760.71227894,0.16743317
760.94983007,0.16894658
761.18739164,0.16048803
761.42496364,0.15437216
761.66254608,0.15793802
761.90013895,0.15646606
762.13774226,0.16496609
762.37535598,0.15899534
762.61298014,0.15897461
762.85061471,0.16160754
763.08825970,0.16492462
763.32591511,0.16415755
763.56358093,0.16237462
763.80125716,0.16799292
764.03894380,0.17661734
764.27664084,0.19011371
764.51434829,0.19436372
764.75206613,0.20346497
764.98979437,0.20182716
765.22753300,0.19150274
765.46528203,0.19867593
765.70304144,0.20263570
765.94081124,0.20128813
766.17859142,0.20987108
766.41638197,0.21580037
766.65418291,0.20982962
766.89199422,0.20924913
767.12981590,0.19593934
767.36764795,0.20307107
767.60549036,0.19434299
767.84334314,0.20489546
768.08120628,0.19415641
768.31907977,0.19328567
768.55696362,0.19100518
768.79485782,0.18291979
769.03276238,0.17864905
769.27067727,0.17502099
769.50860251,0.17097830
769.74653809,0.17883564
769.98448401,0.18482711
770.22244027,0.17767466
770.46040685,0.18723200
770.69838377,0.19156494
770.93637101,0.19401128
771.17436858,0.19707959
771.41237647,0.20630522
771.65039468,0.20348570
771.88842320,0.20653327
772.12646204,0.21022352
772.36451118,0.20684425
772.60257064,0.19616739
772.84064039,0.19249787
773.07872045,0.18758444
773.31681081,0.18611248
773.55491147,0.18026613
773.79302242,0.18532468
774.03114366,0.17985149
774.26927519,0.17182830
774.50741700,0.16200144
774.74556910,0.16403316
774.98373147,0.16971366
775.22190413,0.17205635
775.46008705,0.16755756
775.69828025,0.16973439
775.93648372,0.17147586
776.17469745,0.17164171
776.41292145,0.17431611
776.65115570,0.16625146
776.88940022,0.17593319
777.12765499,0.17039781
777.36592001,0.17371489
777.60419528,0.16625146
777.84248079,0.16249901
778.08077655,0.15547094
778.31908256,0.15673558
778.55739879,0.14454530
778.79572527,0.14647335
779.03406198,0.14386115
779.27240891,0.14207822
779.51076608,0.12760745
779.74913346,0.13285259
779.98751107,0.12926599
780.22589890,0.14798677
780.46429695,0.12827087
780.70270520,0.12924526
780.94112367,0.12147085
781.17955235,0.12945258
781.41799123,0.12147085
781.65644031,0.12493305
781.89489959,0.11595620
782.13336907,0.12215500
782.37184874,0.12026841
782.61033861,0.12466354
782.84883866,0.12717208
783.08734890,0.11825743
783.32586931,0.12240378
783.56439991,0.11887938
783.80294069,0.11829889
784.04149164,0.12731721
784.28005276,0.13191966
784.51862406,0.14506359
784.75720551,0.13946602
784.99579713,0.14433798
785.23439891,0.15447581
785.47301085,0.15727460
785.71163295,0.15557460
785.95026519,0.16106852
786.18890759,0.15480752
786.42756013,0.15675631
786.66622282,0.14962458
786.90489564,0.15229898
787.14357861,0.14450384
787.38227171,0.14508433
787.62097494,0.13801480
787.85968831,0.14170505
788.09841180,0.13693674
788.33714541,0.13388917
788.57588915,0.12810501
788.81464301,0.12681964
789.05340698,0.12553427
789.29218106,0.11902450
789.53096526,0.11767694
789.76975956,0.12124280
790.00856397,0.12105621
790.24737848,0.12930746
790.48620309,0.12080743
790.72503780,0.13225137
790.96388260,0.13171234
791.20273749,0.13558918
791.44160247,0.12889282
791.68047754,0.12862331
791.91936269,0.12644647
792.15825792,0.12138792
792.39716323,0.12657086
792.63607861,0.12006109
792.87500406,0.11931475
793.11393958,0.13169161
793.35288517,0.12039280
793.59184082,0.11846474
793.83080653,0.11353058
794.06978230,0.11361351
794.30876813,0.12128426
794.54776401,0.11000618
794.78676993,0.11027570
795.02578591,0.11900377
795.26481193,0.11657815
795.50384798,0.11987450
795.74289408,0.12209280
795.98195022,0.11784279
796.22101638,0.12084890
796.46009258,0.12064158
796.69917880,0.12269402
796.93827505,0.12370988
797.17738132,0.12557574
797.41649761,0.12433183
797.65562392,0.13733065
797.89476024,0.13587942
798.13390657,0.13716479
798.37306290,0.14386115
798.61222925,0.13525747
798.85140559,0.14294895
799.09059194,0.14280383
799.32978828,0.15032946
799.56899462,0.14464896
799.80821094,0.14842214
800.04743726,0.14554043
800.28667356,0.14539530
800.52591985,0.14734409
800.76517611,0.15180142
801.00444236,0.15283801
801.24371857,0.15903680
801.48300476,0.16044656
801.72230092,0.15773070
801.96160705,0.16295511
802.20092314,0.16915390
802.44024919,0.17346611
802.67958519,0.17916734
802.91893116,0.18231857
803.15828707,0.19023810
803.39765294,0.18884908
803.63702875,0.19678934
803.87641450,0.19108811
804.11581020,0.19535885
804.35521584,0.19382470
804.59463141,0.19212469
804.83405692,0.18350028
805.07349235,0.19282957
805.31293772,0.19332714
805.55239300,0.18696249
805.79185821,0.18432955
806.03133334,0.18532468
806.27081839,0.17676246
806.51031335,0.17228440
806.74981822,0.17373562
806.98933300,0.16772341
807.22885768,0.16249901
807.46839227,0.16007339
807.70793675,0.15064044
807.94749114,0.14554043
808.18705542,0.14290749
808.42662959,0.13838797
808.66621364,0.13374405
808.90580759,0.13569284
809.14541141,0.13685382
809.38502512,0.12752452
809.62464871,0.12590745
809.86428217,0.12974282
810.10392550,0.12536842
810.34357870,0.11365498
810.58324177,0.11753181
810.82291470,0.10981960
811.06259749,0.10223177
811.30229015,0.10395251
811.54199265,0.09248785
811.78170501,0.08761588
812.02142722,0.08027684
812.26115928,0.07405731
812.50090118,0.07237804
812.74065292,0.06462436
812.98041450,0.06367070
813.22018592,0.06665607
813.45996717,0.05436214
813.69975825,0.05369872
813.93955916,0.05301457
814.17936989,0.05247555
814.41919045,0.04646333
814.65902083,0.05442433
814.89886102,0.04399625
815.13871102,0.04899261
815.37857084,0.04480479
815.61844047,0.04808041
815.85831990,0.05023651
816.09820913,0.04766578
816.33810817,0.04416211
816.57801700,0.04499138
816.81793562,0.04210966
817.05786404,0.04403772
817.29780225,0.03615965
817.53775024,0.03651209
817.77770801,0.03638770
818.01767557,0.03217915
818.25765290,0.03085232
818.49764001,0.03180598
818.73763689,0.03228281
818.97764354,0.02911085
819.21765996,0.03006451
819.45768614,0.02419742
819.69772209,0.02237303
819.93776779,0.02303644
820.17782324,0.01886936
820.41788845,0.02260108
820.65796341,0.01940838
820.89804812,0.01654740
821.13814257,0.02009253
821.37824677,0.02160595
821.61836070,0.02044497
821.85848437,0.02237303
822.09861777,0.02668523
822.33876090,0.03219988
822.57891376,0.03263525
822.81907635,0.03877185
823.05924866,0.04374747
823.29943069,0.05517067
823.53962243,0.06812803
823.77982389,0.08228782
824.02003506,0.09624029
824.26025594,0.11104277
824.50048652,0.13339161
824.74072681,0.13374405
824.98097680,0.15242337
825.22123648,0.15802095
825.46150586,0.18553199
825.70178493,0.18634053
825.94207369,0.19042469
826.18237214,0.20186862
826.42268027,0.21356134
826.66299808,0.21569671
826.90332557,0.22859186
827.14366273,0.22417600
827.38400957,0.23091382
827.62436608,0.23068577
827.86473225,0.23093455
828.10510809,0.23074797
828.34549359,0.22946260
828.58588874,0.22828089
828.82629356,0.23396139
829.06670802,0.22842601
829.30713214,0.22993943
829.54756590,0.21685769
829.78800931,0.21441134
830.02846236,0.22521259
830.26892505,0.22452844
830.50939738,0.22220648
830.74987934,0.21667110
830.99037093,0.22216502
831.23087215,0.21575890
831.47138299,0.21486744
831.71190346,0.21801867
831.95243355,0.21656744
832.19297325,0.21455646
832.43352257,0.21150889
832.67408150,0.21084548
832.91465003,0.20609790
833.15522818,0.19898691
833.39581592,0.19975398
833.63641327,0.20242838
833.87702022,0.18634053
834.11763676,0.17572587
834.35826289,0.17319660
834.59889861,0.16739170
834.83954392,0.15389533
835.08019881,0.14243066
835.32086328,0.13581723
835.56153733,0.14135261
835.80222095,0.12901721
836.04291415,0.11570742
836.28361692,0.11172692
836.52432926,0.11321961
836.76505116,0.10196226
837.00578262,0.10565251
837.24652364,0.09572200
837.48727421,0.08807198
837.72803434,0.08583295
837.96880402,0.08071221
838.20958325,0.07818293
838.45037202,0.07805854
838.69117033,0.07859757
838.93197819,0.08214270
839.17279558,0.07992440
839.41362250,0.09062199
839.65445896,0.08732564
839.89530494,0.09161711
840.13616045,0.09526590
840.37702548,0.09599151
840.61790003,0.09961957
840.85878410,0.10592203
841.09967768,0.10127811
841.34058078,0.10214885
841.58149338,0.10355861
841.82241549,0.09947445
842.06334710,0.10160982
842.30428821,0.10181714
842.54523883,0.10173421
842.78619893,0.09930860
843.02716853,0.09095370
843.26814762,0.09323419
843.50913619,0.08682807
843.75013425,0.08670368
843.99114179,0.08543905
844.23215881,0.08612320
844.47318530,0.08195611
844.71422127,0.08950247
844.95526670,0.08438173
845.19632161,0.08276465
845.43738597,0.07246096
845.67845980,0.08075367
845.91954309,0.07801708
846.16063584,0.07453414
846.40173803,0.07252316
846.64284968,0.07890854
846.88397078,0.07007681
847.12510132,0.07165243
847.36624130,0.07316584
847.60739073,0.07096828
847.84854959,0.07100974
848.08971788,0.07532195
848.33089561,0.07347682
848.57208276,0.07594390
848.81327934,0.08259880
849.05448534,0.08633051
849.29570076,0.08896345
849.53692560,0.10063543
849.77815986,0.10389032
850.01940353,0.11147814
850.26065660,0.11423546
850.50191908,0.12476720
850.74319097,0.12429037
850.98447225,0.13208551
851.22576294,0.13641845
851.46706301,0.13849163
851.70837248,0.13988065
851.94969135,0.14983190
852.19101959,0.15016361
852.43235722,0.16517340
852.67370424,0.16942342
852.91506063,0.17605758
853.15642640,0.18020393
853.39780154,0.18190394
853.63918605,0.18808200
853.88057992,0.19428080
854.12198317,0.19455031
854.36339577,0.19917349
854.60481773,0.19975398
854.84624905,0.19726617
855.08768973,0.20439790
855.32913975,0.19581495
855.57059912,0.19013445
855.81206784,0.20276009
856.05354590,0.19519300
856.29503330,0.19112957
856.53653004,0.18772956
856.77803611,0.18461980
857.01955151,0.17562221
857.26107624,0.20655400
857.50261030,0.17271977
857.74415367,0.16840756
857.98570637,0.15619655
858.22726839,0.16339047
858.46883972,0.15748192
858.71042037,0.15592704
858.95201032,0.15175995
859.19360958,0.14784165
859.43521814,0.14962458
859.67683601,0.14591360
859.91846317,0.15343923
860.16009963,0.13828431
860.40174538,0.13791114
860.64340042,0.13229283
860.88506474,0.12673672
861.12673835,0.12526476
861.36842125,0.12333671
861.61011342,0.12441476
861.85181487,0.12221719
862.09352559,0.11898304
862.33524558,0.11699279
862.57697484,0.11579035
862.81871336,0.11755255
863.06046114,0.12225866
863.30221819,0.11802938
863.54398449,0.11765621
863.78576004,0.10975740
864.02754485,0.10919765
864.26933890,0.10301958
864.51114220,0.10372446
864.75295474,0.10123665
864.99477653,0.10996472
865.23660755,0.10082201
865.47844780,0.09717322
865.72029728,0.09458175
865.96215600,0.09551468
866.20402394,0.09398053
866.44590110,0.09449883
866.68778748,0.08919150
866.92968308,0.09163784
867.17158790,0.08958540
867.41350193,0.08962686
867.65542516,0.09269516
867.89735761,0.09458175
868.13929926,0.09393907
868.38125011,0.09576346
868.62321015,0.09549395
868.86517940,0.09883177
869.10715783,0.09474761
869.34914546,0.09829274
869.59114227,0.10322690
869.83314827,0.09895616
870.07516344,0.09908055
870.31718780,0.09572200
870.55922133,0.10451227
870.80126404,0.10337202
871.04331592,0.10078055
871.28537696,0.10067689
871.52744717,0.09858298
871.76952655,0.09586712
872.01161508,0.10092567
872.25371277,0.10001348
872.49581961,0.08832076
872.73793560,0.09159638
872.98006075,0.08979272
873.22219503,0.08626832
873.46433846,0.08492075
873.70649103,0.08757442
873.94865274,0.07843171
874.19082358,0.07868049
874.43300356,0.08023537
874.67519266,0.07865976
874.91739089,0.06829388
875.15959824,0.06727802
875.40181471,0.06076825
875.64404031,0.06452070
875.88627501,0.05977313
876.12851883,0.05915117
876.37077176,0.05274506
876.61303379,0.05046456
876.85530493,0.05156335
877.09758517,0.05160481
877.33987451,0.04735480
877.58217294,0.04919993
877.82448047,0.05098286
878.06679709,0.05670482
878.30912279,0.05552311
878.55145758,0.06259265
878.79380145,0.05989752
879.03615440,0.05662190
879.27851643,0.06520485
879.52088753,0.06881217
879.76326770,0.06491460
880.00565694,0.07505243
880.24805524,0.07138291
880.49046260,0.07250243
880.73287903,0.07179755
880.97530451,0.07635854
881.21773905,0.07086462
881.46018264,0.06862559
881.70263527,0.07339389
881.94509695,0.07310365
882.18756768,0.07248170
882.43004744,0.07708415
882.67253625,0.08029757
882.91503409,0.08031830
883.15754095,0.07484512
883.40005685,0.07345609
883.64258178,0.07619268
883.88511573,0.07515609
884.12765869,0.07509390
884.37021068,0.07202560
884.61277168,0.07476219
884.85534170,0.06877071
885.09792072,0.06425119
885.34050876,0.06348411
885.58310579,0.06725729
885.82571183,0.06364996
886.06832686,0.05848776
886.31095090,0.06306948
886.55358392,0.05844629
886.79622594,0.05660117
887.03887694,0.05295238
887.28153693,0.05255847
887.52420589,0.05786580
887.76688384,0.05485970
888.00957077,0.05355360
888.25226667,0.04683651
888.49497154,0.04878529
888.73768537,0.04766578
888.98040818,0.04347796
889.22313994,0.04204747
889.46588067,0.04451455
889.70863035,0.03987063
889.95138899,0.03819136
890.19415657,0.03632550
890.43693311,0.03522672
890.67971859,0.03354745
890.92251302,0.02998158
891.16531639,0.02911085
891.40812869,0.02537913
891.65094993,0.02380352
891.89378010,0.02542060
892.13661920,0.02239376
892.37946723,0.02577304
892.62232418,0.02224864
892.86519005,0.02741084
893.10806484,0.02581450
893.35094854,0.03278037
893.59384116,0.02714133
893.83674269,0.03182671
894.07965312,0.03199256
894.32257246,0.03628404
894.56550070,0.03240720
894.80843784,0.04532309
895.05138388,0.04295967
895.29433881,0.04590358
895.53730263,0.04045112
895.78027533,0.04749992
896.02325692,0.04810114
896.26624740,0.04886822
896.50924675,0.05179140
896.75225498,0.05828044
896.99527208,0.05687068
897.23829806,0.05908898
897.48133290,0.05985605
897.72437661,0.05577190
897.96742918,0.05612434
898.21049061,0.05378165
898.45356090,0.05479750
898.69664005,0.05902678
898.93972804,0.05222676
899.18282488,0.05995971
899.42593057,0.06087191
899.66904511,0.05896459
899.91216848,0.06199142
900.15530069,0.06004264
900.39844174,0.06449997
900.64159162,0.05898532
900.88475033,0.06145240
901.12791786,0.06945486
901.37109422,0.06684266
901.61427940,0.06522558
901.85747340,0.07467926
902.10067621,0.07770610
902.34388784,0.08241221
902.58710827,0.08400856
902.83033752,0.07899147
903.07357557,0.08759515
903.31682242,0.08065001
903.56007807,0.08349026
903.80334251,0.08527319
904.04661575,0.08431953
904.28989778,0.08753295
904.53318860,0.08778174
904.77648820,0.08537685
905.01979659,0.08446465
905.26311375,0.08516953
905.50643969,0.08533539
905.74977441,0.09045613
905.99311789,0.08956467
906.23647015,0.09474761
906.47983117,0.09306834
906.72320095,0.08581222
906.96657950,0.08960613
907.20996680,0.08413295
907.45336285,0.09047687
907.69676766,0.08892198
907.94018122,0.09468541
908.18360352,0.09157565
908.42703457,0.09395980
908.67047435,0.08823783
908.91392288,0.08458904
909.15738014,0.08956467
909.40084613,0.08094025
909.64432085,0.08054635
909.88780430,0.08224636
910.13129648,0.08380124
910.37479737,0.08040123
910.61830699,0.07882561
910.86182531,0.07698049
911.10535236,0.07360121
911.34888811,0.07496951
911.59243257,0.06586826
911.83598573,0.06760973
912.07954760,0.06756827
912.32311816,0.06763046
912.56669743,0.07482438
912.81028538,0.06860486
913.05388203,0.06893656
913.29748736,0.07252316
913.54110138,0.06951705
913.78472408,0.07312438
914.02835547,0.07324877
914.27199552,0.07839025
914.51564426,0.07194267
914.75930166,0.06937193
915.00296774,0.07567439
915.24664247,0.07934391
915.49032588,0.07619268
915.73401794,0.07737439
915.97771866,0.07892927
916.22142803,0.08469270
916.46514606,0.08691100
916.70887274,0.08761588
916.95260806,0.08195611
917.19635202,0.09555615
917.44010463,0.09580493
917.68386588,0.10169275
917.92763576,0.09988909
918.17141427,0.11268058
918.41520141,0.11834035
918.65899718,0.12194768
918.90280158,0.12623915
919.14661459,0.13480137
919.39043623,0.13867821
919.63426648,0.14282456
919.87810534,0.14916848
920.12195281,0.15474533
920.36580890,0.14794531
920.60967358,0.15967949
920.85354687,0.16073681
921.09742876,0.15559533
921.34131924,0.15449655
921.58521832,0.15712948
921.82912599,0.15180142
922.07304225,0.14931361
922.31696709,0.14292822
922.56090052,0.13965260
922.80484252,0.13563064
923.04879310,0.12978429
923.29275226,0.11968792
923.53671999,0.11469156
923.78069629,0.09966104
924.02468115,0.10030372
924.26867458,0.08827930
924.51267656,0.08116830
924.75668711,0.07689756
925.00070621,0.07463780
925.24473386,0.07096828
925.48877006,0.06738168
925.73281481,0.06514265
925.97686810,0.06101703
926.22092994,0.05666336
926.46500031,0.05709873
926.70907921,0.04638041
926.95316665,0.05063042
927.19726262,0.04397552
927.44136712,0.04341577
927.68548014,0.03970478
927.92960168,0.04053405
928.17373175,0.03589014
928.41787032,0.03566209
928.66201741,0.03213769
928.90617302,0.03271818
929.15033713,0.02867548
929.39450974,0.02770109
929.63869086,0.03039622
929.88288047,0.03052061
930.12707859,0.03093524
930.37128520,0.03342306
930.61550029,0.03101817
930.85972388,0.03354745
931.10395595,0.03116329
931.34819651,0.03423159
931.59244554,0.03255232
931.83670306,0.03340232
932.08096904,0.03906210
932.32524350,0.04192308
932.56952643,0.04318772
932.81381782,0.04712675
933.05811768,0.04324991
933.30242600,0.05340847
933.54674278,0.04990481
933.79106801,0.05589629
934.03540169,0.05318043
934.27974382,0.05546092
934.52409440,0.06219874
934.76845343,0.06495607
935.01282089,0.05875727
935.25719680,0.06219874
935.50158114,0.06062313
935.74597391,0.05925483
935.99037511,0.05664263
936.23478474,0.05635238
936.47920279,0.05620726
936.72362927,0.06993169
936.96806417,0.06182557
937.21250748,0.06617924
937.45695920,0.06740241
937.70141934,0.06199142
937.94588788,0.06170118
938.19036483,0.06286216
938.43485019,0.06605485
938.67934394,0.06163898
938.92384608,0.06207435
939.16835663,0.06329752
939.41287556,0.06582680
939.65740288,0.06848047
939.90193859,0.05896459
940.14648268,0.06064386
940.39103515,0.05541946
940.63559600,0.05626946
940.88016523,0.05446579
941.12474282,0.05753410
941.36932879,0.05419628
941.61392312,0.05678775
941.85852581,0.05863288
942.10313687,0.05668409
942.34775628,0.05392677
942.59238405,0.05154262
942.83702017,0.05054749
943.08166464,0.05249628
943.32631746,0.05467311
943.57097862,0.04980115
943.81564813,0.05193652
944.06032597,0.05400970
944.30501215,0.05272433
944.54970666,0.05643531
944.79440950,0.04942798
945.03912067,0.04967676
945.28384016,0.05405116
945.52856798,0.05046456
945.77330412,0.04698163
946.01804857,0.04416211
946.26280133,0.04266942
946.50756241,0.03995356
946.75233179,0.04378894
946.99710948,0.04105234
947.24189548,0.04548894
947.48668977,0.04034746
947.73149236,0.04385113
947.97630324,0.03914502
948.22112242,0.04030600
948.46594988,0.04053405
948.71078563,0.03873039
948.95562966,0.04640114
949.20048198,0.04053405
949.44534257,0.04018161
949.69021144,0.03941454
949.93508857,0.04132186
950.17997398,0.04252430
950.42486766,0.03814990
950.66976959,0.04424504
950.91467979,0.04269015
951.15959825,0.04202674
951.40452496,0.04074137
951.64945993,0.04117673
951.89440314,0.04362308
952.13935461,0.03597306
952.38431431,0.03721697
952.62928226,0.03188891
952.87425845,0.03526818
953.11924287,0.03671941
953.36423553,0.03249013
953.60923642,0.03058280
953.85424553,0.03120476
954.09926287,0.02919378
954.34428843,0.02842670
954.58932222,0.02510962
954.83436421,0.02624987
955.07941443,0.02316083
955.32447285,0.02175107
955.56953948,0.02585596
955.81461432,0.02440474
956.05969736,0.02094254
956.30478860,0.01588399
956.54988803,0.01785350
956.79499567,0.01727301
957.04011149,0.01913887
957.28523550,0.01366569
957.53036770,0.01526203
957.77550808,0.01660960
958.02065664,0.01584252
958.26581338,0.01331325
958.51097830,0.01517911
958.75615139,0.01447423
959.00133264,0.01845472
959.24652207,0.01045226
959.49171965,0.01853765
959.73692540,0.01590472
959.98213931,0.01455715
960.22736137,0.01719009
960.47259159,0.02123278
960.71782995,0.05347067
960.96307647,0.02139863
961.20833112,0.02369986
961.45359392,0.03049988
961.69886486,0.02697548
961.94414394,0.02832304
962.18943115,0.02962914
962.43472648,0.02958768
962.68002995,0.03404501
962.92534154,0.03271818
963.17066126,0.03172305
963.41598909,0.03379623
963.66132504,0.03427306
963.90666911,0.03661575
964.15202128,0.03711331
964.39738157,0.04150844
964.64274996,0.03690599
964.88812645,0.04368528
965.13351104,0.03783892
965.37890374,0.04217186
965.62430452,0.04036820
965.86971340,0.03924868
966.11513036,0.04105234
966.36055542,0.04397552
966.60598855,0.04229625
966.85142977,0.04360235
967.09687907,0.04239991
967.34233644,0.03972551
967.58780188,0.04277308
967.83327539,0.04409991
968.07875697,0.05166701
968.32424661,0.05767922
968.56974432,0.05119018
968.81525008,0.05214384
969.06076390,0.05141823
969.30628577,0.05351213
969.55181570,0.05585482
969.79735367,0.05803166
970.04289968,0.05224750
970.28845374,0.05751336
970.53401583,0.05506702
970.77958597,0.06296582
971.02516413,0.05440360
971.27075033,0.05291091
971.51634455,0.05214384
971.76194680,0.05904751
972.00755708,0.05718166
972.25317537,0.05815605
972.49880168,0.05660117
972.74443600,0.05525360
972.99007834,0.05440360
973.23572868,0.05821824
973.48138703,0.05975239
973.72705338,0.06014630
973.97272774,0.06441704
974.21841009,0.06711217
974.46410043,0.07088535
974.70979877,0.06821095
974.95550510,0.06145240
975.20121941,0.06638656
975.44694171,0.06217801
975.69267199,0.06190850
975.93841024,0.06228167
976.18415647,0.06982803
976.42991068,0.06744388
976.67567285,0.06373289
976.92144299,0.05599994
977.16722110,0.05695361
977.41300717,0.05942069
977.65880119,0.05803166
977.90460317,0.05195725
978.15041311,0.05828044
978.39623099,0.05693287
978.64205683,0.05701580
978.88789061,0.05427921
979.13373233,0.05396823
979.37958199,0.04812188
979.62543958,0.04675358
979.87130511,0.05170847
980.11717857,0.04965603
980.36305996,0.04679504
980.60894928,0.04733407
980.85484651,0.04488772
981.10075167,0.04434869
981.34666475,0.04094869
981.59258573,0.04152917
981.83851463,0.03651209
982.08445144,0.03897917
982.33039616,0.03545477
982.57634878,0.03537184
982.82230930,0.03224135
983.06827771,0.03383769
983.31425403,0.03313281
983.56023823,0.03166086
983.80623032,0.03464623
984.05223031,0.02660231
984.29823817,0.02940109
984.54425391,0.02929744
984.79027754,0.02394864
985.03630904,0.02741084
985.28234841,0.02606328
985.52839565,0.03157793
985.77445076,0.02765963
986.02051374,0.03483282
986.26658457,0.02811572
986.51266327,0.03626331
986.75874982,0.03466696
987.00484422,0.03586940
987.25094647,0.04111454
987.49705658,0.03682306
987.74317452,0.03922795
987.98930031,0.03829502
988.23543394,0.04086576
988.48157541,0.03846087
988.72772471,0.04154991
988.97388184,0.04681577
989.22004680,0.03955966
989.46621959,0.04474260
989.71240020,0.04273162
989.95858862,0.04731334
990.20478487,0.04266942
990.45098893,0.05002920
990.69720080,0.04322918
990.94342048,0.04356089
991.18964797,0.04063771
991.43588326,0.04105234
991.68212635,0.03692672
991.92837724,0.03899990
992.17463593,0.03895844
992.42090240,0.03862673
992.66717667,0.03141207
992.91345872,0.03331940
993.15974856,0.02991939
993.40604618,0.03520599
993.65235158,0.03267671
993.89866475,0.03049988
994.14498570,0.03027183
994.39131441,0.03263525
994.63765090,0.03159866
994.88399515,0.02942183
995.13034716,0.03047915
995.37670693,0.03122549
995.62307445,0.02602182
995.86944973,0.02442547
996.11583276,0.02349254
996.36222354,0.02608401
996.60862206,0.02484011
996.85502833,0.02716206
997.10144233,0.02276693
997.34786408,0.01820594
997.59429355,0.02063156
997.84073076,0.02077668
998.08717570,0.01094983
998.33362836,0.01698277
998.58008875,0.01358276
998.82655685,0.01716935
999.07303267,0.02291205
999.31951621,0.01772911
999.56600746,0.01258763
999.81250642,0.01517911
1000.05901309,0.01233885
1000.30552746,0.01455715
1000.55204953,0.01227666
1000.79857929,0.01391447
1001.04511676,0.01704496
1001.29166191,0.01824741
1001.53821476,0.01007909
1001.78477529,0.01513764
1002.03134351,0.01300227
1002.27791941,0.01692057
1002.52450299,0.01739740
1002.77109424,0.01495106
1003.01769317,0.01250471
1003.26429976,0.01700350
1003.51091403,0.01349983
1003.75753596,0.01611203
1004.00416555,0.01611203
1004.25080280,0.02284986
1004.49744771,0.01694130
1004.74410027,0.01470227
1004.99076048,0.01532423
1005.23742834,0.01619496
1005.48410384,0.01870350
1005.73078699,0.01588399
1005.97747778,0.02005107
1006.22417620,0.01814375
1006.47088226,0.01675472
1006.71759595,0.01683765
1006.96431727,0.02015473
1007.21104622,0.01671326
1007.45778279,0.02067302
1007.70452698,0.01424618
1007.95127879,0.01907668
1008.19803821,0.01801936
1008.44480524,0.01986448
1008.69157988,0.01944985
1008.93836213,0.02237303
1009.18515199,0.01567667
1009.43194944,0.01739740
1009.67875450,0.01588399
1009.92556715,0.01254617
1010.17238739,0.01694130
1010.41921522,0.01629862
1010.66605064,0.01679618
1010.91289364,0.01441203
1011.15974422,0.01379008
1011.40660239,0.01374861
1011.65346813,0.01495106
1011.90034144,0.02175107
1012.14722232,0.01806082
1012.39411078,0.01538642
1012.64100679,0.01830960
1012.88791037,0.01986448
1013.13482151,0.01563520
1013.38174020,0.01924253
1013.62866645,0.02457059
1013.87560025,0.02314010
1014.12254160,0.01992668
1014.36949049,0.02328522
1014.61644693,0.02666450
1014.86341091,0.02193766
1015.11038242,0.02274620
1015.35736147,0.02376205
1015.60434805,0.02189620
1015.85134216,0.02206205
1016.09834379,0.02361693
1016.34535295,0.02083888
1016.59236963,0.02322303
1016.83939383,0.02027912
1017.08642554,0.01942912
1017.33346476,0.01843399
1017.58051150,0.01886936
1017.82756574,0.01621569
1018.07462748,0.01596691
1018.32169673,0.01884863
1018.56877347,0.01424618
1018.81585771,0.01762545
1019.06294945,0.01524130
1019.31004867,0.01020348
1019.55715538,0.00837909
1019.80426957,0.01567667
1020.05139125,0.01785350
1020.29852041,0.01457788
1020.54565704,0.01030714
1020.79280114,0.01074251
1021.03995272,0.00767421
1021.28711177,0.01658886
1021.53427828,0.01221446
1021.78145225,0.01366569
1022.02863368,0.00893884
1022.27582257,0.00761201
1022.52301891,0.01536569
1022.77022270,0.01128153
1023.01743395,0.01063885
1023.26465263,0.00869006
1023.51187876,0.00363151
1023.75911234,0.00837909
1024.00635335,0.00734250
1024.25360179,0.00558030
1024.50085766,0.00591201
1024.74812097,0.00788152
1024.99539170,0.00763274
1025.24266985,0.00860714
1025.48995543,0.00417054
1025.73724842,0.00576689
1025.98454883,0.00802665
1026.23185665,0.00481322
1026.47917188,0.00348639
1026.72649452,0.00711445
1026.97382456,0.00728030
1027.22116200,0.00265712
1027.46850685,0.00444005
1027.71585908,0.00788152
1027.96321872,0.00433639
1028.21058574,0.00303029
1028.45796014,-0.01278804
1028.70534194,-0.01247707
1028.95273111,-0.01164780
1029.20012767,-0.01187584
1029.44753160,-0.01336853
1029.69494290,-0.01061121
