198.80933475,0.00806702
199.01143578,0.00771448
199.21355429,0.00178346
199.41569028,0.00132722
199.61784374,0.00008295
199.82001468,0.00250928
200.02220309,0.00429274
200.22440896,0.00099542
200.42663230,0.00354617
200.62887310,0.00352543
200.83113136,0.00435495
201.03340708,-0.00053918
201.23570025,0.00360839
201.43801087,0.00682275
201.64033894,0.00595176
201.84268445,0.00300699
202.04504741,0.00275813
202.24742780,0.00207379
202.44982564,0.00134796
202.65224090,-0.00109911
202.85467360,0.00593103
203.05712372,0.00394019
203.25959128,-0.00132722
203.46207625,0.00400241
203.66457864,0.00143091
203.86709846,0.00566143
204.06963568,0.00595176
204.27219032,0.00350470
204.47476237,0.00062214
204.67735182,0.00167977
204.87995868,0.01144729
205.08258293,0.00528815
205.28522459,0.00333879
205.48788364,0.00286182
205.69056008,0.00282035
205.89325391,0.00647021
206.09596513,0.00174198
206.29869374,0.00636652
206.50143972,0.00557848
206.70420308,0.00338027
206.90698382,0.00236412
207.10978194,0.00170050
207.31259742,0.00754858
207.51543027,-0.00093320
207.71828048,0.00248854
207.92114806,0.00182493
208.12403299,0.00825367
208.32693528,0.00018664
208.52985493,0.00228116
208.73279193,-0.00074656
208.93574627,0.00900023
209.13871796,0.00433421
209.34170699,0.00298625
209.54471336,-0.00016590
209.74773707,0.00344248
209.95077811,0.00002074
210.15383649,0.00180419
210.35691219,0.00292404
210.56000522,0.00377429
210.76311557,0.00024885
210.96624324,0.00497708
211.16938823,-0.00024885
211.37255053,0.00006221
211.57573015,0.00006221
211.77892707,0.00327658
211.98214130,-0.00018664
212.18537284,0.00391945
212.38862167,0.00221895
212.59188781,0.00041476
212.79517124,0.00155534
212.99847196,0.00109911
213.20178997,0.00383650
213.40512527,0.00734120
213.60847785,0.00192862
213.81184772,0.00180419
214.01523486,-0.00192862
214.21863928,0.00460380
214.42206097,0.00367060
214.62549993,0.00327658
214.82895616,-0.00022812
215.03242966,0.00420978
215.23592042,-0.00058066
215.43942843,0.00192862
215.64295370,0.00248854
215.84649623,0.00595176
216.05005601,0.00819145
216.25363303,0.00348396
216.45722731,0.00431347
216.66083882,0.00070509
216.86446757,0.00230190
217.06811356,0.00161755
217.27177679,0.00651169
217.47545724,0.00373281
217.67915493,0.00029033
217.88286984,0.00228116
218.08660198,0.00277887
218.29035133,0.00881359
218.49411790,0.00709235
218.69790169,0.00325584
218.90170269,0.00273740
219.10552090,0.00549553
219.30935632,0.00497708
219.51320894,0.00199083
219.71707876,0.00076730
219.92096578,0.00506004
220.12486999,0.00055992
220.32879140,0.00464528
220.53272999,-0.00035254
220.73668578,0.00398167
220.94065875,0.00597250
221.14464890,-0.00045623
221.34865623,0.00315215
221.55268073,-0.00136870
221.75672241,-0.00095394
221.96078126,0.00180419
222.16485728,-0.00049771
222.36895046,-0.00041476
222.57306080,0.00472823
222.77718831,0.00265445
222.98133297,-0.00313142
223.18549478,0.00435495
223.38967375,0.00080878
223.59386986,0.00122353
223.79808312,0.00234338
224.00231352,0.00352543
224.20656106,0.00340101
224.41082574,0.00510151
224.61510756,0.00785965
224.81940650,-0.00163829
225.02372258,-0.00072582
225.22805578,0.00203231
225.43240610,-0.00184567
225.63677355,0.00279961
225.84115811,-0.00101615
226.04555979,0.00261297
226.24997858,0.00147239
226.45441448,0.00238485
226.65886748,0.00657390
226.86333759,0.00242633
227.06782480,0.00211526
227.27232911,0.00228116
227.47685052,0.00147239
227.68138902,0.00391945
227.88594461,-0.00163829
228.09051728,0.00109911
228.29510704,0.00234338
228.49971389,0.00667759
228.70433781,0.00356691
228.90897881,0.00348396
229.11363688,0.00136870
229.31831202,0.00325584
229.52300423,0.00211526
229.72771350,0.00149313
229.93243984,0.00062214
230.13718324,0.00126501
230.34194369,0.00111984
230.54672120,0.00669833
230.75151576,0.00134796
230.95632737,0.00524668
231.16115602,0.00049771
231.36600172,0.00012443
231.57086446,0.00101615
231.77574423,0.00226043
231.98064104,-0.00143091
232.18555488,0.00097468
232.39048575,0.00408536
232.59543365,0.00033181
232.80039857,-0.00055992
233.00538051,0.00130648
233.21037947,0.00514299
233.41539544,0.01783455
233.62042843,0.00308994
233.82547842,0.00064287
234.03054543,0.00779743
234.23562943,0.00194936
234.44073044,-0.00070509
234.64584845,0.00611767
234.85098345,0.00066361
235.05613545,0.00520520
235.26130444,0.00369134
235.46649041,0.00080878
235.67169337,0.00539184
235.87691331,0.00537110
236.08215023,0.00066361
236.28740413,0.00313142
236.49267500,0.00286182
236.69796284,-0.00172124
236.90326765,0.00364986
237.10858942,0.00275813
237.31392816,0.00472823
237.51928386,0.00611767
237.72465651,0.00051845
237.93004612,0.00053918
238.13545268,0.00221895
238.34087619,0.00396093
238.54631664,0.00076730
238.75177404,0.00242633
238.95724838,-0.00024885
239.16273965,0.00304846
239.36824786,0.00611767
239.57377300,0.00257149
239.77931508,0.00555774
239.98487407,0.00321437
240.19045000,0.00396093
240.39604284,0.00315215
240.60165260,-0.00226043
240.80727928,0.00458307
241.01292287,0.00242633
241.21858337,0.00416831
241.42426077,0.00103689
241.62995508,0.00389872
241.83566630,-0.00141017
242.04139441,0.00360839
242.24713941,0.00147239
242.45290131,0.00010369
242.65868010,0.00215674
242.86447578,-0.00037328
243.07028835,0.00636652
243.27611779,0.00638726
243.48196412,0.00404388
243.68782732,0.00014516
243.89370739,0.00099542
244.09960434,0.00099542
244.30551816,0.00491487
244.51144884,0.00172124
244.71739638,0.00288256
244.92336078,0.00226043
245.12934204,0.00217747
245.33534016,0.00186641
245.54135512,-0.00012443
245.74738694,0.00000000
245.95343560,0.00275813
246.15950110,0.00294478
246.36558345,0.00045623
246.57168263,0.00508077
246.77779865,0.00097468
246.98393150,0.00516373
247.19008118,0.00076730
247.39624769,0.00530889
247.60243102,0.00288256
247.80863117,0.00551627
248.01484814,0.00269592
248.22108192,0.00211526
248.42733252,-0.00082951
248.63359993,0.00037328
248.83988415,-0.00217747
249.04618517,0.00516373
249.25250299,-0.00076730
249.45883761,-0.00149313
249.66518903,0.00406462
249.87155724,0.00182493
250.07794224,0.00547479
250.28434403,0.00418905
250.49076260,0.00777669
250.69719796,-0.00128575
250.90365009,-0.00155534
251.11011901,0.00095394
251.31660469,0.00317289
251.52310715,0.00155534
251.72962638,0.00219821
251.93616237,0.00078804
252.14271513,0.00020738
252.34928464,0.00010369
252.55587091,0.00145165
252.76247394,0.00170050
252.96909372,0.00238485
253.17573025,0.00012443
253.38238352,0.00093320
253.58905354,0.00402314
253.79574030,0.00018664
254.00244380,0.00319363
254.20916403,0.00705087
254.41590099,0.00574439
254.62265469,0.00197010
254.82942511,0.00060140
255.03621225,0.00167977
255.24301612,0.00306920
255.44983670,0.00014516
255.65667400,0.00452085
255.86352802,0.00091247
256.07039874,-0.00089173
256.27728617,0.00093320
256.48419031,0.00450011
256.69111115,0.00201157
256.89804868,0.00279961
257.10500292,0.00000000
257.31197384,0.00437569
257.51896146,0.00804629
257.72596577,-0.00333879
257.93298676,0.00277887
258.14002443,0.00331806
258.34707878,0.00172124
258.55414981,0.00273740
258.76123752,0.00060140
258.96834190,0.00655316
259.17546294,-0.00250928
259.38260065,-0.00097468
259.58975502,-0.00089173
259.79692606,0.00141017
260.00411375,0.00190788
260.21131810,-0.00371208
260.41853909,0.00364986
260.62577674,0.00014516
260.83303103,0.00308994
261.04030197,-0.00002074
261.24758955,0.00022812
261.45489377,0.00072582
261.66221462,0.00331806
261.86955210,0.00418905
262.07690622,0.00228116
262.28427696,-0.00153460
262.49166433,-0.00219821
262.69906831,0.00298625
262.90648892,-0.00186641
263.11392614,0.00060140
263.32137998,0.00381576
263.52885042,0.00321437
263.73633747,0.00727899
263.94384113,-0.00101615
264.15136139,0.00466602
264.35889825,0.00792186
264.56645171,0.00489413
264.77402176,0.00232264
264.98160840,0.00279961
265.18921163,0.00190788
265.39683144,0.00033181
265.60446784,0.00607619
265.81212081,0.00033181
266.01979037,0.00423052
266.22747650,0.00134796
266.43517920,0.00157608
266.64289847,-0.00114058
266.85063430,0.00122353
267.05838670,-0.00097468
267.26615566,0.00582734
267.47394117,-0.00292404
267.68174324,-0.00161755
267.88956187,0.00547479
268.09739704,0.00116132
268.30524876,0.00373281
268.51311702,0.00644947
268.72100183,-0.00199083
268.92890317,-0.00064287
269.13682105,-0.00207379
269.34475546,-0.00074656
269.55270640,0.00240559
269.76067387,0.00279961
269.96865786,-0.00047697
270.17665838,-0.00068435
270.38467541,0.00012443
270.59270896,0.00143091
270.80075902,0.00136870
271.00882560,0.00333879
271.21690868,0.00134796
271.42500826,0.00186641
271.63312435,0.00414757
271.84125694,0.00045623
272.04940602,0.00707161
272.25757160,0.00041476
272.46575367,0.00429274
272.67395223,0.00323511
272.88216727,0.00172124
273.09039880,0.00721677
273.29864681,0.00080878
273.50691129,0.00201157
273.71519225,0.00078804
273.92348968,0.00170050
274.13180358,0.00051845
274.34013395,0.00184567
274.54848077,0.00335953
274.75684406,0.00360839
274.96522381,0.00250928
275.17362001,-0.00230190
275.38203267,0.00352543
275.59046177,0.00109911
275.79890732,0.00253002
276.00736932,0.00242633
276.21584776,-0.00151386
276.42434263,0.00120280
276.63285394,-0.00481118
276.84138169,0.00128575
277.04992586,0.00147239
277.25848646,0.00182493
277.46706349,0.00012443
277.67565694,-0.00294478
277.88426680,-0.00074656
278.09289309,-0.00080878
278.30153578,-0.00223969
278.51019489,0.00520520
278.71887041,0.00174198
278.92756233,0.00499782
279.13627065,0.00238485
279.34499537,0.00362912
279.55373649,0.00373281
279.76249401,0.00819145
279.97126791,0.00404388
280.18005820,0.00058066
280.38886488,0.00178346
280.59768795,-0.00250928
280.80652739,0.00184567
281.01538321,0.00124427
281.22425540,0.00207379
281.43314397,0.00109911
281.64204891,-0.00051845
281.85097021,0.00300699
282.05990788,0.00190788
282.26886190,0.00159681
282.47783229,-0.00116132
282.68681903,0.00360839
282.89582212,0.00207379
283.10484156,0.00045623
283.31387735,0.00170050
283.52292949,-0.00097468
283.73199796,0.00072582
283.94108277,0.00429274
284.15018392,-0.00250928
284.35930141,0.00338027
284.56843522,0.00188714
284.77758536,0.00487340
284.98675183,0.00045623
285.19593461,0.00767301
285.40513372,0.00267518
285.61434914,0.00431347
285.82358088,-0.00493561
286.03282893,0.00029033
286.24209328,0.00311068
286.45137395,0.00076730
286.66067091,0.00269592
286.86998417,0.00072582
287.07931373,0.00348396
287.28865959,0.00456233
287.49802174,0.00271666
287.70740017,0.00064287
287.91679489,0.00240559
288.12620590,0.00205305
288.33563318,0.00018664
288.54507675,0.00443790
288.75453658,-0.00105763
288.96401269,-0.00068435
289.17350507,-0.00004148
289.38301372,0.00375355
289.59253863,0.00317289
289.80207980,0.00512225
290.01163723,0.00186641
290.22121091,0.00246780
290.43080085,0.00296551
290.64040703,0.00091247
290.85002947,0.00257149
291.05966815,0.00385724
291.26932307,0.00582734
291.47899422,0.00188714
291.68868162,0.00333879
291.89838525,0.00385724
292.10810511,0.00501856
292.31784119,0.00205305
292.52759350,-0.00064287
292.73736204,0.00362912
292.94714679,0.00143091
293.15694776,0.00026959
293.36676494,-0.00099542
293.57659834,0.00062214
293.78644794,-0.00026959
293.99631375,-0.00155534
294.20619576,0.00234338
294.41609397,0.00736194
294.62600838,0.00124427
294.83593898,0.00352543
295.04588578,0.00039402
295.25584876,-0.00107837
295.46582793,-0.00130648
295.67582328,0.00259223
295.88583481,-0.00099542
296.09586253,0.00143091
296.30590641,0.00335953
296.51596647,0.00051845
296.72604270,-0.00091247
296.93613509,0.00481118
297.14624365,-0.00364986
297.35636837,0.00114058
297.56650925,0.00230190
297.77666629,0.00006221
297.98683947,-0.00385724
298.19702881,0.00184567
298.40723429,0.00292404
298.61745592,0.00323511
298.82769369,0.00425126
299.03794760,0.00715456
299.24821765,-0.00022812
299.45850383,0.00506004
299.66880614,0.00207379
299.87912458,-0.00199083
300.08945914,-0.00197010
300.29980983,0.00385724
300.51017663,0.00323511
300.72055955,0.00580660
300.93095859,0.00147239
301.14137374,-0.00101615
301.35180499,-0.00122353
301.56225235,0.00147239
301.77271582,-0.00306920
301.98319538,0.00873064
302.19369105,-0.00464528
302.40420280,-0.00006221
302.61473065,0.00464528
302.82527459,0.00153460
303.03583461,-0.00097468
303.24641072,0.00136870
303.45700291,0.00329732
303.66761117,0.00203231
303.87823552,0.00487340
304.08887593,0.00049771
304.29953241,0.00020738
304.51020496,-0.00180419
304.72089358,0.00508077
304.93159825,0.00259223
305.14231899,0.00037328
305.35305578,0.00427200
305.56380862,0.00387798
305.77457752,0.00126501
305.98536246,0.00089173
306.19616344,0.00199083
306.40698047,0.00263371
306.61781354,0.00047697
306.82866264,0.00348396
307.03952778,0.00091247
307.25040895,0.00039402
307.46130614,0.00232264
307.67221937,0.00070509
307.88314861,-0.00114058
308.09409387,0.00308994
308.30505515,0.00358765
308.51603245,0.00479044
308.72702576,0.00018664
308.93803507,-0.00064287
309.14906039,0.00253002
309.36010172,0.00219821
309.57115904,0.00304846
309.78223236,0.00238485
309.99332168,0.00188714
310.20442699,0.00454159
310.41554829,0.00107837
310.62668557,-0.00134796
310.83783884,0.00348396
311.04900809,-0.00277887
311.26019332,0.00132722
311.47139452,0.00101615
311.68261169,0.00068435
311.89384484,0.00530889
312.10509395,0.00207379
312.31635903,0.00385724
312.52764007,0.00141017
312.73893706,0.00022812
312.95025002,0.00012443
313.16157892,-0.00275813
313.37292378,0.00501856
313.58428458,0.00248854
313.79566133,-0.00087099
314.00705402,0.00269592
314.21846266,0.00105763
314.42988722,-0.00172124
314.64132772,0.00458307
314.85278416,-0.00008295
315.06425652,0.00993343
315.27574480,-0.00045623
315.48724901,0.00141017
315.69876914,0.00029033
315.91030518,0.00136870
316.12185715,-0.00066361
316.33342502,0.00141017
316.54500880,0.00269592
316.75660848,0.00213600
316.96822407,0.00406462
317.17985556,0.00068435
317.39150295,0.00114058
317.60316624,0.00261297
317.81484541,0.00170050
318.02654048,0.00143091
318.23825143,0.00402314
318.44997826,0.00116132
318.66172098,0.00103689
318.87347957,0.00588955
319.08525404,0.00134796
319.29704439,0.00209452
319.50885060,0.00242633
319.72067268,0.00362912
319.93251063,0.00126501
320.14436443,-0.00026959
320.35623410,0.00632505
320.56811962,0.00394019
320.78002100,-0.00145165
320.99193822,-0.00022812
321.20387130,-0.00188714
321.41582021,0.00051845
321.62778498,0.00570291
321.83976558,0.00348396
322.05176201,0.00217747
322.26377428,-0.00076730
322.47580239,0.00665685
322.68784632,0.00439642
322.89990607,0.00192862
323.11198165,0.00141017
323.32407305,0.00302773
323.53618027,0.00035254
323.74830330,0.00091247
323.96044215,0.00170050
324.17259680,0.00663611
324.38476726,0.00497708
324.59695352,0.00116132
324.80915558,0.00186641
325.02137344,-0.00016590
325.23360710,0.00147239
325.44585655,0.00485266
325.65812178,0.00172124
325.87040281,-0.00143091
326.08269962,0.00385724
326.29501221,-0.00093320
326.50734058,0.00418905
326.71968472,0.00060140
326.93204464,0.00723751
327.14442032,0.00288256
327.35681178,0.00172124
327.56921900,-0.00116132
327.78164198,-0.00006221
327.99408072,0.00026959
328.20653522,0.00232264
328.41900547,-0.00031107
328.63149147,0.00358765
328.84399322,0.00053918
329.05651071,0.00240559
329.26904395,0.00223969
329.48159293,0.00321437
329.69415764,-0.00004148
329.90673809,0.00375355
330.11933427,0.00155534
330.33194617,0.00255076
330.54457381,0.00076730
330.75721716,0.00004148
330.96987624,-0.00043549
331.18255104,0.00414757
331.39524154,0.00734120
331.60794777,0.00182493
331.82066970,0.00060140
332.03340733,0.00126501
332.24616067,0.00470749
332.45892971,0.00236412
332.67171445,0.00265445
332.88451489,0.00219821
333.09733102,0.00302773
333.31016283,0.00080878
333.52301034,-0.00149313
333.73587352,-0.00035254
333.94875239,-0.00292404
334.16164694,0.00141017
334.37455717,-0.00344248
334.58748306,0.00331806
334.80042463,0.00433421
335.01338187,-0.00149313
335.22635477,0.00261297
335.43934333,0.00153460
335.65234755,0.00466602
335.86536743,0.00470749
336.07840296,0.00157608
336.29145415,-0.00091247
336.50452098,0.00331806
336.71760345,0.00273740
336.93070157,0.00271666
337.14381533,0.00099542
337.35694473,0.00076730
337.57008976,0.00427200
337.78325042,-0.00014516
337.99642671,0.00157608
338.20961863,0.00091247
338.42282617,0.00427200
338.63604933,-0.00070509
338.84928810,-0.00026959
339.06254250,0.00176272
339.27581250,0.00273740
339.48909812,0.00265445
339.70239934,0.00385724
339.91571616,0.00068435
340.12904859,0.00039402
340.34239661,-0.00230190
340.55576023,0.00402314
340.76913945,0.00541258
340.98253425,0.00354617
341.19594464,0.00132722
341.40937061,-0.00068435
341.62281217,0.00199083
341.83626930,0.00659464
342.04974201,0.00091247
342.26323030,-0.00132722
342.47673415,0.00275813
342.69025357,0.00609693
342.90378856,-0.00070509
343.11733911,0.00269592
343.33090522,0.00203231
343.54448688,0.00080878
343.75808410,0.00182493
343.97169687,0.00134796
344.18532519,-0.00008295
344.39896906,0.00257149
344.61262847,-0.00207379
344.82630341,0.00394019
345.03999390,0.00331806
345.25369992,0.00338027
345.46742147,0.00725825
345.68115855,0.00149313
345.89491115,0.00219821
346.10867928,0.00111984
346.32246293,0.00176272
346.53626210,-0.00209452
346.75007679,-0.00080878
346.96390698,0.00203231
347.17775269,0.00188714
347.39161390,-0.00120280
347.60549061,0.00153460
347.81938283,0.00180419
348.03329055,0.00259223
348.24721376,0.00209452
348.46115246,0.00437569
348.67510665,-0.00103689
348.88907634,0.00014516
349.10306150,-0.00051845
349.31706215,-0.00039402
349.53107828,0.00097468
349.74510988,0.00134796
349.95915696,0.00425126
350.17321950,0.00389872
350.38729752,0.00696792
350.60139100,0.00176272
350.81549994,0.00051845
351.02962435,-0.00107837
351.24376421,0.00311068
351.45791952,0.00199083
351.67209028,0.00103689
351.88627650,-0.00008295
352.10047816,-0.00045623
352.31469526,0.00400241
352.52892780,0.00462454
352.74317578,0.00551627
352.95743919,0.00250928
353.17171804,0.00308994
353.38601232,0.00244707
353.60032202,-0.00068435
353.81464714,0.00653242
354.02898769,-0.00105763
354.24334365,-0.00236412
354.45771503,-0.00317289
354.67210182,0.00503930
354.88650403,0.00367060
355.10092164,0.00501856
355.31535465,-0.00134796
355.52980306,0.01163394
355.74426687,0.00298625
355.95874608,0.00192862
356.17324069,0.00377429
356.38775068,-0.00240559
356.60227606,0.00350470
356.81681682,-0.00354617
357.03137297,0.00016590
357.24594449,0.00128575
357.46053139,0.00408536
357.67513367,0.00516373
357.88975132,0.00331806
358.10438433,-0.00029033
358.31903271,0.00122353
358.53369645,0.00213600
358.74837556,-0.00462454
358.96307002,0.00255076
359.17777983,-0.00120280
359.39250499,0.00325584
359.60724551,0.00163829
359.82200137,0.00215674
360.03677257,-0.00093320
360.25155911,-0.00082951
360.46636100,0.00074656
360.68117821,-0.00348396
360.89601076,-0.00018664
361.11085864,0.00346322
361.32572184,-0.00180419
361.54060037,0.00157608
361.75549422,0.00228116
361.97040338,0.00669833
362.18532786,0.00331806
362.40026766,-0.00093320
362.61522276,0.00329732
362.83019318,0.00460380
363.04517889,0.00022812
363.26017991,0.00114058
363.47519623,0.00060140
363.69022784,0.00568217
363.90527474,0.00031107
364.12033694,0.00441716
364.33541442,-0.00022812
364.55050719,-0.00055992
364.76561524,-0.00010369
364.98073857,0.00246780
365.19587718,-0.00047697
365.41103106,0.00145165
365.62620021,0.00051845
365.84138463,0.00143091
366.05658432,0.00153460
366.27179927,0.00342175
366.48702948,-0.00039402
366.70227494,0.00157608
366.91753566,0.00031107
367.13281163,0.00082951
367.34810285,-0.00184567
367.56340932,0.00087099
367.77873103,0.00143091
367.99406798,0.00327658
368.20942017,-0.00178346
368.42478759,0.00002074
368.64017025,-0.00043549
368.85556813,0.00356691
369.07098125,0.00223969
369.28640958,0.00116132
369.50185314,0.00155534
369.71731191,0.00114058
369.93278590,-0.00470749
370.14827511,0.00141017
370.36377952,-0.00230190
370.57929914,0.00172124
370.79483397,0.00452085
371.01038400,0.00201157
371.22594922,0.00018664
371.44152965,0.00051845
371.65712526,0.00130648
371.87273607,-0.00066361
372.08836206,0.00242633
372.30400324,0.00427200
372.51965960,-0.00199083
372.73533114,0.00553701
372.95101786,-0.00016590
373.16671976,0.00582734
373.38243682,0.00284109
373.59816905,0.00250928
373.81391645,-0.00232264
374.02967901,0.00404388
374.24545673,-0.00039402
374.46124961,-0.00008295
374.67705764,0.00062214
374.89288082,-0.00091247
375.10871916,0.00074656
375.32457264,0.00132722
375.54044126,-0.00004148
375.75632503,0.00651169
375.97222393,0.00093320
376.18813797,-0.00186641
376.40406713,0.00080878
376.62001143,-0.00064287
376.83597086,-0.00267518
377.05194541,0.00101615
377.26793508,0.00199083
377.48393987,0.00325584
377.69995978,0.00302773
377.91599480,-0.00130648
378.13204493,0.00259223
378.34811016,0.00514299
378.56419050,0.00350470
378.78028595,0.00275813
378.99639649,0.00033181
379.21252213,0.00076730
379.42866286,0.00250928
379.64481868,0.00047697
379.86098960,0.00632505
380.07717559,0.00238485
380.29337667,-0.00031107
380.50959283,0.00066361
380.72582407,0.00306920
380.94207038,0.00308994
381.15833176,0.00124427
381.37460821,0.00159681
381.59089972,0.00093320
381.80720630,0.00277887
382.02352794,0.00186641
382.23986464,0.00226043
382.45621639,0.00221895
382.67258319,0.00226043
382.88896505,0.00020738
383.10536195,0.00354617
383.32177389,0.00203231
383.53820087,0.00105763
383.75464289,0.00047697
383.97109995,0.00174198
384.18757204,-0.00138944
384.40405916,0.00236412
384.62056131,-0.00329732
384.83707848,0.00116132
385.05361067,0.00294478
385.27015788,0.00441716
385.48672011,0.00503930
385.70329735,0.00441716
385.91988960,0.00516373
386.13649686,0.00194936
386.35311912,0.00381576
386.56975639,0.00253002
386.78640865,0.00219821
387.00307592,0.00188714
387.21975817,-0.00153460
387.43645542,0.00292404
387.65316765,0.00265445
387.86989487,0.00383650
388.08663707,0.00076730
388.30339426,0.00116132
388.52016641,0.00331806
388.73695355,0.00532963
388.95375565,0.00412683
389.17057273,0.00120280
389.38740477,0.00626283
389.60425177,0.00284109
389.82111374,-0.00172124
390.03799066,0.00736194
390.25488253,0.00060140
390.47178936,0.00039402
390.68871114,0.00143091
390.90564787,0.00346322
391.12259954,-0.00068435
391.33956614,0.00066361
391.55654769,0.00049771
391.77354418,0.00217747
391.99055559,0.00159681
392.20758194,0.00333879
392.42462321,0.00381576
392.64167941,0.00466602
392.85875053,0.00503930
393.07583657,0.00002074
393.29293752,0.00319363
393.51005339,0.00493561
393.72718417,0.00348396
393.94432986,0.00423052
394.16149045,0.00111984
394.37866594,0.00271666
394.59585634,0.00568217
394.81306163,0.00342175
395.03028181,0.00479044
395.24751689,0.00817071
395.46476685,0.00389872
395.68203170,0.00429274
395.89931143,0.00761079
396.11660604,0.00456233
396.33391553,0.00506004
396.55123990,0.00348396
396.76857913,0.00381576
396.98593324,0.00518446
397.20330221,-0.00250928
397.42068604,0.00423052
397.63808474,-0.00153460
397.85549829,0.00483192
398.07292670,0.00738268
398.29036996,0.00506004
398.50782807,0.00632505
398.72530103,0.00524668
398.94278883,0.00427200
399.16029147,0.00684349
399.37780895,0.00207379
399.59534127,0.00771448
399.81288841,0.00541258
400.03045039,0.00800481
400.24802720,0.01063852
400.46561883,0.00277887
400.68322529,0.00284109
400.90084656,0.00209452
401.11848265,0.00671906
401.33613355,0.00342175
401.55379926,0.00302773
401.77147978,0.00707161
401.98917511,0.00806702
402.20688524,0.00132722
402.42461017,0.00348396
402.64234989,0.00412683
402.86010441,0.00051845
403.07787372,0.00765227
403.29565782,0.00474897
403.51345670,0.00479044
403.73127037,0.00541258
403.94909882,0.00172124
404.16694205,0.00740341
404.38480005,0.00400241
404.60267282,0.00375355
404.82056036,0.00447938
405.03846267,0.00767301
405.25637974,0.00972605
405.47431157,0.00773522
405.69225816,0.00456233
405.91021951,0.00578586
406.12819561,0.00136870
406.34618645,0.00319363
406.56419205,0.00437569
406.78221239,0.00595176
407.00024747,0.00794260
407.21829729,0.00099542
407.43636184,0.01047262
407.65444113,0.00742415
407.87253515,0.00926982
408.09064390,0.00609693
408.30876737,0.00524668
408.52690556,0.00825367
408.74505847,0.00472823
408.96322610,0.00839883
409.18140844,0.00427200
409.39960550,0.00398167
409.61781726,0.00790112
409.83604372,0.00572365
410.05428489,0.00900023
410.27254076,0.00396093
410.49081133,0.00808776
410.70909659,0.00879285
410.92739654,0.00557848
411.14571118,0.01128139
411.36404051,0.00647021
411.58238452,0.01235976
411.80074321,0.00709235
412.01911658,0.01138508
412.23750462,0.01088737
412.45590734,0.00711308
412.67432472,0.00968458
412.89275677,0.00781817
413.11120349,0.00553701
413.32966486,0.00580660
413.54814090,0.00491487
413.76663159,0.00839883
413.98513693,0.00522594
414.20365692,0.00518446
414.42219156,0.00661538
414.64074084,0.00454159
414.85930477,0.00794260
415.07788333,0.00327658
415.29647653,0.00792186
415.51508437,0.00250928
415.73370683,0.00578586
415.95234392,0.00617988
416.17099564,0.00792186
416.38966198,0.00897949
416.60834294,0.00750710
416.82703851,0.00775596
417.04574870,0.00342175
417.26447350,0.00700939
417.48321291,0.00831588
417.70196692,0.00476971
417.92073554,0.01053483
418.13951875,0.00835735
418.35831657,0.00333879
418.57712898,0.00460380
418.79595598,0.01260861
419.01479757,0.01190353
419.23365374,0.00543332
419.45252450,0.00458307
419.67140984,0.00993343
419.89030975,0.01067999
420.10922425,0.01462019
420.32815331,0.00628357
420.54709694,0.01038966
420.76605514,0.00775596
420.98502791,0.00810850
421.20401523,0.00375355
421.42301712,0.00649095
421.64203356,0.00956015
421.86106455,0.00634578
422.08011009,0.00564070
422.29917018,0.01219386
422.51824482,0.00752784
422.73733399,0.00418905
422.95643771,0.01009933
423.17555596,0.00821219
423.39468875,0.00856473
423.61383606,0.00765227
423.83299790,0.00644947
424.05217427,0.00839883
424.27136516,0.00877211
424.49057057,0.00775596
424.70979050,0.00657390
424.92902494,0.00852326
425.14827390,0.00698866
425.36753736,0.00945646
425.58681532,0.01244271
425.80610779,0.00991269
426.02541476,0.01312706
426.24473623,0.00574439
426.46407219,0.00995417
426.68342265,0.00493561
426.90278759,0.00897949
427.12216702,0.00895875
427.34156093,0.00655316
427.56096933,0.01186205
427.78039220,0.01289894
427.99982955,0.00912466
428.21928137,0.00709235
428.43874766,0.00313142
428.65822841,0.00767301
428.87772363,0.00922834
429.09723331,0.00667759
429.31675745,0.00350470
429.53629605,0.00315215
429.75584910,0.00669833
429.97541660,0.00792186
430.19499854,0.00373281
430.41459494,0.01005786
430.63420577,0.00964310
430.85383104,0.00914539
431.07347075,0.01045188
431.29312489,0.01302337
431.51279347,0.00607619
431.73247647,0.00771448
431.95217390,0.00597250
432.17188574,0.00893801
432.39161201,0.00605545
432.61135270,0.00628357
432.83110780,0.00866842
433.05087731,0.01294042
433.27066123,0.00364986
433.49045956,0.00700939
433.71027229,0.00640800
433.93009942,0.00835735
434.14994095,0.00700939
434.36979687,0.00520520
434.58966718,0.00761079
434.80955189,0.00897949
435.02945098,0.00667759
435.24936445,0.01399805
435.46929230,0.00873064
435.68923454,0.00891728
435.90919115,0.01148877
436.12916213,0.00808776
436.34914748,0.01003712
436.56914720,0.00937351
436.78916128,0.00800481
437.00918972,0.00956015
437.22923252,0.00709235
437.44928968,0.01117770
437.66936119,0.01009933
437.88944706,0.01128139
438.10954727,0.01115696
438.32966182,0.00893801
438.54979072,0.00761079
438.76993395,0.01389436
438.99009153,0.01194500
439.21026343,0.01211091
439.43044967,0.01318927
439.65065024,0.01403953
439.87086513,0.00866842
440.09109434,0.01063852
440.31133788,0.00956015
440.53159573,0.01549118
440.75186789,0.00821219
440.97215437,0.00962236
441.19245516,0.01045188
441.41277025,0.01242197
441.63309964,0.01142656
441.85344334,0.01358329
442.07380133,0.01126065
442.29417362,0.01312706
442.51456020,0.01219386
442.73496107,0.01408100
442.95537623,0.01443355
443.17580567,0.01555339
443.39624939,0.01493125
443.61670739,0.01403953
443.83717967,0.01536675
444.05766622,0.01416395
444.27816704,0.01613405
444.49868212,0.01003712
444.71921147,0.01206943
444.93975509,0.01275378
445.16031296,0.01179984
445.38088508,0.01466166
445.60147147,0.01374920
445.82207210,0.01115696
446.04268698,0.01352108
446.26331610,0.01818710
446.48395947,0.00827440
446.70461707,0.01200722
446.92528892,0.01020302
447.14597499,0.01153025
447.36667530,0.00846104
447.58738984,0.01683914
447.80811860,0.01022376
448.02886158,0.00904170
448.24961879,0.01117770
448.47039021,0.01366624
448.69117585,0.01791750
448.91197570,0.01219386
449.13278975,0.00624209
449.35361802,0.00902097
449.57446049,0.01354182
449.79531715,0.00628357
450.01618802,0.00754858
450.23707308,0.00680202
450.45797234,0.01648659
450.67888578,0.01059704
450.89981341,0.00798407
451.12075522,0.01416395
451.34171122,0.01495199
451.56268139,0.01557413
451.78366574,0.01474461
452.00466426,0.01503494
452.22567696,0.00935277
452.44670382,0.00935277
452.66774484,0.00686423
452.88880003,0.01901661
453.10986938,0.01455797
453.33095288,0.01267083
453.55205053,0.01198648
453.77316234,0.00885506
453.99428830,0.01291968
454.21542840,0.01169615
454.43658264,0.01312706
454.65775102,0.01244271
454.87893354,0.01238050
455.10013019,0.01443355
455.32134098,0.01837374
455.54256589,0.01860185
455.76380493,0.01024450
455.98505809,0.01445428
456.20632537,0.01567782
456.42760677,0.01464092
456.64890229,0.01094959
456.87021191,0.01524232
457.09153565,0.01296116
457.31287349,0.01553265
457.53422544,0.01824931
457.75559149,0.01777234
457.97697163,0.01327223
458.19836587,0.01673545
458.41977420,0.01553265
458.64119663,0.01818710
458.86263313,0.01244271
459.08408373,0.01903735
459.30554840,0.01839448
459.52702716,0.02498911
459.74851999,0.01623774
459.97002689,0.02619191
460.19154786,0.01878849
460.41308290,0.02090376
460.63463201,0.01646586
460.85619518,0.01617553
461.07777241,0.02021941
461.29936369,0.01773086
461.52096903,0.02061343
461.74258841,0.02092449
461.96422185,0.01876776
462.18586933,0.01878849
462.40753086,0.02362041
462.62920642,0.01999129
462.85089602,0.01903735
463.07259966,0.01623774
463.29431733,0.01656954
463.51604902,0.01897514
463.73779475,0.01586446
463.95955449,0.01816636
464.18132826,0.02001203
464.40311604,0.01814562
464.62491784,0.01627921
464.84673365,0.01777234
465.06856347,0.02148442
465.29040730,0.01696356
465.51226513,0.01885071
465.73413696,0.01681840
465.95602279,0.02096597
466.17792261,0.02272869
466.39983643,0.03036022
466.62176424,0.02210655
466.84370603,0.02921963
467.06566181,0.02194065
467.28763157,0.02542461
467.50961531,0.02206508
467.73161303,0.02289459
467.95362472,0.02200286
468.17565038,0.02681404
468.39769001,0.02187843
468.61974360,0.02135999
468.84181116,0.01986686
469.06389267,0.02710437
469.28598814,0.02088302
469.50809757,0.02583936
469.73022094,0.02563199
469.95235827,0.02357894
470.17450954,0.02165032
470.39667475,0.01982539
470.61885390,0.02409738
470.84104699,0.02353746
471.06325402,0.02592232
471.28547498,0.01766865
471.50770986,0.02264574
471.72995867,0.01835300
471.95222141,0.01565708
472.17449806,0.01860185
472.39678864,0.01683914
472.61909313,0.01773086
472.84141153,0.01462019
473.06374384,0.02424255
473.28609005,0.02007424
473.50845017,0.01619626
473.73082420,0.01994981
473.95321212,0.01654881
474.17561393,0.02075859
474.39802964,0.01827005
474.62045924,0.01866407
474.84290273,0.01690135
475.06536010,0.02111113
475.28783136,0.02189917
475.51031649,0.02144294
475.73281550,0.01536675
475.95532838,0.01358329
476.17785513,0.01783455
476.40039575,0.01909956
476.62295024,0.01733684
476.84551859,0.02098671
477.06810080,0.01930694
477.29069686,0.01764791
477.51330678,0.01681840
477.73593055,0.02040605
477.95856817,0.01982539
478.18121963,0.01984613
478.40388494,0.02084154
478.62656409,0.02420107
478.84925707,0.01924473
479.07196389,0.02152589
479.29468455,0.02260426
479.51741903,0.02206508
479.74016733,0.01818710
479.96292946,0.01804193
480.18570542,0.02063416
480.40849519,0.01619626
480.63129877,0.01897514
480.85411617,0.01785529
481.07694738,0.01619626
481.29979239,0.01818710
481.52265121,0.01710873
481.74552383,0.01715020
481.96841025,0.01675619
482.19131046,0.01885071
482.41422447,0.01518011
482.63715227,0.01947284
482.86009385,0.01530454
483.08304922,0.01360403
483.30601837,0.01503494
483.52900130,0.02021941
483.75199801,0.01441281
483.97500849,0.01795898
484.19803274,0.02001203
484.42107076,0.01289894
484.64412255,0.02185770
484.86718810,0.01704652
485.09026741,0.00929056
485.31336047,0.01368698
485.53646729,0.01435059
485.75958786,0.01221460
485.98272218,0.01169615
486.20587024,0.00978827
486.42903205,0.01435059
486.65220760,0.01296116
486.87539689,0.01739906
487.09859991,0.01671471
487.32181666,0.01360403
487.54504715,0.02017793
487.76829136,0.01555339
487.99154929,0.02007424
488.21482094,0.01762717
488.43810631,0.01837374
488.66140540,0.02471952
488.88471820,0.02001203
489.10804471,0.02347525
489.33138493,0.02554903
489.55473885,0.02727028
489.77810647,0.02753987
490.00148780,0.02936480
490.22488281,0.03081645
490.44829153,0.03212293
490.67171393,0.03106530
490.89515002,0.03148006
491.11859979,0.03591796
491.34206325,0.03467369
491.56554038,0.02938554
491.78903120,0.03255843
492.01253568,0.02959292
492.23605384,0.03380270
492.45958567,0.03579353
492.68313116,0.03139711
492.90669031,0.02805831
493.13026312,0.02476100
493.35384960,0.02635781
493.57744972,0.02471952
493.80106350,0.02167106
494.02469092,0.02575641
494.24833200,0.02432550
494.47198671,0.02559051
494.69565507,0.02297754
494.91933706,0.02828643
495.14303269,0.02308123
495.36674195,0.02335082
495.59046484,0.02382779
495.81420136,0.02474026
496.03795150,0.02318492
496.26171526,0.02088302
496.48549264,0.02378632
496.70928364,0.02194065
496.93308825,0.02606748
497.15690647,0.02977956
497.38073830,0.02764356
497.60458373,0.03282802
497.82844276,0.04224301
498.05231539,0.03411377
498.27620162,0.03577280
498.50010144,0.03809544
498.72401485,0.03890421
498.94794185,0.04421310
499.17188244,0.04029365
499.39583661,0.04133054
499.61980435,0.03726592
499.84378568,0.04195268
500.06778058,0.04255407
500.29178904,0.04462786
500.51581108,0.04039734
500.73984668,0.04406794
500.96389585,0.04439974
501.18795858,0.03979594
501.41203486,0.04493893
501.63612470,0.04106095
501.86022809,0.04570623
502.08434503,0.04773854
502.30847551,0.04383982
502.53261954,0.04437900
502.75677711,0.04143423
502.98094822,0.04290662
503.20513286,0.04458638
503.42933104,0.04143423
503.65354274,0.04184899
503.87776797,0.03880052
504.10200673,0.03651936
504.32625901,0.03732814
504.55052480,0.03446631
504.77480411,0.03114825
504.99909694,0.03116899
505.22340327,0.03446631
505.44772312,0.03284876
505.67205646,0.02836938
505.89640331,0.03305614
506.12076366,0.02986251
506.34513750,0.02851455
506.56952484,0.02797536
506.79392567,0.02950996
507.01833999,0.02731175
507.24276779,0.03226810
507.46720907,0.03038095
507.69166384,0.02930259
507.91613208,0.02930259
508.14061380,0.03054686
508.36510898,0.02986251
508.58961764,0.03166670
508.81413976,0.03214367
509.03867534,0.03471517
509.26322439,0.03203998
509.48778689,0.03220589
509.71236285,0.03819912
509.93695226,0.03778437
510.16155512,0.03869683
510.38617142,0.03452852
510.61080117,0.03780511
510.83544436,0.03558616
511.06010099,0.03757699
511.28477105,0.03985815
511.50945454,0.04182825
511.73415147,0.03973373
511.95886182,0.03811617
512.18358560,0.03494328
512.40832280,0.02971734
512.63307341,0.03668526
512.85783745,0.03608386
513.08261489,0.03338794
513.30740575,0.03587649
513.53221001,0.03575206
513.75702768,0.03506771
513.98185875,0.03210220
514.20670322,0.03031874
514.43156109,0.03062981
514.65643235,0.02944775
514.88131700,0.03025653
515.10621504,0.03753551
515.33112647,0.03177039
515.55605128,0.03573132
515.78098946,0.03595944
516.00594103,0.03195703
516.23090597,0.03243400
516.45588428,0.03427967
516.68087596,0.03133490
516.90588100,0.03253769
517.13089941,0.03077497
517.35593118,0.02805831
517.58097631,0.02892930
517.80603479,0.03114825
518.03110663,0.02843160
518.25619181,0.03038095
518.48129034,0.02747765
518.70640222,0.03195703
518.93152743,0.02853529
519.15666598,0.03286950
519.38181787,0.02816200
519.60698310,0.03104457
519.83216165,0.02853529
520.05735353,0.02449140
520.28255873,0.02465731
520.50777726,0.02357894
520.73300910,0.02656519
520.95825426,0.02592232
521.18351273,0.02770577
521.40878452,0.02695921
521.63406961,0.02283238
521.85936801,0.02395222
522.08467971,0.02283238
522.31000471,0.02241762
522.53534300,0.02515502
522.76069459,0.02942701
522.98605947,0.02938554
523.21143764,0.02785094
523.43682910,0.03187408
523.66223383,0.02801684
523.88765185,0.02702142
524.11308315,0.03102383
524.33852772,0.03220589
524.56398556,0.02809979
524.78945667,0.03239253
525.01494104,0.03214367
525.24043868,0.03201924
525.46594959,0.03500550
525.69147374,0.04124759
525.91701116,0.03452852
526.14256182,0.02888783
526.36812574,0.02727028
526.59370290,0.02824496
526.81929331,0.02606748
527.04489696,0.02830717
527.27051384,0.02724954
527.49614396,0.02600527
527.72178732,0.02274942
527.94744390,0.02266647
528.17311372,0.02389001
528.39879675,0.02625412
528.62449301,0.02432550
528.85020249,0.02965513
529.07592518,0.02683478
529.30166109,0.02785094
529.52741021,0.03100309
529.75317254,0.03419672
529.97894807,0.02687626
530.20473680,0.03496402
530.43053874,0.03502623
530.65635387,0.04518778
530.88218219,0.03498476
531.10802371,0.04124759
531.33387841,0.04245038
531.55974630,0.04342506
531.78562738,0.04379835
532.01152163,0.04753116
532.23742906,0.04369466
532.46334967,0.04560254
532.68928344,0.04421310
532.91523039,0.04475229
533.14119051,0.04966716
533.36716378,0.04282367
533.59315022,0.04570623
533.81914982,0.04572697
534.04516257,0.05445760
534.27118847,0.04580992
534.49722752,0.04659796
534.72327973,0.05219718
534.94934507,0.04705419
535.17542356,0.05402211
535.40151518,0.05281931
535.62761994,0.04601730
535.85373784,0.04678460
536.07986886,0.05734016
536.30601301,0.05176168
536.53217029,0.05238382
536.75834069,0.04605877
536.98452420,0.05333776
537.21072084,0.05317185
537.43693059,0.05358661
537.66315345,0.04821551
537.88938941,0.04873395
538.11563848,0.05167873
538.34190066,0.05209349
538.56817593,0.04628689
538.79446431,0.04688829
539.02076577,0.04433753
539.24708033,0.05122250
539.47340798,0.05240455
539.69974871,0.05134692
539.92610252,0.05016487
540.15246942,0.04778001
540.37884939,0.04771780
540.60524244,0.05348292
540.83164856,0.04879617
541.05806775,0.05478941
541.28450001,0.05439539
541.51094533,0.05665581
541.73740371,0.05835632
541.96387515,0.05850148
542.19035965,0.05371104
542.41685719,0.06144626
542.64336779,0.06184028
542.86989144,0.06304307
543.09642813,0.05207275
543.32297786,0.05887476
543.54954063,0.05408432
543.77611643,0.05989092
544.00270527,0.05576409
544.22930714,0.06177806
544.45592204,0.05731943
544.68254996,0.06049232
544.90919091,0.05505900
545.13584487,0.05999461
545.36251185,0.05767197
545.58919184,0.05532859
545.81588485,0.05418801
546.04259086,0.05644844
546.26930988,0.05661434
546.49604191,0.05833558
546.72278693,0.05707057
546.94954495,0.05644844
547.17631596,0.05891624
547.40309997,0.06235872
547.62989696,0.06277348
547.85670694,0.06683810
548.08352991,0.07455258
548.31036585,0.06202692
548.53721477,0.06974140
548.76407667,0.07052944
548.99095154,0.06945107
549.21783938,0.06824827
549.44474018,0.07218847
549.67165395,0.07442815
549.89858069,0.07366085
550.12552038,0.07235437
550.35247302,0.07231289
550.57943862,0.07345347
550.80641717,0.07343274
551.03340866,0.07673006
551.26041310,0.07753883
551.48743048,0.08110574
551.71446081,0.07845130
551.94150406,0.08458970
552.16856025,0.08649758
552.39562937,0.08726488
552.62271142,0.08402978
552.84980640,0.08707824
553.07691429,0.09064515
553.30403511,0.08865432
553.53116884,0.09093548
553.75831549,0.08618652
553.98547505,0.09273968
554.21264752,0.08994007
554.43983289,0.08844694
554.66703116,0.09705315
554.89424234,0.09522822
555.12146641,0.09657618
555.34870338,0.09558076
555.57595324,0.09985276
555.80321599,0.10404181
556.03049162,0.09848406
556.25778014,0.10105556
556.48508154,0.10717322
556.71239582,0.11159039
556.93972297,0.11210883
557.16706300,0.10831381
557.39441589,0.10910184
557.62178165,0.11443147
557.84916028,0.10495427
558.07655177,0.11007652
558.30395611,0.11198441
558.53137331,0.11279318
558.75880337,0.11714813
558.98624627,0.11758363
559.21370202,0.11638083
559.44117062,0.11488770
559.66865206,0.12299620
559.89614634,0.12214595
560.12365345,0.11878642
560.35117340,0.11996848
560.57870618,0.12465523
560.80625179,0.11640157
561.03381022,0.12133718
561.26138148,0.12517368
561.48896555,0.12857469
561.71656244,0.12977748
561.94417215,0.12971527
562.17179467,0.13071069
562.39942999,0.13243193
562.62707812,0.13332366
562.85473906,0.14192986
563.08241279,0.14346447
563.31009933,0.13788598
563.53779866,0.15117895
563.76551078,0.14821343
563.99323568,0.14682400
564.22097338,0.14323635
564.44872386,0.14327783
564.67648712,0.14344373
564.90426316,0.13933763
565.13205197,0.14107961
565.35985356,0.13960723
565.58766792,0.14219946
565.81549504,0.14452210
566.04333493,0.14408660
566.27118758,0.13162315
566.49905298,0.13433981
566.72693115,0.12826362
566.95482207,0.13535597
567.18272573,0.13344808
567.41064215,0.13705647
567.63857131,0.13193422
567.86651321,0.13315775
568.09446785,0.12936273
568.32243523,0.13236971
568.55041534,0.12728894
568.77840819,0.13000560
569.00641376,0.12523589
569.23443206,0.12745484
569.46246308,0.12992265
569.69050682,0.13025445
569.91856327,0.12992265
570.14663244,0.13133282
570.37471433,0.12739263
570.60280892,0.13006781
570.83091622,0.12297547
571.05903622,0.12473818
571.28716892,0.12421974
571.51531432,0.12730968
571.74347241,0.12324506
571.97164320,0.11793617
572.19982667,0.12112980
572.42802284,0.11947077
572.65623168,0.11582091
572.88445321,0.11770805
573.11268742,0.11132079
573.34093430,0.10524460
573.56919385,0.11065718
573.79746608,0.10327451
574.02575097,0.10493354
574.25404853,0.10383443
574.48235874,0.10381369
574.71068162,0.10752577
574.93901715,0.10263163
575.16736534,0.10825159
575.39572618,0.11055349
575.62409966,0.11463885
575.85248579,0.11428631
576.08088456,0.11524025
576.30929597,0.11494992
576.53772002,0.11754215
576.76615671,0.12063209
576.99460602,0.12332801
577.22306796,0.11563427
577.45154253,0.11772879
577.68002972,0.11689928
577.90852953,0.11986479
578.13704196,0.11700297
578.36556700,0.11667116
578.59410465,0.11947077
578.82265492,0.11623566
579.05121779,0.11915970
579.27979326,0.11105120
579.50838133,0.10677920
579.73698201,0.10493354
579.96559527,0.10499575
580.19422113,0.10240352
580.42285958,0.09923063
580.65151062,0.09896103
580.88017424,0.09979055
581.10885044,0.10308787
581.33753922,0.10547272
581.56624057,0.10051637
581.79495450,0.09686651
582.02368100,0.09529043
582.25242007,0.09742643
582.48117170,0.10053711
582.70993589,0.10404181
582.93871264,0.10408328
583.16750195,0.09979055
583.39630381,0.10016383
583.62511822,0.10186433
583.85394518,0.09680430
584.08278469,0.10082744
584.31163674,0.09719832
584.54050133,0.09460608
584.76937845,0.09790340
584.99826811,0.09670061
585.22717030,0.10078596
585.45608502,0.10161548
585.68501226,0.10889447
585.91395203,0.10924701
586.14290432,0.11316646
586.37186912,0.10903963
586.60084644,0.11702370
586.82983628,0.12266440
587.05883862,0.12986043
587.28785347,0.12998486
587.51688082,0.13825926
587.74592067,0.13104249
587.97497302,0.13307480
588.20403787,0.13066921
588.43311520,0.13668319
588.66220503,0.14103814
588.89130735,0.13672466
589.12042215,0.13801041
589.34954943,0.14157732
589.57868919,0.13871550
589.80784142,0.14195060
590.03700613,0.13969018
590.26618331,0.13913025
590.49537296,0.14224093
590.72457507,0.13686983
590.95378964,0.13819705
591.18301667,0.13987682
591.41225616,0.14334004
591.64150811,0.14120404
591.87077250,0.14918811
592.10004934,0.15346011
592.32933863,0.14964435
592.55864036,0.14410734
592.78795453,0.13807262
593.01728114,0.14414881
593.24662018,0.14400365
593.47597165,0.13973165
593.70533555,0.13898509
593.93471188,0.13857033
594.16410063,0.13404948
594.39350180,0.13396653
594.62291539,0.12925904
594.85234140,0.13108397
595.08177981,0.13168537
595.31123064,0.12813919
595.54069387,0.12880280
595.77016951,0.13369694
595.99965755,0.13131208
596.22915798,0.13170610
596.45867081,0.12776591
596.68819604,0.13017150
596.91773365,0.13002634
597.14728365,0.13156094
597.37684603,0.13680761
597.60642080,0.13429833
597.83600795,0.14076854
598.06560747,0.13751270
598.29521936,0.13463014
598.52484363,0.13962796
598.75448026,0.14338151
598.98412926,0.15007984
599.21379062,0.15990958
599.44346434,0.16725078
599.67315042,0.16932457
599.90284885,0.17828332
600.13255963,0.18226499
600.36228276,0.18479501
600.59201824,0.18655772
600.82176606,0.19004168
601.05152622,0.19562017
601.28129871,0.19667780
601.51108354,0.21600547
601.74088070,0.21507227
601.97069019,0.21420128
602.20051201,0.21401464
602.43034615,0.21639949
602.66019261,0.21467825
602.89005139,0.22332594
603.11992249,0.22280749
603.34980589,0.23827793
603.57970161,0.25138425
603.80960963,0.26270712
604.03952996,0.28085274
604.26946259,0.29412497
604.49940751,0.30256527
604.72936474,0.30532341
604.95933425,0.30513677
605.18931606,0.30847556
605.41931015,0.30783269
605.64931653,0.31214616
605.87933519,0.32147819
606.10936612,0.32709815
606.33940934,0.32230771
606.56946483,0.34171834
606.79953259,0.33846250
607.02961261,0.34202941
607.25970490,0.34891437
607.48980946,0.35326932
607.71992627,0.35252276
607.95005534,0.36320275
608.18019667,0.36542170
608.41035024,0.37440119
608.64051607,0.37603948
608.87069414,0.38624251
609.10088445,0.37270069
609.33108700,0.38120321
609.56130179,0.37786442
609.79152882,0.38248896
610.02176808,0.38321478
610.25201956,0.38671948
610.48228328,0.38568259
610.71255921,0.38284150
610.94284737,0.37877688
611.17314775,0.36484104
611.40346034,0.36330644
611.63378514,0.35832936
611.86412215,0.35144439
612.09447137,0.33935422
612.32483280,0.32747143
612.55520642,0.30899401
612.78559225,0.28665934
613.01599027,0.27620746
613.24640048,0.25978308
613.47682288,0.24810767
613.70725747,0.24375272
613.93770425,0.22378217
614.16816321,0.21590179
614.39863434,0.21189938
614.62911766,0.21185790
614.85961314,0.21229340
615.09012080,0.21546629
615.32064063,0.21447087
615.55117262,0.21432571
615.78171677,0.22282823
616.01227308,0.22929844
616.24284156,0.22730760
616.47342218,0.22598038
616.70401496,0.23319715
616.93461988,0.23444143
617.16523695,0.24375272
617.39586617,0.23601750
617.62650752,0.23354970
617.85716101,0.22531677
618.08782664,0.22332594
618.31850440,0.21662761
618.54919429,0.21579810
618.77989630,0.21861844
619.01061044,0.21501006
619.24133670,0.20814583
619.47207508,0.20646606
619.70282557,0.20215259
619.93358818,0.19999585
620.16436289,0.19327679
620.39514972,0.18819601
620.62594864,0.17795151
620.85675967,0.18118662
621.08758280,0.17044441
621.31841802,0.16808030
621.54926534,0.16306174
621.78012475,0.15513988
622.01099624,0.15153149
622.24187982,0.14914664
622.47277549,0.15142780
622.70368323,0.14282159
622.93460305,0.12938346
623.16553494,0.12592024
623.39647890,0.11604902
623.62743493,0.11712739
623.85840303,0.11482549
624.08938319,0.11766658
624.32037541,0.11629788
624.55137968,0.11542689
624.78239602,0.10675847
625.01342440,0.10868709
625.24446483,0.10858340
625.47551731,0.11113415
625.70658183,0.10717322
625.93765839,0.10748429
626.16874699,0.10802348
626.39984763,0.10395886
626.63096029,0.10806495
626.86208499,0.10609485
627.09322171,0.10509944
627.32437046,0.10750503
627.55553123,0.10709027
627.78670401,0.10371000
628.01788882,0.10719396
628.24908563,0.11132079
628.48029446,0.10538977
628.71151529,0.11013874
628.94274813,0.11706518
629.17399296,0.12965306
629.40524980,0.12983970
629.63651863,0.13093880
629.86779946,0.13541818
630.09909228,0.13645507
630.33039709,0.14043674
630.56171388,0.15750399
630.79304265,0.14902221
631.02438340,0.16131976
631.25573613,0.16913793
631.48710084,0.18458763
631.71847751,0.19485286
631.94986615,0.21720827
632.18126676,0.21768524
632.41267933,0.21872213
632.64410387,0.20731631
632.87554035,0.20518032
633.10698880,0.20872649
633.33844919,0.21260447
633.56992154,0.22884221
633.80140583,0.24055909
634.03290207,0.24310985
634.26441024,0.24920678
634.49593035,0.24646938
634.72746240,0.24215591
634.95900638,0.23765579
635.19056229,0.23767653
635.42213013,0.24416748
635.65370989,0.25084507
635.88530158,0.24507994
636.11690518,0.25337509
636.34852069,0.25808258
636.58014812,0.26894921
636.81178746,0.28097717
637.04343871,0.27525352
637.27510187,0.27967068
637.50677692,0.29854213
637.73846387,0.29818959
637.97016272,0.29312955
638.20187347,0.30107215
638.43359610,0.29439456
638.66533062,0.30138321
638.89707703,0.31086041
639.12883532,0.31125443
639.36060549,0.31473839
639.59238754,0.31036382
639.82418146,0.31076091
640.05598725,0.29969036
640.28780491,0.30679611
640.51963444,0.31287869
640.75147583,0.30727061
640.98332908,0.29681615
641.21519419,0.29334594
641.44707115,0.29471306
641.67895997,0.27973398
641.91086063,0.27095088
642.14277314,0.26449459
642.37469750,0.25666809
642.60663369,0.24649734
642.83858172,0.25871805
643.07054159,0.26263057
643.30251329,0.26218731
643.53449683,0.27593421
643.76649218,0.27956940
643.99849937,0.28220616
644.23051837,0.28479856
644.46254919,0.28421280
644.69459183,0.28166732
644.92664628,0.28176720
645.15871254,0.26701104
645.39079061,0.26302008
645.62288049,0.26748336
645.85498217,0.26182399
646.08709564,0.26515905
646.31922091,0.25167954
646.55135798,0.26325679
646.78350684,0.25214375
647.01566748,0.24774742
647.24783991,0.24737272
647.48002413,0.24313965
647.71222012,0.24497250
647.94442789,0.24473127
648.17664744,0.24098537
648.40887875,0.24607483
648.64112184,0.23533037
648.87337669,0.23307144
649.10564331,0.22808709
649.33792168,0.23384485
649.57021181,0.23129761
649.80251370,0.23798197
650.03482734,0.24396364
650.26715273,0.24736746
650.49948987,0.24376379
650.73183875,0.23583024
650.96419937,0.22848223
651.19657173,0.22658914
651.42895582,0.23234088
651.66135165,0.23051908
651.89375921,0.21867723
652.12617849,0.22316060
652.35860950,0.23052992
652.59105224,0.23458005
652.82350669,0.23656973
653.05597285,0.24686891
653.28845073,0.23937858
653.52094032,0.24089039
653.75344162,0.24759715
653.98595462,0.24142824
654.21847933,0.24298559
654.45101573,0.25190035
654.68356383,0.25898215
654.91612363,0.26441960
655.14869511,0.26403616
655.38127829,0.27259196
655.61387315,0.28124158
655.84647969,0.29192941
656.07909792,0.29616434
656.31172782,0.29380283
656.54436939,0.28010942
656.77702264,0.27573278
657.00968756,0.27899434
657.24236414,0.28883650
657.47505238,0.28457386
657.70775229,0.29563784
657.94046385,0.29754648
658.17318707,0.29087274
658.40592195,0.30028958
658.63866847,0.29101824
658.87142663,0.29848796
659.10419645,0.30108714
659.33697790,0.29464308
659.56977099,0.30497484
659.80257572,0.30298044
660.03539208,0.30195393
660.26822007,0.29149237
660.50105969,0.29202546
660.73391093,0.29386281
660.96677380,0.29458625
661.19964828,0.30013132
661.43253438,0.31107744
661.66543209,0.31992413
661.89834142,0.32652970
662.13126235,0.32335611
662.36419489,0.34621835
662.59713903,0.36251105
662.83009477,0.35017050
663.06306210,0.34230958
663.29604103,0.34055065
663.52903155,0.33522497
663.76203367,0.31551930
663.99504736,0.31062687
664.22807264,0.30710269
664.46110950,0.29798492
664.69415794,0.29789758
664.92721795,0.29419869
665.16028953,0.29901203
665.39337269,0.30874490
665.62646740,0.29926589
665.85957369,0.30185223
666.09269153,0.30572371
666.32582093,0.29934930
666.55896189,0.28750642
666.79211440,0.28578835
667.02527846,0.29136683
667.25845406,0.27857158
667.49164121,0.26498828
667.72483991,0.26312188
667.95805014,0.26059186
668.19127190,0.25588437
668.42450520,0.25312623
668.65775003,0.24190705
668.89100639,0.24447855
669.12427427,0.24783808
669.35755368,0.24136787
669.59084460,0.24908235
669.82414704,0.25878767
670.05746099,0.25526223
670.29078646,0.27357375
670.52412343,0.27950478
670.75747191,0.28562245
670.99083189,0.30086477
671.22420337,0.31307936
671.45758635,0.31878227
671.69098082,0.32713963
671.92438678,0.32983555
672.15780424,0.33300844
672.39123317,0.33628502
672.62467360,0.34870699
672.85812550,0.35563344
673.09158888,0.37552104
673.32506373,0.37649572
673.55855006,0.38553742
673.79204785,0.39362518
674.02555712,0.39279567
674.25907784,0.39074262
674.49261003,0.39005827
674.72615367,0.39534643
674.95970878,0.40913710
675.19327533,0.40424296
675.42685333,0.42597623
675.66044278,0.41668568
675.89404368,0.43458244
676.12765601,0.44101118
676.36127979,0.44862197
676.59491500,0.45434562
676.82856165,0.45019805
677.06221972,0.44837312
677.29588922,0.44472325
677.52957015,0.45366127
677.76326250,0.44490989
677.99696627,0.42253375
678.23068146,0.42408909
678.46440806,0.41929865
678.69814607,0.40442961
678.93189549,0.39822899
679.16565631,0.38483233
679.39942854,0.35963584
679.63321217,0.36353456
679.86700720,0.34968167
680.10081361,0.35434769
680.33463143,0.34675764
680.56846063,0.33703158
680.80230121,0.34070218
681.03615318,0.34061923
681.27001653,0.34155244
681.50389126,0.35430622
681.73777736,0.34990979
681.97167484,0.34829224
682.20558368,0.35526016
682.43950390,0.34760789
682.67343547,0.34771158
682.90737841,0.33572510
683.14133270,0.32863275
683.37529836,0.31328674
683.60927536,0.30092698
683.84326371,0.29147052
684.07726341,0.27902781
684.31127446,0.27610377
684.54529685,0.27463138
684.77933057,0.27002758
685.01337564,0.26724871
685.24743203,0.27836420
685.48149976,0.28840132
685.71557881,0.29427013
685.94966919,0.30561374
686.18377090,0.30745941
686.41788392,0.31762095
686.65200826,0.33029178
686.88614391,0.34186350
687.12029088,0.34756641
687.35444915,0.34364696
687.58861873,0.34298335
687.82279961,0.35362187
688.05699179,0.34648804
688.29119527,0.35057340
688.52541004,0.34787748
688.75963611,0.34393729
688.99387346,0.35073930
689.22812210,0.36007134
689.46238203,0.35776944
689.69665323,0.35206653
689.93093571,0.37006698
690.16522947,0.37097945
690.39953450,0.37427677
690.63385080,0.37108314
690.86817837,0.37952344
691.10251720,0.37678605
691.33686730,0.39824973
691.57122865,0.39694324
691.80560125,0.40915784
692.03998511,0.41654051
692.27438023,0.43132660
692.50878658,0.42116505
692.74320419,0.42771821
692.97763303,0.43756869
693.21207312,0.45075797
693.44652444,0.44401817
693.68098699,0.46417536
693.91546077,0.46846809
694.14994579,0.47585077
694.38444203,0.47529085
694.61894949,0.47018934
694.85346817,0.48084859
695.08799806,0.47796603
695.32253918,0.48288090
695.55709150,0.49521992
695.79165503,0.49864167
696.02622977,0.49750109
696.26081571,0.50753821
696.49541285,0.51674582
696.73002119,0.53024616
696.96464072,0.53740072
697.19927145,0.52844197
697.43391336,0.54042844
697.66856647,0.52692810
697.90323075,0.51937952
698.13790622,0.52566309
698.37259286,0.52715622
698.60729068,0.52665851
698.84199967,0.53211257
699.07671984,0.54855768
699.31145117,0.57978889
699.54619366,0.59127766
699.78094731,0.59621327
700.01571213,0.60869746
700.25048810,0.61933597
700.48527522,0.64247942
700.72007349,0.62829473
700.95488292,0.64704175
701.18970348,0.65454885
701.42453519,0.67086954
701.65937804,0.68891147
701.89423202,0.70394641
702.12909714,0.70436117
702.36397339,0.72217499
702.59886077,0.71448124
702.83375927,0.71696978
703.06866889,0.71481305
703.30358964,0.69699923
703.53852150,0.68602891
703.77346448,0.67862550
704.00841857,0.65811576
704.24338376,0.67252857
704.47836007,0.67503785
704.71334748,0.67288111
704.94834598,0.67327513
705.18335559,0.67227971
705.41837629,0.66317579
705.65340808,0.66093611
705.88845096,0.66081168
706.12350493,0.67304701
706.35856998,0.67358620
706.59364612,0.68343668
706.82873333,0.70892350
707.06383161,0.73229506
707.29894097,0.75568736
707.53406141,0.78772734
707.76919290,0.79743265
708.00433546,0.84593849
708.23948909,0.86785840
708.47465377,0.87522034
708.70982951,0.89618631
708.94501630,0.88434499
709.18021414,0.86901972
709.41542303,0.88088177
709.65064297,0.85782128
709.88587395,0.85371519
710.12111597,0.84566890
710.35636902,0.80786379
710.59163311,0.80751125
710.82690823,0.79365836
711.06219437,0.77244354
711.29749155,0.77700587
711.53279974,0.77387445
711.76811896,0.75856992
712.00344920,0.76126584
712.23879044,0.74467556
712.47414270,0.74932084
712.70950597,0.74282989
712.94488025,0.74591983
713.18026553,0.74959043
713.41566181,0.73380892
713.65106908,0.74708115
713.88648736,0.75979345
714.12191662,0.75603990
714.35735688,0.73140333
714.59280812,0.71670019
714.82827034,0.71877398
715.06374355,0.70560544
715.29922774,0.70110533
715.53472290,0.69621119
715.77022903,0.69590013
716.00574614,0.69712366
716.24127421,0.69735178
716.47681324,0.69932187
716.71236324,0.70295100
716.94792420,0.70728521
717.18349611,0.69355675
717.41907898,0.71572551
717.65467280,0.72146990
717.89027757,0.72970283
718.12589328,0.73055308
718.36151993,0.73387113
718.59715752,0.71190975
718.83280605,0.68072002
719.06846552,0.66077020
719.30413591,0.64440804
719.53981724,0.62854358
719.77550949,0.62684308
720.01121266,0.62122312
720.24692676,0.62821177
720.48265177,0.64135957
720.71838769,0.64223056
720.95413453,0.63737791
721.18989228,0.62541216
721.42566093,0.62226001
721.66144049,0.63034777
721.89723095,0.61282429
722.13303231,0.62072541
722.36884456,0.61496029
722.60466770,0.62433380
722.84050173,0.62070467
723.07634666,0.60863524
723.31220246,0.61454553
723.54806915,0.62819104
723.78394671,0.62043508
724.01983515,0.61093714
724.25573447,0.59627548
724.49164465,0.59102880
724.72756571,0.57418967
724.96349762,0.56556272
725.19944040,0.56504428
725.43539404,0.53277618
725.67135854,0.50384687
725.90733388,0.48715290
726.14332008,0.47151656
726.37931713,0.45567284
726.61532503,0.43995355
726.85134376,0.43180357
727.08737334,0.42821592
727.32341375,0.40948964
727.55946500,0.40142262
727.79552708,0.39449617
728.03159998,0.39515979
728.26768372,0.40046868
728.50377827,0.41423861
728.73988365,0.42251301
728.97599985,0.41077539
729.21212686,0.42176645
729.44826468,0.42680575
729.68441331,0.41527550
729.92057275,0.40901267
730.15674299,0.40301943
730.39292403,0.39229796
730.62911587,0.37771925
730.86531851,0.37226520
731.10153194,0.36498621
731.33775616,0.34684059
731.57399117,0.33970677
731.81023696,0.31778686
732.04649353,0.31316232
732.28276088,0.29466415
732.51903901,0.29549366
732.75532791,0.28860870
732.99162758,0.27805313
733.22793802,0.27023496
733.46425923,0.26753904
733.70059119,0.26463574
733.93693392,0.25990751
734.17328740,0.25675536
734.40965164,0.25654798
734.64602662,0.25057548
734.88241236,0.25497190
735.11880884,0.25974161
735.35521607,0.24978744
735.59163403,0.24238402
735.82806273,0.25084507
736.06450217,0.24700856
736.30095234,0.24808693
736.53741323,0.25003629
736.77388486,0.25847660
737.01036720,0.25540740
737.24686027,0.26670952
737.48336406,0.27224653
737.71987856,0.28255324
737.95640377,0.28771697
738.19293969,0.29810663
738.42948632,0.30468053
738.66604365,0.30735572
738.90261169,0.31670849
739.13919042,0.32336534
739.37577985,0.32811431
739.61237997,0.32575019
739.84899078,0.32239066
740.08561228,0.32104270
740.32224446,0.31092263
740.55888732,0.29082765
740.79554087,0.27658074
741.03220509,0.26463574
741.26887998,0.26040522
741.50556555,0.25171606
741.74226178,0.24221812
741.97896868,0.23927335
742.21568624,0.22817859
742.45241446,0.21490637
742.68915333,0.20173783
742.92590286,0.20302358
743.16266304,0.19466622
743.39943387,0.18840339
743.63621535,0.19114079
743.87300747,0.18747019
744.10981023,0.18114514
744.34662363,0.18460837
744.58344766,0.18873520
744.82028232,0.18697248
745.05712761,0.19286203
745.29398353,0.19458327
745.53085007,0.19775616
745.76772724,0.19891748
746.00461502,0.19412704
746.24151341,0.18321893
746.47842242,0.18782273
746.71534204,0.18879741
746.95227227,0.18691027
747.18921310,0.19259244
747.42616453,0.18856930
747.66312656,0.19705108
747.90009918,0.18500238
748.13708240,0.19545426
748.37407621,0.19924929
748.61108061,0.19794281
748.84809559,0.19240580
749.08512115,0.19819166
749.32215730,0.18832044
749.55920401,0.19333900
749.79626131,0.18964766
750.03332917,0.19263391
750.27040760,0.19128595
750.50749660,0.19841978
750.74459616,0.20213185
750.98170628,0.19134817
751.21882695,0.19850273
751.45595818,0.19584828
751.69309997,0.20491072
751.93025230,0.20350055
752.16741517,0.19493582
752.40458859,0.19700960
752.64177256,0.18657846
752.87896705,0.19170071
753.11617209,0.18566600
753.35338765,0.18686879
753.59061374,0.18267975
753.82785037,0.19321457
754.06509751,0.19580681
754.30235518,0.20051430
754.53962336,0.20673565
754.77690206,0.20930715
755.01419127,0.21552850
755.25149099,0.22282823
755.48880122,0.23294830
755.72612195,0.23477323
755.96345319,0.23213952
756.20079492,0.23657742
756.43814715,0.22442504
756.67550987,0.22581448
756.91288309,0.21793410
757.15026679,0.21708384
757.38766097,0.21604695
757.62506564,0.20936936
757.86248079,0.20569876
758.09990641,0.19761100
758.33734251,0.19080898
758.57478908,0.18290786
758.81224612,0.18172580
759.04971362,0.17905062
759.28719159,0.16698119
759.52468001,0.15234027
759.76217889,0.15596939
759.99968823,0.14398291
760.23720802,0.13620622
760.47473826,0.13261857
760.71227894,0.12766222
760.94983007,0.12909313
761.18739164,0.12218743
761.42496364,0.11573796
761.66254608,0.12025881
761.90013895,0.12336949
762.13774226,0.13017150
762.37535598,0.12791108
762.61298014,0.13355177
762.85061471,0.13670393
763.08825970,0.15354306
763.32591511,0.15995106
763.56358093,0.16899276
763.80125716,0.17224861
764.03894380,0.18050227
764.27664084,0.18214056
764.51434829,0.17384542
764.75206613,0.18703469
764.98979437,0.19279982
765.22753300,0.19058087
765.46528203,0.20321022
765.70304144,0.20789697
765.94081124,0.20820804
766.17859142,0.21772672
766.41638197,0.22222683
766.65418291,0.22220609
766.89199422,0.22629145
767.12981590,0.21364136
767.36764795,0.21474047
767.60549036,0.20934862
767.84334314,0.21050994
768.08120628,0.20457892
768.31907977,0.20036913
768.55696362,0.20603057
768.79485782,0.20737853
769.03276238,0.20804214
769.27067727,0.21345472
769.50860251,0.20955600
769.74653809,0.22089961
769.98448401,0.22805417
770.22244027,0.22691359
770.46040685,0.22612555
770.69838377,0.22233052
770.93637101,0.22697580
771.17436858,0.22376143
771.41237647,0.22150101
771.65039468,0.21805852
771.88842320,0.21123577
772.12646204,0.21125651
772.36451118,0.20692230
772.60257064,0.20640385
772.84064039,0.19634599
773.07872045,0.19773543
773.31681081,0.19304867
773.55491147,0.18550009
773.79302242,0.18079260
774.03114366,0.17732938
774.26927519,0.17660355
774.50741700,0.16708488
774.74556910,0.16353871
774.98373147,0.17108729
775.22190413,0.17620954
775.46008705,0.17417723
775.69828025,0.17121171
775.93648372,0.17347214
776.17469745,0.17927874
776.41292145,0.18218204
776.65115570,0.17467493
776.88940022,0.17952759
777.12765499,0.17235229
777.36592001,0.18068891
777.60419528,0.17482010
777.84248079,0.17073474
778.08077655,0.16932457
778.31908256,0.16720931
778.55739879,0.15820908
778.79572527,0.15569980
779.03406198,0.15078493
779.27240891,0.14815122
779.51076608,0.13834222
779.74913346,0.13923394
779.98751107,0.14118330
780.22589890,0.15130337
780.46429695,0.13207938
780.70270520,0.13863255
780.94112367,0.13149872
781.17955235,0.14317414
781.41799123,0.12706082
781.65644031,0.13440202
781.89489959,0.12907240
782.13336907,0.12685345
782.37184874,0.12224964
782.61033861,0.12312063
782.84883866,0.12720599
783.08734890,0.12266440
783.32586931,0.12054914
783.56439991,0.12351465
783.80294069,0.12291325
784.04149164,0.13075216
784.28005276,0.13282595
784.51862406,0.14228241
784.75720551,0.13759565
784.99579713,0.14288381
785.23439891,0.14097592
785.47301085,0.14136994
785.71163295,0.14555899
785.95026519,0.15109600
786.18890759,0.14286307
786.42756013,0.14161880
786.66622282,0.14321561
786.90489564,0.15022501
787.14357861,0.14219946
787.38227171,0.14481243
787.62097494,0.13892288
787.85968831,0.14083076
788.09841180,0.13923394
788.33714541,0.13937911
788.57588915,0.13747123
788.81464301,0.13612327
789.05340698,0.13993903
789.29218106,0.13666245
789.53096526,0.14047821
789.76975956,0.13122913
790.00856397,0.13398727
790.24737848,0.13917173
790.48620309,0.13421538
790.72503780,0.14456357
790.96388260,0.14800606
791.20273749,0.15619751
791.44160247,0.15007984
791.68047754,0.14292528
791.91936269,0.13531449
792.15825792,0.13375915
792.39716323,0.13492047
792.63607861,0.12243628
792.87500406,0.11739698
793.11393958,0.11781174
793.35288517,0.10982767
793.59184082,0.10568010
793.83080653,0.10532755
794.06978230,0.10750503
794.30876813,0.11414114
794.54776401,0.10959955
794.78676993,0.10671699
795.02578591,0.11181850
795.26481193,0.11353974
795.50384798,0.10893594
795.74289408,0.11837166
795.98195022,0.12179341
796.22101638,0.12386719
796.46009258,0.12778665
796.69917880,0.13402874
796.93827505,0.13266004
797.17738132,0.13776156
797.41649761,0.13763713
797.65562392,0.14717654
797.89476024,0.15012132
798.13390657,0.14802679
798.37306290,0.15433110
798.61222925,0.15028722
798.85140559,0.15246469
799.09059194,0.15246469
799.32978828,0.15986811
799.56899462,0.14672031
799.80821094,0.16208706
800.04743726,0.15899712
800.28667356,0.15263060
800.52591985,0.15302462
800.76517611,0.15188403
801.00444236,0.14939549
801.24371857,0.15364675
801.48300476,0.15955704
801.72230092,0.16816325
801.96160705,0.17307812
802.20092314,0.18230646
802.44024919,0.18717986
802.67958519,0.19651189
802.91893116,0.19692665
803.15828707,0.19750731
803.39765294,0.20225628
803.63702875,0.20957674
803.87641450,0.20515958
804.11581020,0.21192012
804.35521584,0.21026109
804.59463141,0.21403538
804.83405692,0.20153045
805.07349235,0.19854420
805.31293772,0.19441737
805.55239300,0.19186661
805.79185821,0.18869372
806.03133334,0.18765683
806.27081839,0.18400697
806.51031335,0.17620954
806.74981822,0.17328550
806.98933300,0.16559175
807.22885768,0.15663300
807.46839227,0.14817196
807.70793675,0.13904730
807.94749114,0.13979387
808.18705542,0.13307480
808.42662959,0.12957010
808.66621364,0.12629352
808.90580759,0.12511147
809.14541141,0.12981896
809.38502512,0.11870347
809.62464871,0.12046619
809.86428217,0.11745920
810.10392550,0.11594534
810.34357870,0.10746355
810.58324177,0.10845897
810.82291470,0.10414550
811.06259749,0.09744717
811.30229015,0.10719396
811.54199265,0.09502084
811.78170501,0.09381805
812.02142722,0.08643537
812.26115928,0.07950893
812.50090118,0.07728998
812.74065292,0.07498808
812.98041450,0.07167002
813.22018592,0.07581759
813.45996717,0.06549014
813.69975825,0.06476431
813.93955916,0.06208913
814.17936989,0.06248315
814.41919045,0.05694614
814.65902083,0.06279422
814.89886102,0.05671803
815.13871102,0.05866739
815.37857084,0.05518343
815.61844047,0.05980797
815.85831990,0.05713278
816.09820913,0.05439539
816.33810817,0.05420875
816.57801700,0.05232160
816.81793562,0.05147135
817.05786404,0.05072479
817.29780225,0.04437900
817.53775024,0.04327990
817.77770801,0.04172456
818.01767557,0.03587649
818.25765290,0.03436262
818.49764001,0.03618755
818.73763689,0.03324278
818.97764354,0.03220589
819.21765996,0.03523361
819.45768614,0.02681404
819.69772209,0.02677257
819.93776779,0.02374484
820.17782324,0.02245909
820.41788845,0.02442919
820.65796341,0.01978391
820.89804812,0.01696356
821.13814257,0.01827005
821.37824677,0.02082080
821.61836070,0.01715020
821.85848437,0.01816636
822.09861777,0.02316418
822.33876090,0.02231393
822.57891376,0.02432550
822.81907635,0.02644076
823.05924866,0.03322204
823.29943069,0.04054250
823.53962243,0.05246677
823.77982389,0.06210987
824.02003506,0.07249953
824.26025594,0.08098132
824.50048652,0.09902325
824.74072681,0.10387590
824.98097680,0.11907675
825.22123648,0.12351465
825.46150586,0.14543456
825.70178493,0.14640924
825.94207369,0.15115821
826.18237214,0.16090500
826.42268027,0.17229008
826.66299808,0.16973933
826.90332557,0.18037784
827.14366273,0.18058522
827.38400957,0.19134817
827.62436608,0.18885963
827.86473225,0.19549574
828.10510809,0.20291989
828.34549359,0.20269177
828.58588874,0.20694303
828.82629356,0.21187864
829.06670802,0.21177495
829.30713214,0.21559072
829.54756590,0.21525891
829.78800931,0.22137658
830.02846236,0.22118994
830.26892505,0.22701727
830.50939738,0.22490201
830.74987934,0.22206093
830.99037093,0.22902885
831.23087215,0.23357044
831.47138299,0.23137222
831.71190346,0.23466954
831.95243355,0.23560275
832.19297325,0.23224321
832.43352257,0.23535389
832.67408150,0.23485618
832.91465003,0.23670185
833.15522818,0.22797122
833.39581592,0.22811638
833.63641327,0.22722465
833.87702022,0.21924058
834.11763676,0.21291553
834.35826289,0.20482777
834.59889861,0.20186226
834.83954392,0.18160138
835.08019881,0.17757823
835.32086328,0.16270919
835.56153733,0.15901786
835.80222095,0.14804753
836.04291415,0.13985608
836.28361692,0.13098028
836.52432926,0.12660459
836.76505116,0.11857904
837.00578262,0.11403745
837.24652364,0.10874930
837.48727421,0.10375148
837.72803434,0.09535265
837.96880402,0.09122581
838.20958325,0.08987785
838.45037202,0.08801145
838.69117033,0.08396757
838.93197819,0.08367724
839.17279558,0.08492151
839.41362250,0.09234566
839.65445896,0.08900686
839.89530494,0.09257377
840.13616045,0.09489641
840.37702548,0.09682503
840.61790003,0.09802783
840.85878410,0.10358557
841.09967768,0.09759234
841.34058078,0.10024678
841.58149338,0.09603700
841.82241549,0.09920989
842.06334710,0.09593331
842.30428821,0.09589183
842.54523883,0.09614069
842.78619893,0.09707389
843.02716853,0.08919350
843.26814762,0.09885734
843.50913619,0.09483420
843.75013425,0.09572593
843.99114179,0.09180647
844.23215881,0.09462682
844.47318530,0.08558512
844.71422127,0.09464756
844.95526670,0.08850916
845.19632161,0.08786628
845.43738597,0.08042139
845.67845980,0.08100205
845.91954309,0.07955040
846.16063584,0.07737293
846.40173803,0.07449037
846.64284968,0.07973704
846.88397078,0.07359864
847.12510132,0.07998590
847.36624130,0.07766326
847.60739073,0.07590054
847.84854959,0.07451111
848.08971788,0.08185231
848.33089561,0.07484291
848.57208276,0.07639825
848.81327934,0.07776695
849.05448534,0.07722776
849.29570076,0.08336617
849.53692560,0.09641028
849.77815986,0.10072375
850.01940353,0.10831381
850.26065660,0.10847971
850.50191908,0.11982331
850.74319097,0.11868273
850.98447225,0.13199643
851.22576294,0.13767860
851.46706301,0.14506128
851.70837248,0.14752908
851.94969135,0.15810539
852.19101959,0.16631758
852.43235722,0.18280417
852.67370424,0.19143112
852.91506063,0.20012028
853.15642640,0.21268742
853.39780154,0.21843180
853.63918605,0.22150101
853.88057992,0.22830302
854.12198317,0.22647809
854.36339577,0.23286535
854.60481773,0.23564422
854.84624905,0.23560275
855.08768973,0.23587234
855.32913975,0.23267871
855.57059912,0.23887933
855.81206784,0.24806620
856.05354590,0.25262852
856.29503330,0.24914456
856.53653004,0.25036810
856.77803611,0.25063769
857.01955151,0.24180336
857.26107624,0.26961282
857.50261030,0.22942287
857.74415367,0.22558636
857.98570637,0.20258808
858.22726839,0.20663197
858.46883972,0.19468696
858.71042037,0.18576969
858.95201032,0.17878103
859.19360958,0.16855727
859.43521814,0.16190042
859.67683601,0.15339790
859.91846317,0.16470003
860.16009963,0.14667883
860.40174538,0.14626408
860.64340042,0.13987682
860.88506474,0.13794820
861.12673835,0.13363472
861.36842125,0.12930051
861.61011342,0.13178905
861.85181487,0.13156094
862.09352559,0.13189274
862.33524558,0.13933763
862.57697484,0.14072707
862.81871336,0.14259348
863.06046114,0.14149437
863.30221819,0.13821779
863.54398449,0.14657514
863.78576004,0.14203355
864.02754485,0.13761639
864.26933890,0.13367620
864.51114220,0.13071069
864.75295474,0.13102175
864.99477653,0.13346882
865.23660755,0.12059061
865.47844780,0.11181850
865.72029728,0.10634371
865.96215600,0.10754650
866.20402394,0.10429066
866.44590110,0.10505796
866.68778748,0.09371436
866.92968308,0.10437361
867.17158790,0.10406255
867.41350193,0.10337820
867.65542516,0.10178138
867.89735761,0.10414550
868.13929926,0.10246573
868.38125011,0.10603264
868.62321015,0.10590821
868.86517940,0.10839676
869.10715783,0.10323303
869.34914546,0.10700732
869.59114227,0.11084382
869.83314827,0.10636445
870.07516344,0.10775388
870.31718780,0.10541051
870.55922133,0.11590386
870.80126404,0.11449369
871.04331592,0.10881151
871.28537696,0.10538977
871.52744717,0.10358557
871.76952655,0.10319156
872.01161508,0.10244499
872.25371277,0.09514527
872.49581961,0.09425354
872.73793560,0.09800709
872.98006075,0.09414985
873.22219503,0.08842620
873.46433846,0.08359428
873.70649103,0.08732710
873.94865274,0.07502955
874.19082358,0.08015180
874.43300356,0.07762178
874.67519266,0.07266544
874.91739089,0.06530350
875.15959824,0.06677589
875.40181471,0.06244167
875.64404031,0.06148773
875.88627501,0.05451982
876.12851883,0.05192758
876.37077176,0.04997823
876.61303379,0.04589287
876.85530493,0.04927314
877.09758517,0.04456565
877.33987451,0.04091578
877.58217294,0.04164161
877.82448047,0.04218079
878.06679709,0.04892059
878.30912279,0.04705419
878.55145758,0.04883764
878.79380145,0.05277784
879.03615440,0.05111881
879.27851643,0.06186101
879.52088753,0.06437030
879.76326770,0.06327119
880.00565694,0.06772983
880.24805524,0.06862155
880.49046260,0.07129674
880.73287903,0.07073682
880.97530451,0.07465627
881.21773905,0.06855934
881.46018264,0.06571826
881.70263527,0.07480144
881.94509695,0.07077829
882.18756768,0.07038427
882.43004744,0.07322536
882.67253625,0.07685448
882.91503409,0.07446963
883.15754095,0.07310093
883.40005685,0.06835196
883.64258178,0.07243732
883.88511573,0.06683810
884.12765869,0.06963771
884.37021068,0.06594637
884.61277168,0.07152485
884.85534170,0.06437030
885.09792072,0.06229651
885.34050876,0.05912362
885.58310579,0.06447398
885.82571183,0.06700400
886.06832686,0.05991166
886.31095090,0.06412144
886.55358392,0.06192323
886.79622594,0.05667655
887.03887694,0.05379399
887.28153693,0.05769271
887.52420589,0.05831484
887.76688384,0.05522490
888.00957077,0.05211422
888.25226667,0.04850584
888.49497154,0.05217644
888.73768537,0.05236308
888.98040818,0.04520852
889.22313994,0.04375687
889.46588067,0.04748968
889.70863035,0.04288588
889.95138899,0.03917380
890.19415657,0.04222227
890.43693311,0.03805396
890.67971859,0.03730740
890.92251302,0.03374049
891.16531639,0.03318056
891.40812869,0.02625412
891.65094993,0.02834864
891.89378010,0.02780946
892.13661920,0.02430476
892.37946723,0.02399370
892.62232418,0.02150515
892.86519005,0.02712511
893.10806484,0.02579789
893.35094854,0.03158375
893.59384116,0.02677257
893.83674269,0.03212293
894.07965312,0.03085792
894.32257246,0.03726592
894.56550070,0.03689264
894.80843784,0.04587213
895.05138388,0.04157939
895.29433881,0.04869248
895.53730263,0.04485598
895.78027533,0.05016487
896.02325692,0.04722009
896.26624740,0.05103586
896.50924675,0.05261193
896.75225498,0.05439539
896.99527208,0.05151283
897.23829806,0.05568113
897.48133290,0.05678024
897.72437661,0.05445760
897.96742918,0.05369030
898.21049061,0.05416727
898.45356090,0.05321333
898.69664005,0.05576409
898.93972804,0.04964642
899.18282488,0.05333776
899.42593057,0.05279857
899.66904511,0.05130545
899.91216848,0.05804525
900.15530069,0.05375251
900.39844174,0.05966280
900.64159162,0.05383547
900.88475033,0.05727795
901.12791786,0.06580121
901.37109422,0.06451546
901.61427940,0.06038863
901.85747340,0.06138404
902.10067621,0.06486800
902.34388784,0.07117231
902.58710827,0.06690031
902.83033752,0.06631965
903.07357557,0.06802016
903.31682242,0.06356152
903.56007807,0.06507538
903.80334251,0.07146264
904.04661575,0.06943033
904.28989778,0.07320462
904.53318860,0.07830613
904.77648820,0.07743514
905.01979659,0.08421642
905.26311375,0.08280625
905.50643969,0.08568881
905.74977441,0.09029261
905.99311789,0.09435723
906.23647015,0.09809004
906.47983117,0.09835964
906.72320095,0.09765455
906.96657950,0.10725617
907.20996680,0.10285975
907.45336285,0.10509944
907.69676766,0.10443583
907.94018122,0.10744282
908.18360352,0.10130441
908.42703457,0.10445656
908.67047435,0.09844259
908.91392288,0.09765455
909.15738014,0.09896103
909.40084613,0.09247009
909.64432085,0.09110139
909.88780430,0.08840547
910.13129648,0.08720267
910.37479737,0.08697455
910.61830699,0.08293067
910.86182531,0.08330395
911.10535236,0.07760105
911.34888811,0.08089836
911.59243257,0.06992804
911.83598573,0.07131748
912.07954760,0.07094419
912.32311816,0.07111010
912.56669743,0.07534062
912.81028538,0.06945107
913.05388203,0.07227142
913.29748736,0.07025985
913.54110138,0.06741876
913.78472408,0.06551088
914.02835547,0.06553161
914.27199552,0.06495095
914.51564426,0.05960059
914.75930166,0.05675950
915.00296774,0.05474793
915.24664247,0.05750607
915.49032588,0.05798304
915.73401794,0.05976649
915.97771866,0.06105224
916.22142803,0.07075755
916.46514606,0.07847204
916.70887274,0.07631530
916.95260806,0.07633604
917.19635202,0.08239149
917.44010463,0.07932229
917.68386588,0.08736857
917.92763576,0.08832252
918.17141427,0.09130877
918.41520141,0.09898177
918.65899718,0.09593331
918.90280158,0.09956243
919.14661459,0.11127932
919.39043623,0.11339458
919.63426648,0.11689928
919.87810534,0.12309989
920.12195281,0.13149872
920.36580890,0.12793181
920.60967358,0.13902657
920.85354687,0.14636777
921.09742876,0.14833786
921.34131924,0.15395782
921.58521832,0.16165156
921.82912599,0.15524357
922.07304225,0.15457995
922.31696709,0.14093445
922.56090052,0.13842517
922.80484252,0.13838369
923.04879310,0.13089733
923.29275226,0.12146160
923.53671999,0.11837166
923.78069629,0.10802348
924.02468115,0.11011800
924.26867458,0.10356484
924.51267656,0.09614069
924.75668711,0.08987785
925.00070621,0.08701603
925.24473386,0.07697891
925.48877006,0.07523693
925.73281481,0.07241658
925.97686810,0.06302233
926.22092994,0.06061674
926.46500031,0.05663508
926.70907921,0.05364883
926.95316665,0.05294374
927.19726262,0.05109807
927.44136712,0.05165799
927.68548014,0.04732378
927.92960168,0.05124323
928.17373175,0.04245038
928.41787032,0.04116464
928.66201741,0.03869683
928.90617302,0.03641567
929.15033713,0.03282802
929.39450974,0.03270359
929.63869086,0.03571058
929.88288047,0.03454926
930.12707859,0.03313909
930.37128520,0.04257481
930.61550029,0.03328425
930.85972388,0.03689264
931.10395595,0.03338794
931.34819651,0.03651936
931.59244554,0.03641567
931.83670306,0.03815765
932.08096904,0.04170382
932.32524350,0.04448269
932.56952643,0.05047593
932.81381782,0.05103586
933.05811768,0.04831920
933.30242600,0.06063748
933.54674278,0.05835632
933.79106801,0.06501317
934.03540169,0.06739802
934.27974382,0.07158707
934.52409440,0.07376454
934.76845343,0.07699965
935.01282089,0.07548578
935.25719680,0.07529914
935.50158114,0.07227142
935.74597391,0.07094419
935.99037511,0.06951328
936.23478474,0.06899484
936.47920279,0.06677589
936.72362927,0.07766326
936.96806417,0.07334979
937.21250748,0.07065386
937.45695920,0.07144190
937.70141934,0.06955476
937.94588788,0.06959623
938.19036483,0.06926443
938.43485019,0.07283134
938.67934394,0.06791647
938.92384608,0.06509612
939.16835663,0.06202692
939.41287556,0.06179880
939.65740288,0.06161216
939.90193859,0.05319259
940.14648268,0.05306817
940.39103515,0.04910724
940.63559600,0.05373178
940.88016523,0.05252898
941.12474282,0.05767197
941.36932879,0.05385620
941.61392312,0.05642770
941.85852581,0.05263267
942.10313687,0.05261193
942.34775628,0.05292300
942.59238405,0.05165799
942.83702017,0.05145061
943.08166464,0.05472719
943.32631746,0.06140478
943.57097862,0.05779640
943.81564813,0.05827337
944.06032597,0.05690467
944.30501215,0.05725721
944.54970666,0.05800377
944.79440950,0.05269488
945.03912067,0.04977085
945.28384016,0.05485162
945.52856798,0.04713714
945.77330412,0.04948052
946.01804857,0.04220153
946.26280133,0.04485598
946.50756241,0.04568549
946.75233179,0.04649427
946.99710948,0.04394351
947.24189548,0.04568549
947.48668977,0.04363244
947.73149236,0.04780075
947.97630324,0.03913233
948.22112242,0.04410941
948.46594988,0.04462786
948.71078563,0.04485598
948.95562966,0.05437465
949.20048198,0.04549885
949.44534257,0.04537442
949.69021144,0.04410941
949.93508857,0.04836067
950.17997398,0.04746895
950.42486766,0.04489745
950.66976959,0.05140914
950.91467979,0.04838141
951.15959825,0.04968790
951.40452496,0.04904502
951.64945993,0.04763485
951.89440314,0.05228013
952.13935461,0.04607951
952.38431431,0.04811182
952.62928226,0.04481450
952.87425845,0.04514631
953.11924287,0.04883764
953.36423553,0.04498040
953.60923642,0.04039734
953.85424553,0.04257481
954.09926287,0.03973373
954.34428843,0.03747330
954.58932222,0.03457000
954.83436421,0.03676821
955.07941443,0.03121047
955.32447285,0.02830717
955.56953948,0.02961365
955.81461432,0.02727028
956.05969736,0.02322640
956.30478860,0.01603036
956.54988803,0.02109040
956.79499567,0.01901661
957.04011149,0.02279090
957.28523550,0.01574003
957.53036770,0.01816636
957.77550808,0.01547044
958.02065664,0.01497273
958.26581338,0.01410174
958.51097830,0.01621700
958.75615139,0.01445428
959.00133264,0.01795898
959.24652207,0.01333444
959.49171965,0.01914104
959.73692540,0.01690135
959.98213931,0.01486904
960.22736137,0.01540822
960.47259159,0.02133925
960.71782995,0.05252898
960.96307647,0.02389001
961.20833112,0.02646150
961.45359392,0.03210220
961.69886486,0.03328425
961.94414394,0.03434188
962.18943115,0.03548247
962.43472648,0.03587649
962.68002995,0.03836503
962.92534154,0.03882126
963.17066126,0.03469443
963.41598909,0.03658157
963.66132504,0.03956782
963.90666911,0.03875905
964.15202128,0.03801248
964.39738157,0.04663943
964.64274996,0.04398499
964.88812645,0.05045520
965.13351104,0.04524999
965.37890374,0.05008191
965.62430452,0.05180316
965.86971340,0.05431244
966.11513036,0.05352440
966.36055542,0.05534933
966.60598855,0.05777566
966.85142977,0.05640696
967.09687907,0.05694614
967.34233644,0.05507974
967.58780188,0.05499679
967.83327539,0.05814894
968.07875697,0.06437030
968.32424661,0.06735655
968.56974432,0.06447398
968.81525008,0.06152921
969.06076390,0.05879181
969.30628577,0.05980797
969.55181570,0.06422513
969.79735367,0.06563530
970.04289968,0.06300160
970.28845374,0.06598785
970.53401583,0.06679662
970.77958597,0.07050870
971.02516413,0.06754319
971.27075033,0.06474358
971.51634455,0.06687958
971.76194680,0.07465627
972.00755708,0.06862155
972.25317537,0.06899484
972.49880168,0.06507538
972.74443600,0.06223430
972.99007834,0.06283569
973.23572868,0.06480579
973.48138703,0.06240020
973.72705338,0.05906140
973.97272774,0.06304307
974.21841009,0.06376890
974.46410043,0.06553161
974.70979877,0.06395554
974.95550510,0.05974575
975.20121941,0.06273200
975.44694171,0.06524128
975.69267199,0.06389332
975.93841024,0.06418365
976.18415647,0.07067460
976.42991068,0.06926443
976.67567285,0.06557309
976.92144299,0.06285643
977.16722110,0.06331266
977.41300717,0.07077829
977.65880119,0.06914000
977.90460317,0.06165364
978.15041311,0.06891188
978.39623099,0.06414218
978.64205683,0.06640260
978.88789061,0.06590490
979.13373233,0.06472284
979.37958199,0.05866739
979.62543958,0.05493457
979.87130511,0.05881255
980.11717857,0.05713278
980.36305996,0.04910724
980.60894928,0.04672238
980.85484651,0.04464860
981.10075167,0.04672238
981.34666475,0.04120611
981.59258573,0.04365318
981.83851463,0.04060472
982.08445144,0.04126833
982.33039616,0.03965077
982.57634878,0.03707928
982.82230930,0.03927749
983.06827771,0.04788370
983.31425403,0.04481450
983.56023823,0.04423384
983.80623032,0.04537442
984.05223031,0.04145497
984.29823817,0.04240891
984.54425391,0.04110242
984.79027754,0.03921528
985.03630904,0.04400572
985.28234841,0.03851019
985.52839565,0.04643205
985.77445076,0.04128906
986.02051374,0.04632836
986.26658457,0.04332137
986.51266327,0.05037224
986.75874982,0.04713714
987.00484422,0.04560254
987.25094647,0.05089069
987.49705658,0.04719935
987.74317452,0.04796665
987.98930031,0.04678460
988.23543394,0.04719935
988.48157541,0.04257481
988.72772471,0.05006118
988.97388184,0.05514195
989.22004680,0.04527073
989.46621959,0.05174094
989.71240020,0.04722009
989.95858862,0.05242529
990.20478487,0.04740673
990.45098893,0.05696688
990.69720080,0.04902428
990.94342048,0.04672238
991.18964797,0.04493893
991.43588326,0.05084922
991.68212635,0.04551959
991.92837724,0.04495966
992.17463593,0.04500114
992.42090240,0.04423384
992.66717667,0.04060472
992.91345872,0.04033512
993.15974856,0.03606313
993.40604618,0.03907011
993.65235158,0.03492254
993.89866475,0.03778437
994.14498570,0.03444557
994.39131441,0.03432115
994.63765090,0.03627050
994.88399515,0.03336721
995.13034716,0.03641567
995.37670693,0.03703781
995.62307445,0.02928185
995.86944973,0.02722880
996.11583276,0.02581863
996.36222354,0.02996620
996.60862206,0.02519649
996.85502833,0.02836938
997.10144233,0.02710437
997.34786408,0.02250057
997.59429355,0.02407665
997.84073076,0.02339230
998.08717570,0.01766865
998.33362836,0.02075859
998.58008875,0.01741980
998.82655685,0.02200286
999.07303267,0.02430476
999.31951621,0.02158810
999.56600746,0.01542896
999.81250642,0.01835300
1000.05901309,0.01544970
1000.30552746,0.01594741
1000.55204953,0.01314780
1000.79857929,0.01793824
1001.04511676,0.01783455
1001.29166191,0.01930694
1001.53821476,0.01063852
1001.78477529,0.01683914
1002.03134351,0.01600962
1002.27791941,0.01901661
1002.52450299,0.01617553
1002.77109424,0.01613405
1003.01769317,0.01333444
1003.26429976,0.01530454
1003.51091403,0.01493125
1003.75753596,0.01279526
1004.00416555,0.01482756
1004.25080280,0.02059269
1004.49744771,0.01789677
1004.74410027,0.01341739
1004.99076048,0.01515937
1005.23742834,0.01432986
1005.48410384,0.02026088
1005.73078699,0.01565708
1005.97747778,0.01833226
1006.22417620,0.01520085
1006.47088226,0.01831152
1006.71759595,0.01856038
1006.96431727,0.02135999
1007.21104622,0.01949358
1007.45778279,0.02053047
1007.70452698,0.01488978
1007.95127879,0.01775160
1008.19803821,0.01907882
1008.44480524,0.02131851
1008.69157988,0.02179548
1008.93836213,0.02140146
1009.18515199,0.01609257
1009.43194944,0.01764791
1009.67875450,0.01961801
1009.92556715,0.01754422
1010.17238739,0.02250057
1010.41921522,0.02144294
1010.66605064,0.02401443
1010.91289364,0.01961801
1011.15974422,0.01901661
1011.40660239,0.01818710
1011.65346813,0.01961801
1011.90034144,0.02637855
1012.14722232,0.02440845
1012.39411078,0.01976317
1012.64100679,0.02208581
1012.88791037,0.02328861
1013.13482151,0.02084154
1013.38174020,0.02326787
1013.62866645,0.02727028
1013.87560025,0.02807905
1014.12254160,0.02515502
1014.36949049,0.02843160
1014.61644693,0.02948923
1014.86341091,0.02426329
1015.11038242,0.02214803
1015.35736147,0.02758134
1015.60434805,0.02503059
1015.85134216,0.02175401
1016.09834379,0.02048900
1016.34535295,0.01934842
1016.59236963,0.01968022
1016.83939383,0.02009498
1017.08642554,0.01835300
1017.33346476,0.01901661
1017.58051150,0.01926547
1017.82756574,0.01493125
1018.07462748,0.01298190
1018.32169673,0.01779308
1018.56877347,0.01443355
1018.81585771,0.01816636
1019.06294945,0.01567782
1019.31004867,0.01126065
1019.55715538,0.01099106
1019.80426957,0.01590593
1020.05139125,0.01847743
1020.29852041,0.01768939
1020.54565704,0.01283673
1020.79280114,0.01493125
1021.03995272,0.00848178
1021.28711177,0.01623774
1021.53427828,0.01250493
1021.78145225,0.01586446
1022.02863368,0.01078368
1022.27582257,0.01229755
1022.52301891,0.01578151
1022.77022270,0.01406026
1023.01743395,0.01171689
1023.26465263,0.01140582
1023.51187876,0.00489413
1023.75911234,0.01088737
1024.00635335,0.00887580
1024.25360179,0.01036893
1024.50085766,0.00819145
1024.74812097,0.01020302
1024.99539170,0.00696792
1025.24266985,0.01018229
1025.48995543,0.00640800
1025.73724842,0.00785965
1025.98454883,0.00846104
1026.23185665,0.00367060
1026.47917188,0.00530889
1026.72649452,0.00806702
1026.97382456,0.00873064
1027.22116200,0.00313142
1027.46850685,0.00429274
1027.71585908,0.00398167
1027.96321872,0.00653242
1028.21058574,0.00269592
1028.45796014,-0.01300263
1028.70534194,-0.00999565
1028.95273111,-0.01227681
1029.20012767,-0.01358329
1029.44753160,-0.01229755
1029.69494290,-0.01233902
