198.80933475,0.00922127
199.01143578,0.00702474
199.21355429,0.00188570
199.41569028,0.00029011
199.61784374,0.00138837
199.82001468,0.00155415
200.02220309,0.00437233
200.22440896,0.00118115
200.42663230,0.00120187
200.62887310,0.00055949
200.83113136,0.00385428
201.03340708,0.00176137
201.23570025,0.00227941
201.43801087,0.00310829
201.64033894,0.00762568
201.84268445,0.00219653
202.04504741,0.00288035
202.24742780,0.00213436
202.44982564,0.00240375
202.65224090,-0.00145054
202.85467360,0.00555348
203.05712372,0.00352273
203.25959128,-0.00031083
203.46207625,0.00360562
203.66457864,0.00261097
203.86709846,0.00501471
204.06963568,0.00561565
204.27219032,0.00464172
204.47476237,0.00362634
204.67735182,0.00285963
204.87995868,0.01278544
205.08258293,0.00690041
205.28522459,0.00346057
205.48788364,0.00213436
205.69056008,0.00362634
205.89325391,0.00644453
206.09596513,0.00277674
206.29869374,0.00607153
206.50143972,0.00424800
206.70420308,0.00290107
206.90698382,0.00408222
207.10978194,0.00310829
207.31259742,0.00841311
207.51543027,0.00018650
207.71828048,0.00246591
207.92114806,0.00230014
208.12403299,0.01007087
208.32693528,0.00201003
208.52985493,0.00238302
208.73279193,-0.00118115
208.93574627,0.00843383
209.13871796,0.00489038
209.34170699,0.00321190
209.54471336,-0.00091177
209.74773707,0.00387501
209.95077811,0.00159559
210.15383649,0.00279746
210.35691219,0.00381284
210.56000522,0.00468316
210.76311557,-0.00078743
210.96624324,0.00627875
211.16938823,0.00091177
211.37255053,0.00161631
211.57573015,0.00010361
211.77892707,0.00399934
211.98214130,0.00277674
212.18537284,0.00116043
212.38862167,0.00211364
212.59188781,0.00230014
212.79517124,0.00111899
212.99847196,-0.00101538
213.20178997,0.00283891
213.40512527,0.00509760
213.60847785,0.00248663
213.81184772,0.00136765
214.01523486,-0.00045588
214.21863928,0.00503543
214.42206097,0.00619586
214.62549993,0.00304613
214.82895616,0.00029011
215.03242966,0.00443450
215.23592042,0.00014505
215.43942843,0.00410295
215.64295370,0.00070455
215.84649623,0.00567782
216.05005601,0.00735629
216.25363303,0.00327407
216.45722731,0.00271458
216.66083882,-0.00097393
216.86446757,0.00385428
217.06811356,-0.00020722
217.27177679,0.00692113
217.47545724,0.00402006
217.67915493,0.00186498
217.88286984,0.00321190
218.08660198,0.00553276
218.29035133,0.00797795
218.49411790,0.00706619
218.69790169,0.00271458
218.90170269,0.00256952
219.10552090,0.00532554
219.30935632,0.00451739
219.51320894,0.00186498
219.71707876,0.00029011
219.92096578,0.00511832
220.12486999,0.00122260
220.32879140,0.00573998
220.53272999,0.00020722
220.73668578,0.00588503
220.94065875,0.00437233
221.14464890,0.00225869
221.34865623,0.00426872
221.55268073,0.00058021
221.75672241,-0.00122260
221.96078126,0.00234158
222.16485728,-0.00064238
222.36895046,0.00101538
222.57306080,0.00329479
222.77718831,0.00190642
222.98133297,-0.00285963
223.18549478,0.00540843
223.38967375,0.00012433
223.59386986,0.00207220
223.79808312,0.00219653
224.00231352,0.00383356
224.20656106,0.00509760
224.41082574,0.00451739
224.61510756,0.00982221
224.81940650,0.00122260
225.02372258,0.00078743
225.22805578,0.00314974
225.43240610,-0.00097393
225.63677355,0.00416511
225.84115811,-0.00008289
226.04555979,0.00207220
226.24997858,-0.00101538
226.45441448,0.00364706
226.65886748,0.00667247
226.86333759,0.00300468
227.06782480,0.00389573
227.27232911,0.00138837
227.47685052,0.00138837
227.68138902,0.00596792
227.88594461,-0.00022794
228.09051728,0.00240375
228.29510704,0.00375067
228.49971389,0.00658958
228.70433781,0.00366779
228.90897881,0.00362634
229.11363688,0.00099465
229.31831202,0.00486966
229.52300423,0.00449666
229.72771350,0.00302541
229.93243984,0.00058021
230.13718324,0.00082888
230.34194369,0.00234158
230.54672120,0.00696258
230.75151576,0.00364706
230.95632737,0.00530482
231.16115602,0.00120187
231.36600172,0.00041444
231.57086446,0.00113971
231.77574423,0.00360562
231.98064104,-0.00362634
232.18555488,0.00273530
232.39048575,0.00337768
232.59543365,0.00074599
232.80039857,0.00012433
233.00538051,0.00422728
233.21037947,0.00561565
233.41539544,0.01995524
233.62042843,0.00020722
233.82547842,0.00308757
234.03054543,0.00708691
234.23562943,0.00022794
234.44073044,0.00169920
234.64584845,0.00310829
234.85098345,0.00273530
235.05613545,0.00300468
235.26130444,0.00331551
235.46649041,0.00277674
235.67169337,0.00683824
235.87691331,0.00594720
236.08215023,-0.00095321
236.28740413,0.00383356
236.49267500,0.00350201
236.69796284,0.00053877
236.90326765,0.00341912
237.10858942,0.00464172
237.31392816,0.00366779
237.51928386,0.00632020
237.72465651,0.00196859
237.93004612,0.00033155
238.13545268,0.00097393
238.34087619,0.00468316
238.54631664,0.00238302
238.75177404,-0.00029011
238.95724838,-0.00074599
239.16273965,0.00451739
239.36824786,0.00632020
239.57377300,0.00410295
239.77931508,0.00658958
239.98487407,0.00279746
240.19045000,0.00464172
240.39604284,0.00389573
240.60165260,-0.00147126
240.80727928,0.00250736
241.01292287,0.00416511
241.21858337,0.00346057
241.42426077,0.00221725
241.62995508,0.00248663
241.83566630,0.00087032
242.04139441,0.00273530
242.24713941,0.00381284
242.45290131,0.00109826
242.65868010,0.00404078
242.86447578,-0.00122260
243.07028835,0.00513904
243.27611779,0.00526338
243.48196412,0.00638236
243.68782732,0.00132620
243.89370739,0.00157487
244.09960434,0.00033155
244.30551816,0.00634092
244.51144884,0.00294252
244.71739638,0.00126404
244.92336078,0.00244519
245.12934204,0.00176137
245.33534016,0.00072527
245.54135512,0.00111899
245.74738694,0.00167848
245.95343560,0.00099465
246.15950110,0.00617514
246.36558345,0.00194786
246.57168263,0.00281819
246.77779865,0.00215508
246.98393150,0.00582287
247.19008118,0.00184425
247.39624769,0.00484894
247.60243102,0.00329479
247.80863117,0.00731485
248.01484814,0.00350201
248.22108192,0.00422728
248.42733252,-0.00283891
248.63359993,0.00041444
248.83988415,0.00041444
249.04618517,0.00549132
249.25250299,0.00093249
249.45883761,-0.00130548
249.66518903,0.00302541
249.87155724,0.00111899
250.07794224,0.00441378
250.28434403,0.00399934
250.49076260,0.00847528
250.69719796,-0.00165776
250.90365009,-0.00035227
251.11011901,0.00171992
251.31660469,0.00457955
251.52310715,0.00203075
251.72962638,0.00476605
251.93616237,0.00296324
252.14271513,0.00182353
252.34928464,0.00153342
252.55587091,-0.00082888
252.76247394,0.00165776
252.96909372,0.00209292
253.17573025,0.00213436
253.38238352,0.00201003
253.58905354,0.00288035
253.79574030,0.00080816
254.00244380,0.00333623
254.20916403,0.00808156
254.41590099,0.00486966
254.62265469,0.00097393
254.82942511,-0.00051805
255.03621225,0.00190642
255.24301612,0.00244519
255.44983670,-0.00116043
255.65667400,0.00418583
255.86352802,0.00211364
256.07039874,-0.00076671
256.27728617,0.00116043
256.48419031,0.00414439
256.69111115,0.00462100
256.89804868,-0.00080816
257.10500292,0.00149198
257.31197384,0.00385428
257.51896146,0.00816445
257.72596577,-0.00136765
257.93298676,0.00194786
258.14002443,0.00350201
258.34707878,0.00159559
258.55414981,0.00045588
258.76123752,0.00045588
258.96834190,0.00862033
259.17546294,-0.00147126
259.38260065,-0.00010361
259.58975502,0.00020722
259.79692606,0.00252808
260.00411375,0.00426872
260.21131810,-0.00341912
260.41853909,0.00393717
260.62577674,0.00026939
260.83303103,0.00290107
261.04030197,-0.00163703
261.24758955,0.00074599
261.45489377,0.00029011
261.66221462,0.00283891
261.86955210,0.00499399
262.07690622,0.00273530
262.28427696,-0.00024866
262.49166433,-0.00225869
262.69906831,0.00594720
262.90648892,-0.00010361
263.11392614,0.00033155
263.32137998,0.00414439
263.52885042,0.00470388
263.73633747,0.00669319
263.94384113,-0.00149198
264.15136139,0.00414439
264.35889825,0.00841311
264.56645171,0.00669319
264.77402176,0.00402006
264.98160840,0.00308757
265.18921163,-0.00033155
265.39683144,-0.00103610
265.60446784,0.00795723
265.81212081,-0.00161631
266.01979037,0.00370923
266.22747650,0.00116043
266.43517920,0.00192714
266.64289847,-0.00037300
266.85063430,0.00203075
267.05838670,0.00033155
267.26615566,0.00213436
267.47394117,-0.00124332
267.68174324,-0.00317046
267.88956187,0.00466244
268.09739704,0.00283891
268.30524876,0.00424800
268.51311702,0.00542915
268.72100183,-0.00288035
268.92890317,-0.00126404
269.13682105,0.00053877
269.34475546,-0.00138837
269.55270640,0.00039372
269.76067387,0.00269385
269.96865786,-0.00026939
270.17665838,0.00219653
270.38467541,0.00207220
270.59270896,0.00339840
270.80075902,0.00041444
271.00882560,0.00410295
271.21690868,0.00192714
271.42500826,0.00346057
271.63312435,0.00279746
271.84125694,0.00198931
272.04940602,0.00837167
272.25757160,0.00267313
272.46575367,0.00265241
272.67395223,0.00232086
272.88216727,0.00147126
273.09039880,0.00700402
273.29864681,0.00188570
273.50691129,0.00302541
273.71519225,0.00209292
273.92348968,0.00209292
274.13180358,0.00203075
274.34013395,-0.00014505
274.54848077,0.00325335
274.75684406,0.00105682
274.96522381,0.00178209
275.17362001,-0.00049733
275.38203267,0.00567782
275.59046177,0.00242447
275.79890732,0.00157487
276.00736932,0.00350201
276.21584776,-0.00014505
276.42434263,0.00024866
276.63285394,-0.00356418
276.84138169,0.00053877
277.04992586,0.00267313
277.25848646,0.00360562
277.46706349,0.00060094
277.67565694,-0.00165776
277.88426680,0.00039372
278.09289309,0.00118115
278.30153578,-0.00070455
278.51019489,0.00457955
278.71887041,0.00113971
278.92756233,0.00534626
279.13627065,0.00383356
279.34499537,0.00275602
279.55373649,0.00532554
279.76249401,0.00868250
279.97126791,0.00335696
280.18005820,0.00176137
280.38886488,0.00196859
280.59768795,-0.00070455
280.80652739,0.00227941
281.01538321,0.00176137
281.22425540,0.00319118
281.43314397,0.00391645
281.64204891,0.00029011
281.85097021,0.00252808
282.05990788,0.00256952
282.26886190,0.00290107
282.47783229,0.00016578
282.68681903,0.00387501
282.89582212,0.00227941
283.10484156,0.00215508
283.31387735,0.00004144
283.52292949,0.00120187
283.73199796,0.00234158
283.94108277,0.00428944
284.15018392,-0.00016578
284.35930141,0.00151270
284.56843522,0.00402006
284.77758536,0.00402006
284.98675183,0.00215508
285.19593461,0.00671391
285.40513372,0.00439305
285.61434914,0.00310829
285.82358088,-0.00379212
286.03282893,-0.00089104
286.24209328,0.00402006
286.45137395,0.00134693
286.66067091,0.00223797
286.86998417,0.00319118
287.07931373,0.00227941
287.28865959,0.00445522
287.49802174,0.00261097
287.70740017,-0.00012433
287.91679489,0.00261097
288.12620590,0.00207220
288.33563318,-0.00145054
288.54507675,0.00397861
288.75453658,0.00093249
288.96401269,0.00008289
289.17350507,0.00126404
289.38301372,0.00495255
289.59253863,0.00246591
289.80207980,0.00551204
290.01163723,0.00265241
290.22121091,0.00350201
290.43080085,0.00404078
290.64040703,0.00161631
290.85002947,0.00238302
291.05966815,0.00441378
291.26932307,0.00571926
291.47899422,0.00097393
291.68868162,0.00530482
291.89838525,0.00201003
292.10810511,0.00480749
292.31784119,0.00198931
292.52759350,0.00010361
292.73736204,0.00240375
292.94714679,0.00317046
293.15694776,0.00018650
293.36676494,0.00008289
293.57659834,0.00230014
293.78644794,-0.00178209
293.99631375,0.00084960
294.20619576,0.00406150
294.41609397,0.00623731
294.62600838,0.00244519
294.83593898,0.00460027
295.04588578,-0.00196859
295.25584876,-0.00304613
295.46582793,-0.00130548
295.67582328,0.00372995
295.88583481,0.00018650
296.09586253,0.00186498
296.30590641,0.00138837
296.51596647,0.00132620
296.72604270,0.00051805
296.93613509,0.00598864
297.14624365,-0.00350201
297.35636837,0.00238302
297.56650925,0.00087032
297.77666629,0.00026939
297.98683947,-0.00076671
298.19702881,0.00161631
298.40723429,0.00134693
298.61745592,0.00273530
298.82769369,0.00509760
299.03794760,0.00690041
299.24821765,-0.00089104
299.45850383,0.00381284
299.66880614,0.00329479
299.87912458,-0.00120187
300.08945914,-0.00149198
300.29980983,0.00493182
300.51017663,0.00292180
300.72055955,0.00766712
300.93095859,0.00192714
301.14137374,0.00014505
301.35180499,-0.00095321
301.56225235,0.00103610
301.77271582,-0.00329479
301.98319538,0.01054747
302.19369105,-0.00174064
302.40420280,-0.00095321
302.61473065,0.00402006
302.82527459,0.00145054
303.03583461,-0.00107754
303.24641072,-0.00026939
303.45700291,0.00240375
303.66761117,0.00298396
303.87823552,0.00486966
304.08887593,0.00223797
304.29953241,0.00109826
304.51020496,-0.00142981
304.72089358,0.00561565
304.93159825,0.00294252
305.14231899,-0.00167848
305.35305578,0.00549132
305.56380862,0.00099465
305.77457752,0.00310829
305.98536246,0.00192714
306.19616344,0.00155415
306.40698047,0.00213436
306.61781354,0.00037300
306.82866264,0.00261097
307.03952778,0.00209292
307.25040895,0.00265241
307.46130614,0.00252808
307.67221937,0.00051805
307.88314861,0.00020722
308.09409387,0.00406150
308.30505515,0.00271458
308.51603245,0.00393717
308.72702576,0.00103610
308.93803507,0.00022794
309.14906039,0.00246591
309.36010172,0.00223797
309.57115904,0.00267313
309.78223236,0.00120187
309.99332168,0.00203075
310.20442699,0.00532554
310.41554829,0.00176137
310.62668557,-0.00055949
310.83783884,0.00377140
311.04900809,-0.00372995
311.26019332,-0.00031083
311.47139452,0.00097393
311.68261169,0.00437233
311.89384484,0.00453811
312.10509395,0.00321190
312.31635903,0.00455883
312.52764007,0.00031083
312.73893706,-0.00002072
312.95025002,0.00008289
313.16157892,-0.00153342
313.37292378,0.00679680
313.58428458,0.00043516
313.79566133,0.00039372
314.00705402,0.00416511
314.21846266,0.00089104
314.42988722,-0.00055949
314.64132772,0.00352273
314.85278416,0.00053877
315.06425652,0.01063036
315.27574480,-0.00039372
315.48724901,0.00387501
315.69876914,0.00018650
315.91030518,0.00064238
316.12185715,0.00078743
316.33342502,0.00116043
316.54500880,0.00294252
316.75660848,0.00439305
316.96822407,0.00176137
317.17985556,0.00136765
317.39150295,0.00105682
317.60316624,0.00397861
317.81484541,0.00062166
318.02654048,0.00124332
318.23825143,0.00451739
318.44997826,0.00159559
318.66172098,0.00022794
318.87347957,0.00607153
319.08525404,0.00134693
319.29704439,0.00269385
319.50885060,0.00275602
319.72067268,0.00449666
319.93251063,0.00062166
320.14436443,0.00076671
320.35623410,0.00677608
320.56811962,0.00368851
320.78002100,-0.00203075
320.99193822,-0.00072527
321.20387130,-0.00147126
321.41582021,0.00171992
321.62778498,0.00420656
321.83976558,0.00248663
322.05176201,0.00439305
322.26377428,0.00031083
322.47580239,0.00646525
322.68784632,0.00310829
322.89990607,0.00217581
323.11198165,0.00076671
323.32407305,0.00230014
323.53618027,0.00234158
323.74830330,0.00184425
323.96044215,0.00314974
324.17259680,0.00627875
324.38476726,0.00424800
324.59695352,0.00008289
324.80915558,0.00368851
325.02137344,-0.00022794
325.23360710,-0.00047660
325.44585655,0.00354345
325.65812178,0.00404078
325.87040281,-0.00078743
326.08269962,0.00370923
326.29501221,-0.00219653
326.50734058,0.00393717
326.71968472,0.00033155
326.93204464,0.00708691
327.14442032,0.00501471
327.35681178,0.00466244
327.56921900,0.00049733
327.78164198,0.00161631
327.99408072,-0.00087032
328.20653522,0.00225869
328.41900547,0.00026939
328.63149147,0.00317046
328.84399322,-0.00010361
329.05651071,0.00120187
329.26904395,0.00213436
329.48159293,0.00348129
329.69415764,0.00064238
329.90673809,0.00263169
330.11933427,0.00060094
330.33194617,0.00281819
330.54457381,0.00232086
330.75721716,-0.00186498
330.96987624,0.00024866
331.18255104,0.00227941
331.39524154,0.00685897
331.60794777,0.00232086
331.82066970,-0.00151270
332.03340733,0.00201003
332.24616067,0.00636164
332.45892971,0.00192714
332.67171445,0.00292180
332.88451489,0.00155415
333.09733102,0.00319118
333.31016283,-0.00140909
333.52301034,-0.00084960
333.73587352,-0.00002072
333.94875239,-0.00269385
334.16164694,0.00022794
334.37455717,-0.00352273
334.58748306,0.00368851
334.80042463,0.00526338
335.01338187,-0.00047660
335.22635477,0.00439305
335.43934333,0.00145054
335.65234755,0.00285963
335.86536743,0.00439305
336.07840296,0.00134693
336.29145415,-0.00116043
336.50452098,0.00306685
336.71760345,0.00176137
336.93070157,0.00244519
337.14381533,0.00053877
337.35694473,0.00124332
337.57008976,0.00437233
337.78325042,0.00138837
337.99642671,0.00101538
338.20961863,0.00184425
338.42282617,0.00385428
338.63604933,-0.00246591
338.84928810,0.00016578
339.06254250,0.00294252
339.27581250,0.00319118
339.48909812,0.00259024
339.70239934,0.00441378
339.91571616,-0.00020722
340.12904859,0.00246591
340.34239661,-0.00176137
340.55576023,0.00296324
340.76913945,0.00356418
340.98253425,0.00174064
341.19594464,0.00049733
341.40937061,0.00033155
341.62281217,0.00267313
341.83626930,0.00862033
342.04974201,0.00246591
342.26323030,-0.00084960
342.47673415,0.00285963
342.69025357,0.00673463
342.90378856,-0.00037300
343.11733911,0.00460027
343.33090522,0.00283891
343.54448688,0.00300468
343.75808410,0.00161631
343.97169687,0.00159559
344.18532519,0.00047660
344.39896906,0.00408222
344.61262847,-0.00064238
344.82630341,0.00538771
345.03999390,0.00362634
345.25369992,0.00476605
345.46742147,0.00804012
345.68115855,0.00352273
345.89491115,0.00281819
346.10867928,0.00004144
346.32246293,0.00246591
346.53626210,-0.00072527
346.75007679,-0.00037300
346.96390698,0.00296324
347.17775269,0.00327407
347.39161390,0.00041444
347.60549061,0.00190642
347.81938283,0.00360562
348.03329055,0.00381284
348.24721376,0.00064238
348.46115246,0.00337768
348.67510665,-0.00070455
348.88907634,0.00157487
349.10306150,0.00016578
349.31706215,-0.00188570
349.53107828,0.00372995
349.74510988,0.00209292
349.95915696,0.00364706
350.17321950,0.00333623
350.38729752,0.00739774
350.60139100,0.00039372
350.81549994,0.00051805
351.02962435,-0.00277674
351.24376421,0.00480749
351.45791952,0.00033155
351.67209028,0.00107754
351.88627650,0.00190642
352.10047816,0.00107754
352.31469526,0.00343984
352.52892780,0.00308757
352.74317578,0.00509760
352.95743919,0.00230014
353.17171804,0.00296324
353.38601232,0.00368851
353.60032202,-0.00238302
353.81464714,0.00598864
354.02898769,-0.00188570
354.24334365,-0.00116043
354.45771503,-0.00277674
354.67210182,0.00323262
354.88650403,0.00499399
355.10092164,0.00576070
355.31535465,-0.00045588
355.52980306,0.00965643
355.74426687,0.00118115
355.95874608,0.00060094
356.17324069,0.00188570
356.38775068,-0.00031083
356.60227606,0.00234158
356.81681682,-0.00399934
357.03137297,-0.00018650
357.24594449,0.00354345
357.46053139,0.00484894
357.67513367,0.00435161
357.88975132,0.00424800
358.10438433,-0.00087032
358.31903271,0.00192714
358.53369645,0.00186498
358.74837556,-0.00244519
358.96307002,0.00317046
359.17777983,-0.00283891
359.39250499,0.00084960
359.60724551,0.00132620
359.82200137,0.00317046
360.03677257,0.00089104
360.25155911,-0.00107754
360.46636100,0.00157487
360.68117821,-0.00171992
360.89601076,-0.00099465
361.11085864,0.00308757
361.32572184,-0.00209292
361.54060037,0.00296324
361.75549422,0.00302541
361.97040338,0.00752207
362.18532786,0.00296324
362.40026766,-0.00074599
362.61522276,0.00275602
362.83019318,0.00569854
363.04517889,-0.00051805
363.26017991,0.00174064
363.47519623,0.00103610
363.69022784,0.00360562
363.90527474,0.00010361
364.12033694,0.00555348
364.33541442,-0.00091177
364.55050719,0.00060094
364.76561524,-0.00124332
364.98073857,0.00178209
365.19587718,-0.00182353
365.41103106,0.00176137
365.62620021,-0.00053877
365.84138463,0.00147126
366.05658432,0.00103610
366.27179927,0.00431017
366.48702948,-0.00055949
366.70227494,0.00039372
366.91753566,0.00053877
367.13281163,0.00039372
367.34810285,-0.00198931
367.56340932,0.00130548
367.77873103,0.00111899
367.99406798,0.00250736
368.20942017,-0.00045588
368.42478759,0.00132620
368.64017025,0.00078743
368.85556813,0.00462100
369.07098125,0.00047660
369.28640958,0.00267313
369.50185314,0.00227941
369.71731191,0.00176137
369.93278590,-0.00364706
370.14827511,0.00314974
370.36377952,-0.00087032
370.57929914,-0.00103610
370.79483397,0.00491110
371.01038400,0.00159559
371.22594922,0.00033155
371.44152965,0.00217581
371.65712526,0.00259024
371.87273607,-0.00184425
372.08836206,0.00360562
372.30400324,0.00416511
372.51965960,-0.00201003
372.73533114,0.00524265
372.95101786,0.00084960
373.16671976,0.00515977
373.38243682,0.00424800
373.59816905,0.00217581
373.81391645,-0.00219653
374.02967901,0.00331551
374.24545673,-0.00006217
374.46124961,-0.00043516
374.67705764,0.00120187
374.89288082,0.00014505
375.10871916,0.00020722
375.32457264,0.00099465
375.54044126,0.00078743
375.75632503,0.00673463
375.97222393,0.00178209
376.18813797,-0.00194786
376.40406713,0.00064238
376.62001143,0.00151270
376.83597086,-0.00194786
377.05194541,0.00039372
377.26793508,0.00306685
377.48393987,0.00397861
377.69995978,0.00273530
377.91599480,0.00153342
378.13204493,0.00205147
378.34811016,0.00310829
378.56419050,0.00445522
378.78028595,0.00366779
378.99639649,0.00035227
379.21252213,-0.00006217
379.42866286,0.00031083
379.64481868,-0.00051805
379.86098960,0.00663102
380.07717559,0.00176137
380.29337667,0.00058021
380.50959283,0.00093249
380.72582407,0.00335696
380.94207038,0.00269385
381.15833176,0.00147126
381.37460821,0.00053877
381.59089972,0.00124332
381.80720630,0.00240375
382.02352794,0.00105682
382.23986464,0.00310829
382.45621639,0.00230014
382.67258319,0.00252808
382.88896505,0.00020722
383.10536195,0.00358490
383.32177389,0.00223797
383.53820087,0.00142981
383.75464289,-0.00029011
383.97109995,0.00174064
384.18757204,-0.00012433
384.40405916,0.00018650
384.62056131,-0.00261097
384.83707848,0.00145054
385.05361067,0.00205147
385.27015788,0.00031083
385.48672011,0.00501471
385.70329735,0.00395789
385.91988960,0.00339840
386.13649686,0.00014505
386.35311912,0.00329479
386.56975639,0.00252808
386.78640865,0.00319118
387.00307592,0.00035227
387.21975817,-0.00219653
387.43645542,0.00296324
387.65316765,-0.00006217
387.86989487,0.00422728
388.08663707,0.00145054
388.30339426,-0.00093249
388.52016641,0.00288035
388.73695355,0.00348129
388.95375565,0.00406150
389.17057273,0.00014505
389.38740477,0.00547060
389.60425177,0.00273530
389.82111374,-0.00120187
390.03799066,0.00466244
390.25488253,0.00120187
390.47178936,0.00095321
390.68871114,0.00335696
390.90564787,0.00064238
391.12259954,-0.00016578
391.33956614,0.00321190
391.55654769,0.00055949
391.77354418,0.00165776
391.99055559,0.00109826
392.20758194,0.00259024
392.42462321,0.00377140
392.64167941,0.00213436
392.85875053,0.00460027
393.07583657,-0.00033155
393.29293752,0.00468316
393.51005339,0.00431017
393.72718417,0.00317046
393.94432986,0.00468316
394.16149045,0.00182353
394.37866594,0.00225869
394.59585634,0.00343984
394.81306163,0.00329479
395.03028181,0.00360562
395.24751689,0.00837167
395.46476685,0.00087032
395.68203170,0.00395789
395.89931143,0.00841311
396.11660604,0.00445522
396.33391553,0.00549132
396.55123990,0.00078743
396.76857913,0.00406150
396.98593324,0.00408222
397.20330221,-0.00111899
397.42068604,0.00561565
397.63808474,-0.00132620
397.85549829,0.00472461
398.07292670,0.00422728
398.29036996,0.00586431
398.50782807,0.00431017
398.72530103,0.00634092
398.94278883,0.00410295
399.16029147,0.00540843
399.37780895,0.00138837
399.59534127,0.00646525
399.81288841,0.00532554
400.03045039,0.00799867
400.24802720,0.00880683
400.46561883,0.00252808
400.68322529,0.00302541
400.90084656,0.00424800
401.11848265,0.00669319
401.33613355,0.00437233
401.55379926,0.00240375
401.77147978,0.00675536
401.98917511,0.00760496
402.20688524,0.00368851
402.42461017,0.00358490
402.64234989,0.00547060
402.86010441,-0.00024866
403.07787372,0.00708691
403.29565782,0.00393717
403.51345670,0.00331551
403.73127037,0.00733557
403.94909882,0.00101538
404.16694205,0.00532554
404.38480005,0.00304613
404.60267282,0.00377140
404.82056036,0.00288035
405.03846267,0.00810228
405.25637974,0.00741846
405.47431157,0.00563637
405.69225816,0.00381284
405.91021951,0.00563637
406.12819561,0.00304613
406.34618645,0.00368851
406.56419205,0.00422728
406.78221239,0.00339840
407.00024747,0.00764640
407.21829729,0.00097393
407.43636184,0.00814373
407.65444113,0.00582287
407.87253515,0.00708691
408.09064390,0.00648597
408.30876737,0.00375067
408.52690556,0.00855817
408.74505847,0.00285963
408.96322610,0.00772929
409.18140844,0.00389573
409.39960550,0.00420656
409.61781726,0.00698330
409.83604372,0.00292180
410.05428489,0.00814373
410.27254076,0.00273530
410.49081133,0.00708691
410.70909659,0.00654814
410.92739654,0.00408222
411.14571118,0.00843383
411.36404051,0.00387501
411.58238452,0.00702474
411.80074321,0.00580215
412.01911658,0.00978076
412.23750462,0.00855817
412.45590734,0.00569854
412.67432472,0.00596792
412.89275677,0.00592648
413.11120349,0.00393717
413.32966486,0.00277674
413.54814090,0.00669319
413.76663159,0.00822662
413.98513693,0.00319118
414.20365692,0.00207220
414.42219156,0.00648597
414.64074084,0.00120187
414.85930477,0.00503543
415.07788333,0.00066310
415.29647653,0.00327407
415.51508437,0.00366779
415.73370683,0.00281819
415.95234392,0.00457955
416.17099564,0.00569854
416.38966198,0.00609225
416.60834294,0.00524265
416.82703851,0.00493182
417.04574870,0.00109826
417.26447350,0.00404078
417.48321291,0.00482822
417.70196692,0.00126404
417.92073554,0.00476605
418.13951875,0.00804012
418.35831657,0.00209292
418.57712898,0.00379212
418.79595598,0.00924199
419.01479757,0.00953210
419.23365374,0.00538771
419.45252450,0.00283891
419.67140984,0.00959426
419.89030975,0.00998798
420.10922425,0.01013303
420.32815331,0.00489038
420.54709694,0.00845456
420.76605514,0.00565709
420.98502791,0.00584359
421.20401523,0.00074599
421.42301712,0.00480749
421.64203356,0.00768784
421.86106455,0.00509760
422.08011009,0.00513904
422.29917018,0.00766712
422.51824482,0.00507688
422.73733399,0.00524265
422.95643771,0.00733557
423.17555596,0.00536699
423.39468875,0.00240375
423.61383606,0.00387501
423.83299790,0.00565709
424.05217427,0.00370923
424.27136516,0.00694185
424.49057057,0.00532554
424.70979050,0.00540843
424.92902494,0.00491110
425.14827390,0.00615442
425.36753736,0.00702474
425.58681532,0.00901405
425.80610779,0.00779145
426.02541476,0.01137635
426.24473623,0.00325335
426.46407219,0.00768784
426.68342265,0.00354345
426.90278759,0.00677608
427.12216702,0.00607153
427.34156093,0.00569854
427.56096933,0.00990509
427.78039220,0.01048531
427.99982955,0.00675536
428.21928137,0.00661030
428.43874766,0.00381284
428.65822841,0.00679680
428.87772363,0.00880683
429.09723331,0.00520121
429.31675745,0.00201003
429.53629605,0.00451739
429.75584910,0.00468316
429.97541660,0.00841311
430.19499854,0.00393717
430.41459494,0.01048531
430.63420577,0.00770857
430.85383104,0.00737702
431.07347075,0.00862033
431.29312489,0.01199801
431.51279347,0.00509760
431.73247647,0.00758423
431.95217390,0.00445522
432.17188574,0.01114841
432.39161201,0.00507688
432.61135270,0.00491110
432.83110780,0.00779145
433.05087731,0.01058892
433.27066123,0.00418583
433.49045956,0.00789506
433.71027229,0.00675536
433.93009942,0.00897261
434.14994095,0.00775001
434.36979687,0.00799867
434.58966718,0.00748062
434.80955189,0.00741846
435.02945098,0.00909694
435.24936445,0.01496125
435.46929230,0.00847528
435.68923454,0.00982221
435.90919115,0.01199801
436.12916213,0.00905549
436.34914748,0.01230884
436.56914720,0.00895188
436.78916128,0.00770857
437.00918972,0.00804012
437.22923252,0.00716980
437.44928968,0.01069253
437.66936119,0.01000870
437.88944706,0.01212234
438.10954727,0.00882755
438.32966182,0.01162502
438.54979072,0.00973932
438.76993395,0.01433959
438.99009153,0.01375938
439.21026343,0.01427743
439.43044967,0.01351071
439.65065024,0.01742716
439.87086513,0.01210162
440.09109434,0.01040242
440.31133788,0.00905549
440.53159573,0.01676406
440.75186789,0.01054747
440.97215437,0.01191512
441.19245516,0.01388371
441.41277025,0.01342783
441.63309964,0.01123130
441.85344334,0.01473331
442.07380133,0.01407021
442.29417362,0.01576941
442.51456020,0.01276472
442.73496107,0.01373865
442.95537623,0.01351071
443.17580567,0.01550002
443.39624939,0.01601807
443.61670739,0.01386299
443.83717967,0.01496125
444.05766622,0.01504414
444.27816704,0.01991380
444.49868212,0.01021592
444.71921147,0.01342783
444.93975509,0.01535497
445.16031296,0.01479547
445.38088508,0.01423598
445.60147147,0.01643251
445.82207210,0.01179079
446.04268698,0.01697128
446.26331610,0.01858759
446.48395947,0.01015376
446.70461707,0.01290978
446.92528892,0.01147996
447.14597499,0.01400804
447.36667530,0.00812301
447.58738984,0.01825604
447.80811860,0.01384226
448.02886158,0.01092047
448.24961879,0.01456753
448.47039021,0.01545858
448.69117585,0.02184094
448.91197570,0.01703345
449.13278975,0.00899333
449.35361802,0.01272328
449.57446049,0.01518919
449.79531715,0.00988437
450.01618802,0.01191512
450.23707308,0.00946993
450.45797234,0.01697128
450.67888578,0.01419454
450.89981341,0.01127274
451.12075522,0.01564507
451.34171122,0.01918853
451.56268139,0.01902275
451.78366574,0.01732355
452.00466426,0.01827676
452.22567696,0.01249534
452.44670382,0.01550002
452.66774484,0.00938704
452.88880003,0.01943719
453.10986938,0.01440176
453.33095288,0.01668117
453.55205053,0.01326205
453.77316234,0.00965643
453.99428830,0.01529280
454.21542840,0.01276472
454.43658264,0.01531352
454.65775102,0.01247462
454.87893354,0.01421526
455.10013019,0.01581085
455.32134098,0.01999668
455.54256589,0.01929214
455.76380493,0.01243317
455.98505809,0.01531352
456.20632537,0.01661901
456.42760677,0.01541713
456.64890229,0.01152141
456.87021191,0.01719922
457.09153565,0.01637034
457.31287349,0.01780016
457.53422544,0.02229682
457.75559149,0.02016246
457.97697163,0.01398732
458.19836587,0.01763438
458.41977420,0.01823532
458.64119663,0.01966513
458.86263313,0.01535497
459.08408373,0.02175805
459.30554840,0.01817315
459.52702716,0.02480418
459.74851999,0.01649467
459.97002689,0.02573667
460.19154786,0.02049401
460.41308290,0.02331220
460.63463201,0.01709561
460.85619518,0.01937503
461.07777241,0.02088773
461.29936369,0.01987235
461.52096903,0.02405819
461.74258841,0.02188238
461.96422185,0.02157155
462.18586933,0.02198599
462.40753086,0.02689709
462.62920642,0.01995524
462.85089602,0.02109495
463.07259966,0.01794521
463.29431733,0.01804882
463.51604902,0.01978946
463.73779475,0.01991380
463.95955449,0.02256621
464.18132826,0.02285631
464.40311604,0.02010029
464.62491784,0.02094989
464.84673365,0.02026607
465.06856347,0.02621327
465.29040730,0.02053546
465.51226513,0.01999668
465.73413696,0.01966513
465.95602279,0.02463840
466.17792261,0.02540511
466.39983643,0.02952878
466.62176424,0.02546728
466.84370603,0.03104149
467.06566181,0.02503212
467.28763157,0.02687637
467.50961531,0.02457624
467.73161303,0.02851341
467.95362472,0.02639977
468.17565038,0.02731153
468.39769001,0.02329147
468.61974360,0.02252476
468.84181116,0.02478346
469.06389267,0.03199470
469.28598814,0.02905218
469.50809757,0.03095860
469.73022094,0.03336234
469.95235827,0.02872063
470.17450954,0.02586100
470.39667475,0.02494923
470.61885390,0.02996394
470.84104699,0.02946662
471.06325402,0.03044055
471.28547498,0.02356086
471.50770986,0.02853413
471.72995867,0.02577811
471.95222141,0.02295992
472.17449806,0.02550872
472.39678864,0.02144722
472.61909313,0.02374736
472.84141153,0.02258693
473.06374384,0.03041983
473.28609005,0.02561233
473.50845017,0.02592316
473.73082420,0.02691782
473.95321212,0.02467985
474.17561393,0.02691782
474.39802964,0.02642049
474.62045924,0.02594388
474.84290273,0.02283559
475.06536010,0.02919723
475.28783136,0.02855485
475.51031649,0.02762236
475.73281550,0.02376808
475.95532838,0.02090845
476.17785513,0.02211032
476.40039575,0.02704215
476.62295024,0.02343653
476.84551859,0.02675204
477.06810080,0.02764309
477.29069686,0.02441046
477.51330678,0.02724937
477.73593055,0.02722865
477.95856817,0.02358158
478.18121963,0.02637905
478.40388494,0.02654482
478.62656409,0.02992250
478.84925707,0.02488707
479.07196389,0.02687637
479.29468455,0.02658627
479.51741903,0.02946662
479.74016733,0.02380952
479.96292946,0.02677276
480.18570542,0.02722865
480.40849519,0.02561233
480.63129877,0.02903146
480.85411617,0.02824402
481.07694738,0.02633760
481.29979239,0.02685565
481.52265121,0.02548800
481.74552383,0.02840980
481.96841025,0.02488707
482.19131046,0.02720792
482.41422447,0.02306353
482.63715227,0.02644121
482.86009385,0.02213105
483.08304922,0.02202744
483.30601837,0.02260765
483.52900130,0.02762236
483.75199801,0.02200671
483.97500849,0.02397530
484.19803274,0.02733226
484.42107076,0.02354014
484.64412255,0.03035766
484.86718810,0.02654482
485.09026741,0.01991380
485.31336047,0.02124000
485.53646729,0.02256621
485.75958786,0.02200671
485.98272218,0.02057690
486.20587024,0.01966513
486.42903205,0.02374736
486.65220760,0.02059762
486.87539689,0.02656554
487.09859991,0.02343653
487.32181666,0.02532223
487.54504715,0.02565378
487.76829136,0.02654482
487.99154929,0.02797464
488.21482094,0.02689709
488.43810631,0.02814041
488.66140540,0.03286502
488.88471820,0.03197397
489.10804471,0.02925940
489.33138493,0.03290646
489.55473885,0.03276141
489.77810647,0.03562104
490.00148780,0.03582826
490.22488281,0.03725807
490.44829153,0.03964110
490.67171393,0.03959965
490.89515002,0.03908160
491.11859979,0.04192051
491.34206325,0.04038709
491.56554038,0.03626342
491.78903120,0.03897799
492.01253568,0.03661569
492.23605384,0.03767251
492.45958567,0.04011770
492.68313116,0.03810767
492.90669031,0.03379751
493.13026312,0.03251274
493.35384960,0.03108293
493.57744972,0.02983961
493.80106350,0.02884496
494.02469092,0.03230552
494.24833200,0.03292718
494.47198671,0.03137304
494.69565507,0.02954950
494.91933706,0.03528949
495.14303269,0.02986033
495.36674195,0.02720792
495.59046484,0.03004683
495.81420136,0.02938373
496.03795150,0.02979817
496.26171526,0.02662771
496.48549264,0.02996394
496.70928364,0.02998467
496.93308825,0.03139376
497.15690647,0.03651208
497.38073830,0.03400472
497.60458373,0.03462638
497.82844276,0.04245928
498.05231539,0.03700941
498.27620162,0.03732024
498.50010144,0.03765179
498.72401485,0.03727879
498.94794185,0.04438642
499.17188244,0.03630486
499.39583661,0.04248000
499.61980435,0.03906088
499.84378568,0.04189979
500.06778058,0.04140246
500.29178904,0.04629284
500.51581108,0.03928882
500.73984668,0.04366115
500.96389585,0.04146463
501.18795858,0.03935099
501.41203486,0.04618923
501.63612470,0.03883294
501.86022809,0.04320527
502.08434503,0.04355754
502.30847551,0.04129885
502.53261954,0.03812839
502.75677711,0.03570392
502.98094822,0.03881222
503.20513286,0.04065647
503.42933104,0.03872933
503.65354274,0.03715446
503.87776797,0.03487505
504.10200673,0.03195325
504.32625901,0.03630486
504.55052480,0.03203614
504.77480411,0.03068921
504.99909694,0.02604749
505.22340327,0.03122798
505.44772312,0.02938373
505.67205646,0.02697998
505.89640331,0.02782958
506.12076366,0.02631688
506.34513750,0.02803680
506.56952484,0.02455551
506.79392567,0.02635832
507.01833999,0.02702143
507.24276779,0.02890712
507.46720907,0.02845124
507.69166384,0.02928012
507.91613208,0.02283559
508.14061380,0.02830619
508.36510898,0.02851341
508.58961764,0.03058560
508.81413976,0.03468855
509.03867534,0.03373534
509.26322439,0.03321729
509.48778689,0.03388039
509.71236285,0.04071864
509.93695226,0.03514443
510.16155512,0.03775540
510.38617142,0.03526876
510.61080117,0.03599403
510.83544436,0.03707157
511.06010099,0.03508227
511.28477105,0.04038709
511.50945454,0.03891583
511.73415147,0.03584898
511.95886182,0.03487505
512.18358560,0.03613909
512.40832280,0.02971528
512.63307341,0.03211903
512.85783745,0.03220191
513.08261489,0.03141448
513.30740575,0.03143520
513.53221001,0.03307224
513.75702768,0.03257491
513.98185875,0.02697998
514.20670322,0.02963239
514.43156109,0.03012972
514.65643235,0.02689709
514.88131700,0.02697998
515.10621504,0.03332090
515.33112647,0.02923868
515.55605128,0.03102076
515.78098946,0.03319657
516.00594103,0.02747731
516.23090597,0.02758092
516.45588428,0.03271996
516.68087596,0.02443118
516.90588100,0.02888640
517.13089941,0.02499068
517.35593118,0.02677276
517.58097631,0.02650338
517.80603479,0.02662771
518.03110663,0.02293920
518.25619181,0.02505284
518.48129034,0.02229682
518.70640222,0.02766381
518.93152743,0.02685565
519.15666598,0.02909362
519.38181787,0.02273198
519.60698310,0.02747731
519.83216165,0.02573667
520.05735353,0.01850470
520.28255873,0.02138506
520.50777726,0.02105350
520.73300910,0.02449335
520.95825426,0.02590244
521.18351273,0.02772597
521.40878452,0.02594388
521.63406961,0.02391313
521.85936801,0.02480418
522.08467971,0.02304281
522.31000471,0.02428613
522.53534300,0.02646193
522.76069459,0.03052344
522.98605947,0.02986033
523.21143764,0.03323801
523.43682910,0.03218119
523.66223383,0.03085499
523.88765185,0.03211903
524.11308315,0.03410833
524.33852772,0.03487505
524.56398556,0.03006755
524.78945667,0.03709230
525.01494104,0.03495793
525.24043868,0.03547598
525.46594959,0.03775540
525.69147374,0.04264578
525.91701116,0.03897799
526.14256182,0.03506154
526.36812574,0.03595259
526.59370290,0.03669858
526.81929331,0.03213975
527.04489696,0.03680219
527.27051384,0.03344523
527.49614396,0.03327946
527.72178732,0.03095860
527.94744390,0.03155953
528.17311372,0.03263708
528.39879675,0.03518588
528.62449301,0.03611836
528.85020249,0.03887438
529.07592518,0.03862572
529.30166109,0.03599403
529.52741021,0.04140246
529.75317254,0.04378549
529.97894807,0.03676074
530.20473680,0.04507025
530.43053874,0.04233495
530.65635387,0.05578350
530.88218219,0.04527747
531.10802371,0.05035435
531.33387841,0.04919392
531.55974630,0.04824071
531.78562738,0.05058229
532.01152163,0.05416718
532.23742906,0.05085167
532.46334967,0.04940114
532.68928344,0.05018857
532.91523039,0.04855154
533.14119051,0.05638443
533.36716378,0.05000207
533.59315022,0.04933897
533.81914982,0.05060301
534.04516257,0.06021799
534.27118847,0.05095528
534.49722752,0.04915247
534.72327973,0.05294459
534.94934507,0.05273737
535.17542356,0.05785569
535.40151518,0.05574205
535.62761994,0.05070662
535.85373784,0.05132828
536.07986886,0.05831158
536.30601301,0.05528617
536.53217029,0.05530689
536.75834069,0.04915247
536.98452420,0.05226077
537.21072084,0.05437440
537.43693059,0.05400141
537.66315345,0.05004352
537.88938941,0.05221932
538.11563848,0.05584566
538.34190066,0.05325542
538.56817593,0.05561772
538.79446431,0.05294459
539.02076577,0.05149405
539.24708033,0.05862240
539.47340798,0.05943056
539.69974871,0.05505823
539.92610252,0.05615649
540.15246942,0.05644660
540.37884939,0.05601144
540.60524244,0.06512910
540.83164856,0.05723403
541.05806775,0.06307762
541.28450001,0.06220730
541.51094533,0.06550209
541.73740371,0.06813378
541.96387515,0.06552281
542.19035965,0.06326412
542.41685719,0.07331427
542.64336779,0.07238178
542.86989144,0.07631895
543.09642813,0.06214514
543.32297786,0.06570931
543.54954063,0.06131626
543.77611643,0.06807162
544.00270527,0.06452816
544.22930714,0.07215384
544.45592204,0.06693191
544.68254996,0.06941854
544.90919091,0.06494260
545.13584487,0.06674541
545.36251185,0.06189647
545.58919184,0.06226947
545.81588485,0.05980356
546.04259086,0.06083965
546.26930988,0.05976211
546.49604191,0.06508765
546.72278693,0.06146131
546.94954495,0.06295329
547.17631596,0.06713913
547.40309997,0.06873472
547.62989696,0.06442455
547.85670694,0.07184301
548.08352991,0.07907497
548.31036585,0.07033031
548.53721477,0.07354221
548.76407667,0.07876414
548.99095154,0.07580090
549.21783938,0.07453686
549.44474018,0.07464047
549.67165395,0.07702350
549.89858069,0.07909569
550.12552038,0.07731361
550.35247302,0.07675411
550.57943862,0.07318994
550.80641717,0.07144929
551.03340866,0.07596668
551.26041310,0.07882631
551.48743048,0.07953085
551.71446081,0.08166522
551.94150406,0.08995400
552.16856025,0.08910440
552.39562937,0.08987111
552.62271142,0.08659704
552.84980640,0.08726014
553.07691429,0.08612044
553.30403511,0.08628621
553.53116884,0.08879357
553.75831549,0.08929089
553.98547505,0.09105226
554.21264752,0.09082432
554.43983289,0.09113515
554.66703116,0.09969332
554.89424234,0.10033570
555.12146641,0.10472875
555.34870338,0.10159973
555.57595324,0.10593062
555.80321599,0.11022007
556.03049162,0.10615856
556.25778014,0.10012848
556.48508154,0.10872809
556.71239582,0.11117328
556.93972297,0.11036512
557.16706300,0.10460442
557.39441589,0.11121472
557.62178165,0.11691326
557.84916028,0.11057234
558.07655177,0.11511045
558.30395611,0.11453023
558.53137331,0.11730698
558.75880337,0.11446807
558.98624627,0.12058104
559.21370202,0.11697542
559.44117062,0.10835509
559.66865206,0.11492395
559.89614634,0.11645737
560.12365345,0.11169133
560.35117340,0.11169133
560.57870618,0.10901819
560.80625179,0.10568196
561.03381022,0.10439720
561.26138148,0.11185710
561.48896555,0.10995068
561.71656244,0.10924614
561.94417215,0.10893531
562.17179467,0.10736044
562.39942999,0.11135977
562.62707812,0.11129761
562.85473906,0.11573211
563.08241279,0.11718264
563.31009933,0.11233371
563.53779866,0.11942061
563.76551078,0.11044801
563.99323568,0.11243732
564.22097338,0.11233371
564.44872386,0.11359775
564.67648712,0.11247876
564.90426316,0.11357702
565.13205197,0.11198143
565.35985356,0.11181566
565.58766792,0.11571138
565.81549504,0.11566994
566.04333493,0.12371006
566.27118758,0.11032368
566.49905298,0.11019935
566.72693115,0.11071739
566.95482207,0.11140122
567.18272573,0.10769199
567.41064215,0.11167060
567.63857131,0.10779560
567.86651321,0.10785776
568.09446785,0.10305027
568.32243523,0.10576485
568.55041534,0.09855361
568.77840819,0.10443864
569.00641376,0.10031497
569.23443206,0.10441792
569.46246308,0.10620001
569.69050682,0.10336110
569.91856327,0.10663517
570.14663244,0.10756766
570.37471433,0.10247006
570.60280892,0.10750549
570.83091622,0.10752621
571.05903622,0.10874881
571.28716892,0.10941191
571.51531432,0.11285176
571.74347241,0.11146338
571.97164320,0.11028223
572.19982667,0.10887314
572.42802284,0.10773343
572.65623168,0.10489453
572.88445321,0.10831365
573.11268742,0.09619131
573.34093430,0.09488582
573.56919385,0.09807700
573.79746608,0.09739318
574.02575097,0.10365121
574.25404853,0.10408637
574.48235874,0.10559907
574.71068162,0.10845870
574.93901715,0.10363049
575.16736534,0.11448879
575.39572618,0.11782502
575.62409966,0.11867462
575.85248579,0.11790791
576.08088456,0.11830163
576.30929597,0.12074682
576.53772002,0.12304696
576.76615671,0.12766795
576.99460602,0.12300551
577.22306796,0.12143064
577.45154253,0.12791661
577.68002972,0.12750218
577.90852953,0.12290190
578.13704196,0.12333706
578.36556700,0.12511915
578.59410465,0.12097476
578.82265492,0.12257035
579.05121779,0.12493265
579.27979326,0.12358573
579.50838133,0.12006299
579.73698201,0.11786647
579.96559527,0.11496539
580.19422113,0.10968130
580.42285958,0.11133905
580.65151062,0.10804426
580.88017424,0.10520535
581.10885044,0.10454225
581.33753922,0.10872809
581.56624057,0.10193129
581.79495450,0.10180695
582.02368100,0.09853289
582.25242007,0.09990053
582.48117170,0.10319533
582.70993589,0.10501886
582.93871264,0.10458370
583.16750195,0.10775415
583.39630381,0.10723611
583.62511822,0.10526752
583.85394518,0.10365121
584.08278469,0.10508102
584.31163674,0.10481164
584.54050133,0.10375482
584.76937845,0.11065523
584.99826811,0.11171205
585.22717030,0.10777488
585.45608502,0.11096606
585.68501226,0.11544200
585.91395203,0.11716192
586.14290432,0.12557503
586.37186912,0.12379295
586.60084644,0.13371876
586.82983628,0.13736583
587.05883862,0.14341664
587.28785347,0.14824485
587.51688082,0.15023416
587.74592067,0.14671143
587.97497302,0.14418335
588.20403787,0.13968668
588.43311520,0.14223548
588.66220503,0.14899084
588.89130735,0.14526089
589.12042215,0.14739525
589.34954943,0.15075221
589.57868919,0.14283642
589.80784142,0.15013055
590.03700613,0.14664926
590.26618331,0.14468067
590.49537296,0.14812052
590.72457507,0.14198682
590.95378964,0.14472212
591.18301667,0.14749886
591.41225616,0.15247213
591.64150811,0.14878362
591.87077250,0.15495876
592.10004934,0.15529031
592.32933863,0.15305234
592.55864036,0.15089726
592.78795453,0.14387252
593.01728114,0.15010983
593.24662018,0.14623482
593.47597165,0.14449418
593.70533555,0.14865929
593.93471188,0.15025488
594.16410063,0.14998549
594.39350180,0.15508310
594.62291539,0.15249285
594.85234140,0.15249285
595.08177981,0.15328029
595.31123064,0.14751958
595.54069387,0.14221476
595.77016951,0.14977828
595.99965755,0.14621410
596.22915798,0.15162253
596.45867081,0.15151892
596.68819604,0.15162253
596.91773365,0.14923950
597.14728365,0.14992333
597.37684603,0.15098015
597.60642080,0.14946745
597.83600795,0.15678230
598.06560747,0.16140329
598.29521936,0.15924821
598.52484363,0.16291599
598.75448026,0.16592068
598.98412926,0.16275022
599.21379062,0.16695677
599.44346434,0.17609516
599.67315042,0.17787724
599.90284885,0.18620747
600.13255963,0.20179038
600.36228276,0.20013262
600.59201824,0.20620415
600.82176606,0.20073356
601.05152622,0.20212193
601.28129871,0.19760454
601.51108354,0.20951967
601.74088070,0.20732314
601.97069019,0.21347756
602.20051201,0.21188197
602.43034615,0.21845083
602.66019261,0.22027436
602.89005139,0.22002570
603.11992249,0.22201500
603.34980589,0.23075967
603.57970161,0.24387666
603.80960963,0.25262133
604.03952996,0.25941813
604.26946259,0.27498031
604.49940751,0.27829583
604.72936474,0.28208794
604.95933425,0.28646028
605.18931606,0.29197232
605.41931015,0.29176510
605.64931653,0.29064611
605.87933519,0.28523768
606.10936612,0.29230387
606.33940934,0.29166149
606.56946483,0.29236603
606.79953259,0.28161134
607.02961261,0.28401509
607.25970490,0.29031456
607.48980946,0.29868623
607.71992627,0.29027312
607.95005534,0.30146297
608.18019667,0.30511003
608.41035024,0.30964814
608.64051607,0.31584401
608.87069414,0.32947905
609.10088445,0.32359402
609.33108700,0.33362344
609.56130179,0.33992291
609.79152882,0.34528990
610.02176808,0.34922707
610.25201956,0.34039952
610.48228328,0.34311410
610.71255921,0.33640018
610.94284737,0.33351983
611.17314775,0.33938414
611.40346034,0.33470098
611.63378514,0.32873306
611.86412215,0.32452650
612.09447137,0.31584401
612.32483280,0.30917154
612.55520642,0.29992955
612.78559225,0.27937337
613.01599027,0.25848564
613.24640048,0.24364872
613.47682288,0.23486261
613.70725747,0.23049028
613.93770425,0.21186125
614.16816321,0.21501098
614.39863434,0.20916739
614.62911766,0.21092876
614.85961314,0.20232915
615.09012080,0.21347756
615.32064063,0.20941606
615.55117262,0.21631647
615.78171677,0.21132248
616.01227308,0.21215135
616.24284156,0.21886527
616.47342218,0.21285590
616.70401496,0.22095818
616.93461988,0.21557048
617.16523695,0.21028638
617.39586617,0.20278503
617.62650752,0.19874425
617.85716101,0.19789465
618.08782664,0.19109785
618.31850440,0.18092337
618.54919429,0.17831240
618.77989630,0.17317336
619.01061044,0.16681172
619.24133670,0.16272950
619.47207508,0.16691533
619.70282557,0.16086452
619.93358818,0.16440797
620.16436289,0.15216130
620.39514972,0.15800489
620.62594864,0.14691865
620.85675967,0.14926023
621.08758280,0.14327158
621.31841802,0.13479630
621.54926534,0.12866261
621.78012475,0.12203158
622.01099624,0.11627088
622.24187982,0.11896473
622.47277549,0.11763853
622.70368323,0.11662315
622.93460305,0.11024079
623.16553494,0.10978491
623.39647890,0.10858303
623.62743493,0.11042729
623.85840303,0.11100750
624.08938319,0.10804426
624.32037541,0.10860375
624.55137968,0.10644867
624.78239602,0.10130963
625.01342440,0.09428489
625.24446483,0.09637780
625.47551731,0.09285507
625.70658183,0.09583903
625.93765839,0.09256496
626.16874699,0.09542459
626.39984763,0.08844129
626.63096029,0.09851216
626.86208499,0.09585975
627.09322171,0.09654358
627.32437046,0.10416926
627.55553123,0.10640723
627.78670401,0.11024079
628.01788882,0.11542128
628.24908563,0.12072610
628.48029446,0.11966928
628.71151529,0.12493265
628.94274813,0.12406233
629.17399296,0.13268266
629.40524980,0.13214389
629.63651863,0.13382237
629.86779946,0.13720005
630.09909228,0.13927225
630.33039709,0.15423349
630.56171388,0.16685316
630.79304265,0.16795143
631.02438340,0.17787724
631.25573613,0.17878901
631.48710084,0.18144142
631.71847751,0.18289196
631.94986615,0.18606241
632.18126676,0.19163662
632.41267933,0.20172821
632.64410387,0.20019479
632.87554035,0.21389200
633.10698880,0.22821087
633.33844919,0.23625098
633.56992154,0.24609391
633.80140583,0.24957520
634.03290207,0.23857184
634.26441024,0.22564134
634.49593035,0.22017075
634.72746240,0.22506113
634.95900638,0.23078039
635.19056229,0.24536864
635.42213013,0.25131584
635.65370989,0.25790543
635.88530158,0.25597828
636.11690518,0.25960463
636.34852069,0.26501305
636.58014812,0.27968420
636.81178746,0.29876912
637.04343871,0.31737743
637.27510187,0.31770898
637.50677692,0.33503253
637.73846387,0.32894028
637.97016272,0.31696299
638.20187347,0.32427784
638.43359610,0.31808198
638.66533062,0.32096233
638.89707703,0.31627917
639.12883532,0.31640350
639.36060549,0.31719093
639.59238754,0.32056746
639.82418146,0.33322124
640.05598725,0.33324222
640.28780491,0.34390287
640.51963444,0.34915751
640.75147583,0.33536814
640.98332908,0.32699451
641.21519419,0.32511198
641.44707115,0.32155746
641.67895997,0.31773709
641.91086063,0.30409254
642.14277314,0.30305404
642.37469750,0.29608899
642.60663369,0.28883716
642.83858172,0.29516011
643.07054159,0.30229883
643.30251329,0.30151578
643.53449683,0.30656033
643.76649218,0.29101223
643.99849937,0.28522058
644.23051837,0.28217167
644.46254919,0.28925598
644.69459183,0.28271282
644.92664628,0.27927723
645.15871254,0.28203866
645.39079061,0.27262017
645.62288049,0.27443491
645.85498217,0.26752733
646.08709564,0.26897718
646.31922091,0.26662686
646.55135798,0.26608262
646.78350684,0.26461399
647.01566748,0.25638628
647.24783991,0.24722458
647.48002413,0.24600951
647.71222012,0.24611334
647.94442789,0.25424101
648.17664744,0.25478123
648.40887875,0.24532225
648.64112184,0.23799239
648.87337669,0.24721085
649.10564331,0.23656030
649.33792168,0.24483707
649.57021181,0.23462492
649.80251370,0.23414200
650.03482734,0.23392431
650.26715273,0.23591610
650.49948987,0.22898177
650.73183875,0.22698281
650.96419937,0.21961516
651.19657173,0.21489226
651.42895582,0.22329448
651.66135165,0.22285852
651.89375921,0.21785258
652.12617849,0.21319478
652.35860950,0.21491142
652.59105224,0.20962819
652.82350669,0.21287489
653.05597285,0.22276218
653.28845073,0.21828582
653.52094032,0.21295864
653.75344162,0.22400169
653.98595462,0.22960376
654.21847933,0.23658363
654.45101573,0.23583287
654.68356383,0.23777586
654.91612363,0.25160558
655.14869511,0.24443655
655.38127829,0.26036427
655.61387315,0.24859433
655.84647969,0.25155427
656.07909792,0.25835793
656.31172782,0.25637320
656.54436939,0.25003523
656.77702264,0.24825968
657.00968756,0.24874738
657.24236414,0.26256192
657.47505238,0.27339236
657.70775229,0.27497514
657.94046385,0.27460548
658.17318707,0.28388436
658.40592195,0.27746218
658.63866847,0.28010412
658.87142663,0.28660685
659.10419645,0.27995398
659.33697790,0.27934942
659.56977099,0.28354090
659.80257572,0.28635018
660.03539208,0.28260186
660.26822007,0.26950596
660.50105969,0.26314155
660.73391093,0.27341361
660.96677380,0.26688870
661.19964828,0.27932647
661.43253438,0.28592508
661.66543209,0.28310690
661.89834142,0.29181394
662.13126235,0.28578066
662.36419489,0.29658266
662.59713903,0.30902912
662.83009477,0.29894600
663.06306210,0.28969401
663.29604103,0.29342746
663.52903155,0.28651464
663.76203367,0.27330283
663.99504736,0.26315564
664.22807264,0.25897371
664.46110950,0.24751487
664.69415794,0.24500606
664.92721795,0.24880527
665.16028953,0.25510819
665.39337269,0.25083263
665.62646740,0.25243685
665.85957369,0.25001551
666.09269153,0.24692443
666.32582093,0.24802231
666.55896189,0.24072414
666.79211440,0.23359857
667.02527846,0.23115338
667.25845406,0.22234655
667.49164121,0.21012060
667.72483991,0.21099092
667.95805014,0.20529239
668.19127190,0.19915869
668.42450520,0.20274359
668.65775003,0.20094078
668.89100639,0.20164532
669.12427427,0.20313730
669.35755368,0.20172821
669.59084460,0.20348958
669.82414704,0.21666874
670.05746099,0.22168345
670.29078646,0.22126901
670.52412343,0.22850097
670.75747191,0.23666542
670.99083189,0.24501637
671.22420337,0.24389738
671.45758635,0.24864271
671.69098082,0.25458991
671.92438678,0.25461063
672.15780424,0.26277508
672.39123317,0.26213270
672.62467360,0.27315678
672.85812550,0.27350906
673.09158888,0.29027312
673.32506373,0.29379585
673.55855006,0.29023167
673.79204785,0.28749637
674.02555712,0.29180654
674.25907784,0.29211737
674.49261003,0.30703718
674.72615367,0.29781591
674.95970878,0.30651913
675.19327533,0.30604252
675.42685333,0.31315015
675.66044278,0.31043558
675.89404368,0.32164615
676.12765601,0.32680592
676.36127979,0.33675246
676.59491500,0.33749845
676.82856165,0.34595300
677.06221972,0.33264951
677.29588922,0.33772639
677.52957015,0.33242157
677.76326250,0.32792490
677.99696627,0.31982262
678.23068146,0.31080857
678.46440806,0.29976377
678.69814607,0.29495628
678.93189549,0.27914543
679.16565631,0.28130051
679.39942854,0.27118820
679.63321217,0.26488872
679.86700720,0.26669153
680.10081361,0.25763604
680.33463143,0.25898297
680.56846063,0.25852708
680.80230121,0.24663268
681.03615318,0.25834059
681.27001653,0.25025902
681.50389126,0.25875503
681.73777736,0.25276638
681.97167484,0.24101703
682.20558368,0.24008455
682.43950390,0.24538937
682.67343547,0.23322558
682.90737841,0.23395085
683.14133270,0.22274027
683.37529836,0.20763397
683.60927536,0.21254507
683.84326371,0.20446351
684.07726341,0.20295081
684.31127446,0.20326164
684.54529685,0.20179038
684.77933057,0.20058850
685.01337564,0.21007916
685.24743203,0.21001699
685.48149976,0.22562062
685.71557881,0.23906917
685.94966919,0.24012599
686.18377090,0.24922293
686.41788392,0.25771893
686.65200826,0.27149903
686.88614391,0.27661735
687.12029088,0.28915413
687.35444915,0.27582991
687.58861873,0.28782792
687.82279961,0.27754984
688.05699179,0.28150773
688.29119527,0.27377844
688.52541004,0.27029715
688.75963611,0.27508392
688.99387346,0.27118820
689.22812210,0.27728045
689.46238203,0.28482324
689.69665323,0.28691616
689.93093571,0.29365079
690.16522947,0.30196030
690.39953450,0.30490281
690.63385080,0.30952381
690.86817837,0.31907663
691.10251720,0.31953251
691.33686730,0.32757263
691.57122865,0.31907663
691.80560125,0.32212276
692.03998511,0.31874508
692.27438023,0.32748974
692.50878658,0.32034067
692.74320419,0.32599776
692.97763303,0.32699242
693.21207312,0.32972771
693.44652444,0.31770898
693.68098699,0.33743628
693.91546077,0.34808736
694.14994579,0.35117493
694.38444203,0.34417091
694.61894949,0.35739152
694.85346817,0.36982469
695.08799806,0.38091094
695.32253918,0.37253927
695.55709150,0.38710680
695.79165503,0.38675453
696.02622977,0.40051390
696.26081571,0.40268971
696.49541285,0.41421112
696.73002119,0.42334950
696.96464072,0.42596046
697.19927145,0.43074723
697.43391336,0.41955738
697.66856647,0.41926727
697.90323075,0.42092503
698.13790622,0.41607609
698.37259286,0.43383480
698.60729068,0.43460152
698.84199967,0.44148121
699.07671984,0.45248456
699.31145117,0.44481744
699.54619366,0.44291102
699.78094731,0.43677732
700.01571213,0.45714700
700.25048810,0.46301131
700.48527522,0.47998259
700.72007349,0.48640640
700.95488292,0.49270587
701.18970348,0.50770857
701.42453519,0.51469186
701.65937804,0.52211032
701.89423202,0.53077210
702.12909714,0.53864644
702.36397339,0.53895727
702.59886077,0.55626010
702.83375927,0.54743255
703.06866889,0.55000207
703.30358964,0.54337105
703.53852150,0.53727879
703.77346448,0.54629284
704.00841857,0.53392184
704.24338376,0.54583696
704.47836007,0.53711302
704.71334748,0.52432757
704.94834598,0.52244187
705.18335559,0.51576941
705.41837629,0.49481951
705.65340808,0.49164905
705.88845096,0.49370053
706.12350493,0.51067181
706.35856998,0.50186498
706.59364612,0.50830950
706.82873333,0.51933358
707.06383161,0.54270794
707.29894097,0.54834432
707.53406141,0.57149074
707.76919290,0.58628621
708.00433546,0.61548344
708.23948909,0.63769738
708.47465377,0.66677028
708.70982951,0.66065730
708.94501630,0.67862323
709.18021414,0.66156907
709.41542303,0.66438725
709.65064297,0.63927225
709.88587395,0.62932571
710.12111597,0.60329893
710.35636902,0.58075345
710.59163311,0.56533632
710.82690823,0.55555556
711.06219437,0.53294791
711.29749155,0.52337436
711.53279974,0.51576941
711.76811896,0.51276472
712.00344920,0.51170790
712.23879044,0.51748933
712.47414270,0.52588172
712.70950597,0.53058560
712.94488025,0.52702143
713.18026553,0.52789175
713.41566181,0.49997928
713.65106908,0.51597663
713.88648736,0.51601807
714.12191662,0.50874466
714.35735688,0.50016578
714.59280812,0.48895520
714.82827034,0.49007418
715.06374355,0.47395251
715.29922774,0.47579676
715.53472290,0.47923660
715.77022903,0.46759087
716.00574614,0.47299930
716.24127421,0.46877202
716.47681324,0.45629740
716.71236324,0.44995648
716.94792420,0.45540636
717.18349611,0.45418376
717.41907898,0.46504207
717.65467280,0.46342575
717.89027757,0.46987028
718.12589328,0.46659621
718.36151993,0.44838162
718.59715752,0.44247586
718.83280605,0.43054001
719.06846552,0.40768370
719.30413591,0.40633677
719.53981724,0.38611215
719.77550949,0.37722243
720.01121266,0.37622778
720.24692676,0.38399851
720.48265177,0.39181068
720.71838769,0.41039828
720.95413453,0.40001658
721.18989228,0.41265697
721.42566093,0.41599320
721.66144049,0.41512288
721.89723095,0.42790833
722.13303231,0.43319242
722.36884456,0.42890298
722.60466770,0.44187492
722.84050173,0.42546314
723.07634666,0.43109951
723.31220246,0.42289361
723.54806915,0.42160885
723.78394671,0.40813958
724.01983515,0.39541630
724.25573447,0.37948112
724.49164465,0.37807203
724.72756571,0.35279125
724.96349762,0.34891624
725.19944040,0.35094699
725.43539404,0.33934270
725.67135854,0.32918894
725.90733388,0.32394629
726.14332008,0.32612209
726.37931713,0.31368892
726.61532503,0.30504787
726.85134376,0.29450039
727.08737334,0.29418956
727.32341375,0.28861536
727.55946500,0.27392349
727.79552708,0.27877243
728.03159998,0.27885532
728.26768372,0.27945626
728.50377827,0.29143354
728.73988365,0.28965146
728.97599985,0.29566082
729.21212686,0.30268557
729.44826468,0.29412740
729.68441331,0.29309130
729.92057275,0.28563140
730.15674299,0.27864810
730.39292403,0.28101040
730.62911587,0.26959261
730.86531851,0.26571760
731.10153194,0.26327241
731.33775616,0.25305649
731.57399117,0.24462265
731.81023696,0.23411662
732.04649353,0.22835592
732.28276088,0.21393344
732.51903901,0.21811928
732.75532791,0.20738530
732.99162758,0.20351030
733.22793802,0.19422686
733.46425923,0.19505574
733.70059119,0.18946081
733.93693392,0.18094409
734.17328740,0.17675826
734.40965164,0.18077832
734.64602662,0.17375357
734.88241236,0.17456173
735.11880884,0.18013594
735.35521607,0.17408513
735.59163403,0.16648017
735.82806273,0.16786854
736.06450217,0.17292470
736.30095234,0.17454101
736.53741323,0.17909984
736.77388486,0.19716938
737.01036720,0.19926230
737.24686027,0.21086659
737.48336406,0.22294749
737.71987856,0.23529777
737.95640377,0.24445688
738.19293969,0.25067346
738.42948632,0.25778109
738.66604365,0.26101372
738.90261169,0.26725103
739.13919042,0.27394422
739.37577985,0.27423432
739.61237997,0.27257657
739.84899078,0.27131253
740.08561228,0.27572630
740.32224446,0.25948029
740.55888732,0.24764806
740.79554087,0.23931783
741.03220509,0.23111194
741.26887998,0.21770484
741.50556555,0.21395416
741.74226178,0.20411124
741.97896868,0.20541672
742.21568624,0.19615401
742.45241446,0.18682913
742.68915333,0.17499689
742.92590286,0.18299557
743.16266304,0.18067471
743.39943387,0.17122550
743.63621535,0.17203365
743.87300747,0.16571346
744.10981023,0.16312321
744.34662363,0.16664594
744.58344766,0.16904969
744.82028232,0.16989929
745.05712761,0.16907041
745.29398353,0.16585851
745.53085007,0.16053297
745.76772724,0.16096813
746.00461502,0.16105102
746.24151341,0.15570475
746.47842242,0.15549753
746.71534204,0.15957976
746.95227227,0.16092669
747.18921310,0.16210784
747.42616453,0.16614862
747.66312656,0.16969207
747.90009918,0.16703966
748.13708240,0.17984583
748.37407621,0.17941067
748.61108061,0.17559783
748.84809559,0.17433379
749.08512115,0.17619876
749.32215730,0.16438725
749.55920401,0.16656306
749.79626131,0.16451158
750.03332917,0.16469808
750.27040760,0.16488458
750.50749660,0.17143272
750.74459616,0.16656306
750.98170628,0.16291599
751.21882695,0.16610717
751.45595818,0.16074019
751.69309997,0.17255170
751.93025230,0.17541133
752.16741517,0.17340130
752.40458859,0.17408513
752.64177256,0.16674955
752.87896705,0.17414729
753.11617209,0.16933980
753.35338765,0.17634382
753.59061374,0.17193004
753.82785037,0.18046749
754.06509751,0.18129637
754.30235518,0.19049691
754.53962336,0.20597621
754.77690206,0.21242074
755.01419127,0.21983920
755.25149099,0.22731982
755.48880122,0.22961996
755.72612195,0.22777571
755.96345319,0.22893613
756.20079492,0.22284388
756.43814715,0.22075096
756.67550987,0.22443947
756.91288309,0.21803639
757.15026679,0.21710390
757.38766097,0.22240872
757.62506564,0.21600564
757.86248079,0.20896017
758.09990641,0.20077500
758.33734251,0.19629906
758.57478908,0.19375026
758.81224612,0.19215467
759.04971362,0.18539931
759.28719159,0.17512122
759.52468001,0.16583779
759.76217889,0.16838659
759.99968823,0.15966265
760.23720802,0.14915662
760.47473826,0.14223548
760.71227894,0.14557172
760.94983007,0.14119939
761.18739164,0.13755232
761.42496364,0.12665258
761.66254608,0.13746944
761.90013895,0.13829831
762.13774226,0.14515728
762.37535598,0.13871275
762.61298014,0.15178830
762.85061471,0.15568403
763.08825970,0.15943471
763.32591511,0.15771478
763.56358093,0.16457375
763.80125716,0.17682042
764.03894380,0.19397820
764.27664084,0.21053504
764.51434829,0.20496084
764.75206613,0.22222222
764.98979437,0.22176634
765.22753300,0.22510257
765.46528203,0.22763065
765.70304144,0.23229309
765.94081124,0.22375565
766.17859142,0.22377637
766.41638197,0.22334121
766.65418291,0.21225496
766.89199422,0.21463799
767.12981590,0.20593477
767.36764795,0.20545816
767.60549036,0.20019479
767.84334314,0.20116872
768.08120628,0.20075428
768.31907977,0.19294210
768.55696362,0.18749223
768.79485782,0.18471549
769.03276238,0.18077832
769.27067727,0.18405239
769.50860251,0.17592938
769.74653809,0.18950226
769.98448401,0.19333582
770.22244027,0.18999959
770.46040685,0.19955241
770.69838377,0.19712794
770.93637101,0.19542874
771.17436858,0.19690000
771.41237647,0.20139666
771.65039468,0.20295081
771.88842320,0.19812259
772.12646204,0.20137594
772.36451118,0.19673422
772.60257064,0.19524224
772.84064039,0.18987525
773.07872045,0.19267272
773.31681081,0.18585519
773.55491147,0.18079904
773.79302242,0.17872684
774.03114366,0.18003233
774.26927519,0.18131709
774.50741700,0.17539061
774.74556910,0.17362924
774.98373147,0.17918273
775.22190413,0.18040532
775.46008705,0.17597082
775.69828025,0.17416801
775.93648372,0.17771147
776.17469745,0.17735919
776.41292145,0.17845746
776.65115570,0.17269675
776.88940022,0.17458245
777.12765499,0.16212856
777.36592001,0.17056239
777.60419528,0.16337188
777.84248079,0.15562187
778.08077655,0.15491732
778.31908256,0.15711385
778.55739879,0.14548883
778.79572527,0.14762319
779.03406198,0.14886651
779.27240891,0.14422479
779.51076608,0.13914791
779.74913346,0.14294003
779.98751107,0.13935513
780.22589890,0.16049152
780.46429695,0.14238054
780.70270520,0.14356169
780.94112367,0.13749016
781.17955235,0.14182105
781.41799123,0.13114924
781.65644031,0.13912719
781.89489959,0.12733640
782.13336907,0.13090058
782.37184874,0.12594803
782.61033861,0.12704629
782.84883866,0.13639189
783.08734890,0.13011314
783.32586931,0.12671474
783.56439991,0.12437316
783.80294069,0.12617597
784.04149164,0.12928426
784.28005276,0.13212317
784.51862406,0.14101289
784.75720551,0.13695139
784.99579713,0.13405031
785.23439891,0.13396743
785.47301085,0.13369804
785.71163295,0.12992664
785.95026519,0.13224750
786.18890759,0.13255833
786.42756013,0.13259978
786.66622282,0.13239256
786.90489564,0.13755232
787.14357861,0.12949148
787.38227171,0.13481703
787.62097494,0.13139790
787.85968831,0.13108707
788.09841180,0.12640391
788.33714541,0.12569937
788.57588915,0.12165859
788.81464301,0.11850885
789.05340698,0.11873679
789.29218106,0.11910978
789.53096526,0.12238385
789.76975956,0.11973144
790.00856397,0.11780430
790.24737848,0.12735712
790.48620309,0.11848813
790.72503780,0.13332504
790.96388260,0.13363587
791.20273749,0.14130300
791.44160247,0.13991463
791.68047754,0.13197812
791.91936269,0.12833105
792.15825792,0.12634175
792.39716323,0.12420739
792.63607861,0.11654026
792.87500406,0.11266526
793.11393958,0.12366861
793.35288517,0.11828091
793.59184082,0.11256165
793.83080653,0.10860375
794.06978230,0.10769199
794.30876813,0.11743131
794.54776401,0.11218865
794.78676993,0.10966057
795.02578591,0.11326619
795.26481193,0.11334908
795.50384798,0.10949480
795.74289408,0.11517261
795.98195022,0.11558705
796.22101638,0.11714120
796.46009258,0.11693398
796.69917880,0.12209375
796.93827505,0.11828091
797.17738132,0.12385511
797.41649761,0.12841394
797.65562392,0.13860914
797.89476024,0.13836048
798.13390657,0.13317999
798.37306290,0.14318869
798.61222925,0.13548013
798.85140559,0.13802893
799.09059194,0.13332504
799.32978828,0.14300220
799.56899462,0.12733640
799.80821094,0.13247544
800.04743726,0.13077624
800.28667356,0.12547142
800.52591985,0.12567864
800.76517611,0.13338721
801.00444236,0.13452692
801.24371857,0.13999751
801.48300476,0.14343736
801.72230092,0.14950889
801.96160705,0.15427494
802.20092314,0.16082308
802.44024919,0.15609847
802.67958519,0.16415931
802.91893116,0.16287455
803.15828707,0.16832442
803.39765294,0.17141199
803.63702875,0.18879771
803.87641450,0.18264329
804.11581020,0.17646815
804.35521584,0.18098554
804.59463141,0.18618675
804.83405692,0.17943139
805.07349235,0.18372083
805.31293772,0.18256040
805.55239300,0.17999088
805.79185821,0.17323553
806.03133334,0.17103900
806.27081839,0.16314393
806.51031335,0.15570475
806.74981822,0.15622280
806.98933300,0.14538522
807.22885768,0.14070206
807.46839227,0.13349082
807.70793675,0.12926354
807.94749114,0.13324216
808.18705542,0.13137718
808.42662959,0.12903560
808.66621364,0.12329562
808.90580759,0.12882838
809.14541141,0.12996809
809.38502512,0.12317129
809.62464871,0.12116126
809.86428217,0.12180364
810.10392550,0.11772141
810.34357870,0.10680094
810.58324177,0.11026151
810.82291470,0.10418998
811.06259749,0.10062580
811.30229015,0.10327821
811.54199265,0.09683369
811.78170501,0.09590120
812.02142722,0.08406896
812.26115928,0.07951013
812.50090118,0.07694061
812.74065292,0.07432964
812.98041450,0.06817522
813.22018592,0.07540719
813.45996717,0.05812508
813.69975825,0.05945128
813.93955916,0.05856024
814.17936989,0.05395997
814.41919045,0.04869659
814.65902083,0.05549339
814.89886102,0.04803349
815.13871102,0.04780555
815.37857084,0.04668656
815.61844047,0.04772266
815.85831990,0.04923536
816.09820913,0.04494592
816.33810817,0.04345394
816.57801700,0.04109163
816.81793562,0.04250073
817.05786404,0.04225206
817.29780225,0.03450205
817.53775024,0.03205686
817.77770801,0.03317585
818.01767557,0.02847196
818.25765290,0.02928012
818.49764001,0.02876207
818.73763689,0.03102076
818.97764354,0.02710431
819.21765996,0.02778814
819.45768614,0.02729081
819.69772209,0.02221393
819.93776779,0.02291848
820.17782324,0.02198599
820.41788845,0.02397530
820.65796341,0.01916781
820.89804812,0.01429815
821.13814257,0.01999668
821.37824677,0.02204816
821.61836070,0.02126072
821.85848437,0.02233827
822.09861777,0.02789175
822.33876090,0.02687637
822.57891376,0.02975672
822.81907635,0.03450205
823.05924866,0.04065647
823.29943069,0.05335903
823.53962243,0.06380289
823.77982389,0.07673339
824.02003506,0.09016122
824.26025594,0.10597207
824.50048652,0.12080899
824.74072681,0.12880766
824.98097680,0.14252559
825.22123648,0.14633843
825.46150586,0.17613660
825.70178493,0.17396079
825.94207369,0.17667537
826.18237214,0.18166936
826.42268027,0.19290066
826.66299808,0.19756310
826.90332557,0.20415268
827.14366273,0.20179038
827.38400957,0.20962327
827.62436608,0.20585188
827.86473225,0.21320817
828.10510809,0.21395416
828.34549359,0.22058519
828.58588874,0.21909321
828.82629356,0.22209789
829.06670802,0.21820216
829.30713214,0.22634589
829.54756590,0.22290605
829.78800931,0.22758921
830.02846236,0.23162999
830.26892505,0.23428240
830.50939738,0.23550499
830.74987934,0.23533922
830.99037093,0.23753575
831.23087215,0.23125699
831.47138299,0.22609723
831.71190346,0.22106179
831.95243355,0.21528037
832.19297325,0.20794480
832.43352257,0.20154171
832.67408150,0.19859920
832.91465003,0.19714866
833.15522818,0.18819678
833.39581592,0.18469477
833.63641327,0.18237391
833.87702022,0.17379502
834.11763676,0.16430436
834.35826289,0.15947615
834.59889861,0.16051225
834.83954392,0.14492934
835.08019881,0.13775954
835.32086328,0.13373948
835.56153733,0.13846409
835.80222095,0.13291061
836.04291415,0.12252891
836.28361692,0.11307970
836.52432926,0.11158772
836.76505116,0.10630362
837.00578262,0.10553691
837.24652364,0.09258569
837.48727421,0.08877285
837.72803434,0.08568527
837.96880402,0.07878486
838.20958325,0.07542791
838.45037202,0.07271333
838.69117033,0.07285839
838.93197819,0.07151146
839.17279558,0.07055825
839.41362250,0.07899208
839.65445896,0.07573874
839.89530494,0.08276348
840.13616045,0.08469062
840.37702548,0.08858635
840.61790003,0.09020266
840.85878410,0.09503088
841.09967768,0.09227486
841.34058078,0.08989183
841.58149338,0.08537445
841.82241549,0.08728087
842.06334710,0.08487712
842.30428821,0.08232832
842.54523883,0.08371669
842.78619893,0.08350947
843.02716853,0.08023540
843.26814762,0.08473207
843.50913619,0.07803887
843.75013425,0.07876414
843.99114179,0.07957230
844.23215881,0.08149944
844.47318530,0.07590451
844.71422127,0.08798541
844.95526670,0.07957230
845.19632161,0.08104356
845.43738597,0.07493058
845.67845980,0.07948941
845.91954309,0.07348004
846.16063584,0.07016453
846.40173803,0.06923204
846.64284968,0.07466120
846.88397078,0.06556426
847.12510132,0.06792656
847.36624130,0.06626881
847.60739073,0.06792656
847.84854959,0.06840317
848.08971788,0.06956360
848.33089561,0.06689046
848.57208276,0.06991587
848.81327934,0.07716855
849.05448534,0.07789382
849.29570076,0.08011107
849.53692560,0.09384972
849.77815986,0.09053421
850.01940353,0.10120602
850.26065660,0.10070869
850.50191908,0.10876953
850.74319097,0.10758838
850.98447225,0.11689254
851.22576294,0.12060177
851.46706301,0.12874549
851.70837248,0.12930499
851.94969135,0.13802893
852.19101959,0.14492934
852.43235722,0.16737121
852.67370424,0.17211654
852.91506063,0.17536989
853.15642640,0.18506776
853.39780154,0.18875627
853.63918605,0.19893075
853.88057992,0.20054706
854.12198317,0.19731443
854.36339577,0.20585188
854.60481773,0.20485723
854.84624905,0.20520950
855.08768973,0.19609184
855.32913975,0.18593808
855.57059912,0.17818807
855.81206784,0.18096481
856.05354590,0.18237391
856.29503330,0.18278835
856.53653004,0.18142070
856.77803611,0.18003233
857.01955151,0.17352563
857.26107624,0.20297153
857.50261030,0.17460317
857.74415367,0.17611588
857.98570637,0.16465664
858.22726839,0.17010651
858.46883972,0.16065730
858.71042037,0.16347549
858.95201032,0.15785984
859.19360958,0.15303162
859.43521814,0.14687720
859.67683601,0.13947946
859.91846317,0.15247213
860.16009963,0.12895271
860.40174538,0.12259107
860.64340042,0.11782502
860.88506474,0.11616727
861.12673835,0.11359775
861.36842125,0.11152555
861.61011342,0.11262381
861.85181487,0.11448879
862.09352559,0.11459240
862.33524558,0.11598077
862.57697484,0.12091259
862.81871336,0.12182436
863.06046114,0.12103693
863.30221819,0.12136848
863.54398449,0.12462182
863.78576004,0.12234241
864.02754485,0.11384641
864.26933890,0.10725683
864.51114220,0.10762982
864.75295474,0.10895603
864.99477653,0.11285176
865.23660755,0.10238717
865.47844780,0.09842928
865.72029728,0.09341456
865.96215600,0.09432633
866.20402394,0.09051349
866.44590110,0.08798541
866.68778748,0.08067056
866.92968308,0.08197605
867.17158790,0.08496001
867.41350193,0.08525011
867.65542516,0.08684570
867.89735761,0.08813047
868.13929926,0.08576816
868.38125011,0.08732231
868.62321015,0.08833768
868.86517940,0.09295868
869.10715783,0.08431763
869.34914546,0.08918729
869.59114227,0.09146670
869.83314827,0.09105226
870.07516344,0.09451283
870.31718780,0.09233702
870.55922133,0.10186912
870.80126404,0.10271872
871.04331592,0.10195201
871.28537696,0.09842928
871.52744717,0.09621203
871.76952655,0.09353890
872.01161508,0.09590120
872.25371277,0.09094865
872.49581961,0.08657632
872.73793560,0.08404824
872.98006075,0.08029757
873.22219503,0.07986241
873.46433846,0.07762444
873.70649103,0.07513780
873.94865274,0.07298272
874.19082358,0.07246467
874.43300356,0.07265117
874.67519266,0.07178084
874.91739089,0.05893323
875.15959824,0.06112976
875.40181471,0.05549339
875.64404031,0.06104687
875.88627501,0.05308964
876.12851883,0.05514112
876.37077176,0.05203282
876.61303379,0.04606490
876.85530493,0.04770194
877.09758517,0.04229351
877.33987451,0.04098802
877.58217294,0.04326744
877.82448047,0.04620995
878.06679709,0.05014713
878.30912279,0.04834432
878.55145758,0.05437440
878.79380145,0.05727548
879.03615440,0.05335903
879.27851643,0.06216586
879.52088753,0.06595798
879.76326770,0.06353351
880.00565694,0.07412243
880.24805524,0.06823739
880.49046260,0.07364582
880.73287903,0.07117991
880.97530451,0.07897136
881.21773905,0.07393593
881.46018264,0.07451614
881.70263527,0.08199677
881.94509695,0.07762444
882.18756768,0.07747938
882.43004744,0.07768660
882.67253625,0.07725144
882.91503409,0.07480625
883.15754095,0.07213312
883.40005685,0.07047536
883.64258178,0.07439181
883.88511573,0.06925277
884.12765869,0.06740851
884.37021068,0.06577148
884.61277168,0.06813378
884.85534170,0.06349206
885.09792072,0.06268391
885.34050876,0.05756558
885.58310579,0.06535704
885.82571183,0.06187575
886.06832686,0.06057027
886.31095090,0.06620664
886.55358392,0.06558498
886.79622594,0.06052882
887.03887694,0.05781425
887.28153693,0.05648804
887.52420589,0.05999005
887.76688384,0.05878818
888.00957077,0.05534834
888.25226667,0.04792988
888.49497154,0.04778482
888.73768537,0.04900742
888.98040818,0.04536035
889.22313994,0.04223134
889.46588067,0.04859298
889.70863035,0.04225206
889.95138899,0.03825272
890.19415657,0.04107091
890.43693311,0.03810767
890.67971859,0.03727879
890.92251302,0.03373534
891.16531639,0.03282357
891.40812869,0.02706287
891.65094993,0.02660699
891.89378010,0.02596461
892.13661920,0.02202744
892.37946723,0.02586100
892.62232418,0.02374736
892.86519005,0.02683493
893.10806484,0.02811969
893.35094854,0.03056488
893.59384116,0.02722865
893.83674269,0.03160098
894.07965312,0.03280285
894.32257246,0.03390111
894.56550070,0.03323801
894.80843784,0.04405487
895.05138388,0.04040781
895.29433881,0.04504953
895.53730263,0.04221062
895.78027533,0.04734966
896.02325692,0.04533963
896.26624740,0.04967052
896.50924675,0.05362841
896.75225498,0.05462307
896.99527208,0.05389780
897.23829806,0.05404285
897.48133290,0.05719259
897.72437661,0.05746198
897.96742918,0.05414646
898.21049061,0.05528617
898.45356090,0.05097600
898.69664005,0.05742053
898.93972804,0.05064445
899.18282488,0.05509967
899.42593057,0.05578350
899.66904511,0.05561772
899.91216848,0.05878818
900.15530069,0.05149405
900.39844174,0.05708898
900.64159162,0.05217788
900.88475033,0.05427079
901.12791786,0.06030088
901.37109422,0.06059099
901.61427940,0.05922334
901.85747340,0.05982428
902.10067621,0.06272535
902.34388784,0.06875544
902.58710827,0.06780223
902.83033752,0.06295329
903.07357557,0.07008164
903.31682242,0.06689046
903.56007807,0.06494260
903.80334251,0.06604086
904.04661575,0.06392722
904.28989778,0.06469394
904.53318860,0.06910771
904.77648820,0.06693191
905.01979659,0.07041320
905.26311375,0.06848605
905.50643969,0.07420531
905.74977441,0.08166522
905.99311789,0.08580961
906.23647015,0.09244063
906.47983117,0.09476149
906.72320095,0.09275146
906.96657950,0.10149612
907.20996680,0.09509304
907.45336285,0.10060508
907.69676766,0.09842928
907.94018122,0.10363049
908.18360352,0.09604625
908.42703457,0.09884372
908.67047435,0.09223341
908.91392288,0.09161175
909.15738014,0.09080360
909.40084613,0.08593394
909.64432085,0.08645199
909.88780430,0.08628621
910.13129648,0.08317792
910.37479737,0.08156161
910.61830699,0.08245265
910.86182531,0.08212110
911.10535236,0.07416387
911.34888811,0.07992457
911.59243257,0.06552281
911.83598573,0.07109702
912.07954760,0.06664180
912.32311816,0.06575076
912.56669743,0.07399809
912.81028538,0.06181359
913.05388203,0.06407228
913.29748736,0.07227817
913.54110138,0.06197936
913.78472408,0.06268391
914.02835547,0.05951345
914.27199552,0.06241452
914.51564426,0.06015583
914.75930166,0.05601144
915.00296774,0.05652949
915.24664247,0.06440383
915.49032588,0.05965850
915.73401794,0.06117120
915.97771866,0.06237308
916.22142803,0.07225745
916.46514606,0.07683700
916.70887274,0.07808032
916.95260806,0.07447470
917.19635202,0.08207966
917.44010463,0.08137511
917.68386588,0.08823408
917.92763576,0.08732231
918.17141427,0.09871938
918.41520141,0.10379626
918.65899718,0.10856231
918.90280158,0.10700816
919.14661459,0.10891458
919.39043623,0.11641593
919.63426648,0.11939989
919.87810534,0.12746073
920.12195281,0.13910647
920.36580890,0.13759377
920.60967358,0.15156036
920.85354687,0.15902027
921.09742876,0.16405570
921.34131924,0.16498819
921.58521832,0.16554768
921.82912599,0.15993203
922.07304225,0.15889593
922.31696709,0.14499150
922.56090052,0.14093000
922.80484252,0.13746944
923.04879310,0.12592731
923.29275226,0.11581499
923.53671999,0.11092461
923.78069629,0.09965187
924.02468115,0.10124746
924.26867458,0.09016122
924.51267656,0.07955158
924.75668711,0.07310705
925.00070621,0.06931493
925.24473386,0.06154420
925.48877006,0.06523271
925.73281481,0.06127481
925.97686810,0.05586638
926.22092994,0.05576278
926.46500031,0.05186705
926.70907921,0.04627212
926.95316665,0.04627212
927.19726262,0.04405487
927.44136712,0.04662439
927.68548014,0.04245928
927.92960168,0.04430354
928.17373175,0.03970326
928.41787032,0.03692652
928.66201741,0.03580753
928.90617302,0.03124870
929.15033713,0.02946662
929.39450974,0.02741514
929.63869086,0.02814041
929.88288047,0.02700070
930.12707859,0.02992250
930.37128520,0.03508227
930.61550029,0.02832691
930.85972388,0.03284430
931.10395595,0.03091715
931.34819651,0.03141448
931.59244554,0.03477144
931.83670306,0.03649136
932.08096904,0.04144391
932.32524350,0.04274939
932.56952643,0.04724605
932.81381782,0.04973269
933.05811768,0.05020929
933.30242600,0.06206225
933.54674278,0.05582494
933.79106801,0.06610303
934.03540169,0.06316051
934.27974382,0.06438311
934.52409440,0.06912843
934.76845343,0.07671267
935.01282089,0.07120063
935.25719680,0.07345932
935.50158114,0.07495130
935.74597391,0.06939782
935.99037511,0.07178084
936.23478474,0.06985370
936.47920279,0.06867255
936.72362927,0.08191388
936.96806417,0.06647602
937.21250748,0.06912843
937.45695920,0.06958432
937.70141934,0.06430022
937.94588788,0.06334701
938.19036483,0.05969995
938.43485019,0.06425878
938.67934394,0.06338845
938.92384608,0.05565917
939.16835663,0.05704754
939.41287556,0.05729620
939.65740288,0.05760703
939.90193859,0.04919392
940.14648268,0.05192921
940.39103515,0.05076878
940.63559600,0.05410502
940.88016523,0.05184633
941.12474282,0.05567989
941.36932879,0.05478884
941.61392312,0.05337975
941.85852581,0.05516184
942.10313687,0.05441585
942.34775628,0.05480957
942.59238405,0.05047868
942.83702017,0.05406357
943.08166464,0.05655021
943.32631746,0.05476812
943.57097862,0.04838576
943.81564813,0.04896597
944.06032597,0.05165983
944.30501215,0.04842720
944.54970666,0.05385636
944.79440950,0.04991918
945.03912067,0.04550541
945.28384016,0.04927680
945.52856798,0.04366115
945.77330412,0.04757760
946.01804857,0.03848067
946.26280133,0.03868789
946.50756241,0.04024203
946.75233179,0.04102947
946.99710948,0.04032492
947.24189548,0.04488375
947.48668977,0.03841850
947.73149236,0.04287372
947.97630324,0.03744457
948.22112242,0.03783829
948.46594988,0.03845994
948.71078563,0.03562104
948.95562966,0.04616851
949.20048198,0.03709230
949.44534257,0.03456422
949.69021144,0.03526876
949.93508857,0.04009698
950.17997398,0.03829417
950.42486766,0.03549671
950.66976959,0.04185834
950.91467979,0.03688508
951.15959825,0.03831489
951.40452496,0.03644992
951.64945993,0.03767251
951.89440314,0.04107091
952.13935461,0.03638775
952.38431431,0.03334162
952.62928226,0.03182892
952.87425845,0.03280285
953.11924287,0.03692652
953.36423553,0.03274069
953.60923642,0.03189109
953.85424553,0.03363173
954.09926287,0.03116582
954.34428843,0.02776742
954.58932222,0.02635832
954.83436421,0.02687637
955.07941443,0.02358158
955.32447285,0.02014174
955.56953948,0.02424468
955.81461432,0.02447263
956.05969736,0.02107423
956.30478860,0.01394587
956.54988803,0.01887770
956.79499567,0.01628745
957.04011149,0.01856687
957.28523550,0.01436031
957.53036770,0.01421526
957.77550808,0.01622529
958.02065664,0.01572796
958.26581338,0.01595590
958.51097830,0.01529280
958.75615139,0.01429815
959.00133264,0.01742716
959.24652207,0.01226740
959.49171965,0.01862904
959.73692540,0.01759294
959.98213931,0.01630818
960.22736137,0.01456753
960.47259159,0.02043185
960.71782995,0.04900742
960.96307647,0.02032824
961.20833112,0.02155083
961.45359392,0.02650338
961.69886486,0.02436902
961.94414394,0.02555017
962.18943115,0.02768453
962.43472648,0.02737370
962.68002995,0.03133159
962.92534154,0.03311368
963.17066126,0.02971528
963.41598909,0.03164242
963.66132504,0.03555887
963.90666911,0.03568320
964.15202128,0.03274069
964.39738157,0.04359899
964.64274996,0.03955821
964.88812645,0.04790915
965.13351104,0.04312238
965.37890374,0.04755688
965.62430452,0.04639645
965.86971340,0.04836504
966.11513036,0.04975341
966.36055542,0.05646732
966.60598855,0.05265448
966.85142977,0.05008496
967.09687907,0.05023001
967.34233644,0.05186705
967.58780188,0.05103817
967.83327539,0.04987774
968.07875697,0.05507895
968.32424661,0.06104687
968.56974432,0.05572133
968.81525008,0.05120395
969.06076390,0.05447801
969.30628577,0.05524473
969.55181570,0.05478884
969.79735367,0.06015583
970.04289968,0.05505823
970.28845374,0.05959634
970.53401583,0.05630155
970.77958597,0.06108832
971.02516413,0.05541050
971.27075033,0.05945128
971.51634455,0.05671598
971.76194680,0.05920262
972.00755708,0.05580422
972.25317537,0.05650877
972.49880168,0.05362841
972.74443600,0.05391852
972.99007834,0.05242654
973.23572868,0.05244726
973.48138703,0.05472668
973.72705338,0.04954619
973.97272774,0.05333831
974.21841009,0.05325542
974.46410043,0.05723403
974.70979877,0.05437440
974.95550510,0.05052012
975.20121941,0.05476812
975.44694171,0.05694393
975.69267199,0.05443657
975.93841024,0.05379419
976.18415647,0.05824941
976.42991068,0.05909901
976.67567285,0.05632227
976.92144299,0.05356625
977.16722110,0.05122467
977.41300717,0.06034233
977.65880119,0.05648804
977.90460317,0.05139044
978.15041311,0.05795930
978.39623099,0.05795930
978.64205683,0.06231091
978.88789061,0.06102615
979.13373233,0.05953417
979.37958199,0.05507895
979.62543958,0.04861370
979.87130511,0.04987774
980.11717857,0.05023001
980.36305996,0.04519458
980.60894928,0.04210701
980.85484651,0.03922666
981.10075167,0.03750673
981.34666475,0.03688508
981.59258573,0.03781756
981.83851463,0.03253347
982.08445144,0.03392184
982.33039616,0.03446061
982.57634878,0.03131087
982.82230930,0.03274069
983.06827771,0.03545526
983.31425403,0.03574537
983.56023823,0.03383895
983.80623032,0.03700941
984.05223031,0.02836835
984.29823817,0.03404617
984.54425391,0.03114510
984.79027754,0.02814041
985.03630904,0.03170459
985.28234841,0.03068921
985.52839565,0.03744457
985.77445076,0.03338307
986.02051374,0.03988976
986.26658457,0.03346595
986.51266327,0.04034564
986.75874982,0.04042853
987.00484422,0.04330888
987.25094647,0.04401343
987.49705658,0.04390982
987.74317452,0.04121596
987.98930031,0.04301877
988.23543394,0.04650006
988.48157541,0.04581624
988.72772471,0.04604418
988.97388184,0.05491318
989.22004680,0.04480086
989.46621959,0.05020929
989.71240020,0.04554685
989.95858862,0.05025074
990.20478487,0.04446931
990.45098893,0.05159766
990.69720080,0.04401343
990.94342048,0.04656223
991.18964797,0.03901944
991.43588326,0.04248000
991.68212635,0.03630486
991.92837724,0.03618053
992.17463593,0.03758962
992.42090240,0.03812839
992.66717667,0.03292718
992.91345872,0.03323801
993.15974856,0.02760164
993.40604618,0.03021261
993.65235158,0.02816113
993.89866475,0.02884496
994.14498570,0.03060632
994.39131441,0.02733226
994.63765090,0.02954950
994.88399515,0.02573667
995.13034716,0.02642049
995.37670693,0.03087571
995.62307445,0.02602677
995.86944973,0.02387169
996.11583276,0.02538439
996.36222354,0.02602677
996.60862206,0.02492851
996.85502833,0.02613038
997.10144233,0.02383025
997.34786408,0.02024535
997.59429355,0.02094989
997.84073076,0.02202744
998.08717570,0.01639106
998.33362836,0.01947864
998.58008875,0.01419454
998.82655685,0.01947864
999.07303267,0.02542584
999.31951621,0.01819387
999.56600746,0.01322061
999.81250642,0.01537569
1000.05901309,0.01127274
1000.30552746,0.01253678
1000.55204953,0.01181151
1000.79857929,0.01425670
1001.04511676,0.01579013
1001.29166191,0.01690911
1001.53821476,0.00752207
1001.78477529,0.01322061
1002.03134351,0.01162502
1002.27791941,0.01701272
1002.52450299,0.01525136
1002.77109424,0.01452609
1003.01769317,0.01174935
1003.26429976,0.01597663
1003.51091403,0.01483692
1003.75753596,0.01887770
1004.00416555,0.01299266
1004.25080280,0.02136433
1004.49744771,0.01653612
1004.74410027,0.01282689
1004.99076048,0.01554146
1005.23742834,0.01552074
1005.48410384,0.01966513
1005.73078699,0.01639106
1005.97747778,0.01978946
1006.22417620,0.01831821
1006.47088226,0.01566580
1006.71759595,0.01670189
1006.96431727,0.02153011
1007.21104622,0.01680550
1007.45778279,0.01939575
1007.70452698,0.01255750
1007.95127879,0.01838037
1008.19803821,0.01782088
1008.44480524,0.02126072
1008.69157988,0.02227610
1008.93836213,0.02339508
1009.18515199,0.01763438
1009.43194944,0.02213105
1009.67875450,0.01947864
1009.92556715,0.01800738
1010.17238739,0.02090845
1010.41921522,0.02088773
1010.66605064,0.02264909
1010.91289364,0.01873265
1011.15974422,0.01831821
1011.40660239,0.01985163
1011.65346813,0.01835965
1011.90034144,0.02409963
1012.14722232,0.02026607
1012.39411078,0.02020390
1012.64100679,0.02248332
1012.88791037,0.02109495
1013.13482151,0.01997596
1013.38174020,0.02314642
1013.62866645,0.02521862
1013.87560025,0.02774669
1014.12254160,0.02362303
1014.36949049,0.02639977
1014.61644693,0.03087571
1014.86341091,0.02449335
1015.11038242,0.02165444
1015.35736147,0.02327075
1015.60434805,0.02260765
1015.85134216,0.02094989
1016.09834379,0.01630818
1016.34535295,0.01867048
1016.59236963,0.01879481
1016.83939383,0.02136433
1017.08642554,0.01740644
1017.33346476,0.01763438
1017.58051150,0.01583157
1017.82756574,0.01400804
1018.07462748,0.01338638
1018.32169673,0.01719922
1018.56877347,0.01067181
1018.81585771,0.01825604
1019.06294945,0.01429815
1019.31004867,0.00976004
1019.55715538,0.00872394
1019.80426957,0.01545858
1020.05139125,0.01452609
1020.29852041,0.01477475
1020.54565704,0.00909694
1020.79280114,0.01147996
1021.03995272,0.00833023
1021.28711177,0.01556219
1021.53427828,0.01170790
1021.78145225,0.01324133
1022.02863368,0.00961499
1022.27582257,0.00833023
1022.52301891,0.01317916
1022.77022270,0.01400804
1023.01743395,0.01152141
1023.26465263,0.01183224
1023.51187876,0.00360562
1023.75911234,0.00942849
1024.00635335,0.00779145
1024.25360179,0.00681752
1024.50085766,0.00621659
1024.74812097,0.00911766
1024.99539170,0.00542915
1025.24266985,0.00804012
1025.48995543,0.00513904
1025.73724842,0.00468316
1025.98454883,0.00859961
1026.23185665,0.00493182
1026.47917188,0.00402006
1026.72649452,0.00818517
1026.97382456,0.00748062
1027.22116200,0.00283891
1027.46850685,0.00493182
1027.71585908,0.00501471
1027.96321872,0.00416511
1028.21058574,0.00227941
1028.45796014,-0.01116913
1028.70534194,-0.01315844
1028.95273111,-0.01075469
1029.20012767,-0.01154213
1029.44753160,-0.01129346
1029.69494290,-0.01185296
