399.81288841,0.00566997
400.03045039,0.00637591
400.24802720,0.00986406
400.46561883,0.00328225
400.68322529,0.00182886
400.90084656,0.00025088
401.11848265,0.00573226
401.33613355,0.00396742
401.55379926,0.00216106
401.77147978,0.00664582
401.98917511,0.00718566
402.20688524,0.00195343
402.42461017,0.00272166
402.64234989,0.00521319
402.86010441,0.00045851
403.07787372,0.00527548
403.29565782,0.00471488
403.51345670,0.00340683
403.73127037,0.00546234
403.94909882,0.00199496
404.16694205,0.00699879
404.38480005,0.00211953
404.60267282,0.00311615
404.82056036,0.00162123
405.03846267,0.00776701
405.25637974,0.00826532
405.47431157,0.00662506
405.69225816,0.00153818
405.91021951,0.00531700
406.12819561,0.00016783
406.34618645,0.00371827
406.56419205,0.00562845
406.78221239,0.00311615
407.00024747,0.00720642
407.21829729,-0.00066268
407.43636184,0.00575302
407.65444113,0.00820303
407.87253515,0.00795388
408.09064390,0.00706108
408.30876737,0.00407124
408.52690556,0.00849371
408.74505847,0.00456954
408.96322610,0.00627209
409.18140844,0.00380132
409.39960550,0.00184962
409.61781726,0.00706108
409.83604372,0.00465260
410.05428489,0.00737252
410.27254076,0.00060385
410.49081133,0.00915812
410.70909659,0.00494327
410.92739654,0.00461107
411.14571118,0.00764244
411.36404051,0.00531700
411.58238452,0.00998863
411.80074321,0.00446573
412.01911658,0.00772549
412.23750462,0.00884668
412.45590734,0.00641743
412.67432472,0.00650048
412.89275677,0.00726871
413.11120349,0.00436192
413.32966486,0.00199496
413.54814090,0.00498480
413.76663159,0.00755939
413.98513693,0.00328225
414.20365692,0.00133055
414.42219156,0.00562845
414.64074084,0.00083224
414.85930477,0.00506785
415.07788333,0.00027165
415.29647653,0.00506785
415.51508437,0.00197420
415.73370683,0.00369751
415.95234392,0.00392590
416.17099564,0.00479793
416.38966198,0.00652125
416.60834294,0.00467336
416.82703851,0.00741405
417.04574870,0.00016783
417.26447350,0.00367674
417.48321291,0.00475641
417.70196692,0.00114368
417.92073554,0.00602294
418.13951875,0.00764244
418.35831657,0.00247250
418.57712898,0.00172504
418.79595598,0.01030007
419.01479757,0.00953185
419.23365374,0.00527548
419.45252450,0.00344835
419.67140984,0.00766320
419.89030975,0.00843142
420.10922425,0.01127593
420.32815331,0.00402971
420.54709694,0.00832761
420.76605514,0.00477717
420.98502791,0.00463183
421.20401523,0.00180809
421.42301712,0.00508861
421.64203356,0.01005092
421.86106455,0.00365598
422.08011009,0.00496404
422.29917018,0.00924117
422.51824482,0.00537929
422.73733399,0.00295005
422.95643771,0.00674964
423.17555596,0.00689498
423.39468875,0.00386361
423.61383606,0.00456954
423.83299790,0.00392590
424.05217427,0.00687421
424.27136516,0.00450726
424.49057057,0.00681193
424.70979050,0.00513014
424.92902494,0.00579455
425.14827390,0.00409200
425.36753736,0.00627209
425.58681532,0.00832761
425.80610779,0.00780854
426.02541476,0.00882592
426.24473623,0.00386361
426.46407219,0.00704032
426.68342265,0.00276318
426.90278759,0.00683269
427.12216702,0.00863905
427.34156093,0.00535853
427.56096933,0.00897126
427.78039220,0.01227254
427.99982955,0.00776701
428.21928137,0.00550387
428.43874766,0.00361446
428.65822841,0.00774625
428.87772363,0.01013397
429.09723331,0.00753862
429.31675745,0.00234793
429.53629605,0.00413353
429.75584910,0.00600218
429.97541660,0.00953185
430.19499854,0.00515090
430.41459494,0.00963566
430.63420577,0.00963566
430.85383104,0.00714413
431.07347075,0.00922041
431.29312489,0.01370517
431.51279347,0.00880515
431.73247647,0.00508861
431.95217390,0.00535853
432.17188574,0.00951109
432.39161201,0.00629286
432.61135270,0.00654201
432.83110780,0.00814074
433.05087731,0.01270856
433.27066123,0.00432039
433.49045956,0.00845219
433.71027229,0.00674964
433.93009942,0.00994711
434.14994095,0.00886744
434.36979687,0.00743481
434.58966718,0.01011321
434.80955189,0.00907507
435.02945098,0.01081914
435.24936445,0.01659120
435.46929230,0.01225178
435.68923454,0.01183652
435.90919115,0.01339373
436.12916213,0.01106830
436.34914748,0.01457721
436.56914720,0.01042465
436.78916128,0.01067380
437.00918972,0.01152508
437.22923252,0.00949033
437.44928968,0.01256322
437.66936119,0.01098525
437.88944706,0.01241788
438.10954727,0.01185728
438.32966182,0.01416195
438.54979072,0.01108906
438.76993395,0.02016240
438.99009153,0.01600984
439.21026343,0.01584374
439.43044967,0.01553230
439.65065024,0.01798231
439.87086513,0.01358060
440.09109434,0.01146279
440.31133788,0.01189881
440.53159573,0.01854290
440.75186789,0.01096448
440.97215437,0.01241788
441.19245516,0.01663273
441.41277025,0.01409966
441.63309964,0.01316534
441.85344334,0.01698569
442.07380133,0.01474331
442.29417362,0.01553230
442.51456020,0.01299924
442.73496107,0.01526238
442.95537623,0.01459797
443.17580567,0.01499246
443.39624939,0.01866748
443.61670739,0.01449416
443.83717967,0.01621747
444.05766622,0.01526238
444.27816704,0.01684035
444.49868212,0.01152508
444.71921147,0.01331068
444.93975509,0.01416195
445.16031296,0.01756705
445.38088508,0.01835604
445.60147147,0.01706874
445.82207210,0.01362212
446.04268698,0.01775392
446.26331610,0.02213486
446.48395947,0.01102677
446.70461707,0.01532467
446.92528892,0.01162889
447.14597499,0.01727637
447.36667530,0.01258398
447.58738984,0.01964333
447.80811860,0.01796154
448.02886158,0.01540772
448.24961879,0.01740095
448.47039021,0.01960180
448.69117585,0.02562301
448.91197570,0.01848061
449.13278975,0.01005092
449.35361802,0.01571916
449.57446049,0.01573993
449.79531715,0.01040389
450.01618802,0.01152508
450.23707308,0.01040389
450.45797234,0.02003782
450.67888578,0.01555306
450.89981341,0.01225178
451.12075522,0.01775392
451.34171122,0.01794078
451.56268139,0.01985096
451.78366574,0.01771239
452.00466426,0.01831451
452.22567696,0.01258398
452.44670382,0.01493018
452.66774484,0.00998863
452.88880003,0.01956028
453.10986938,0.01343526
453.33095288,0.01690264
453.55205053,0.01237635
453.77316234,0.01104753
453.99428830,0.01696493
454.21542840,0.01204415
454.43658264,0.01654967
454.65775102,0.01291619
454.87893354,0.01615518
455.10013019,0.01750476
455.32134098,0.02149122
455.54256589,0.02147046
455.76380493,0.01476407
455.98505809,0.01821070
456.20632537,0.01983019
456.42760677,0.01781620
456.64890229,0.01671578
456.87021191,0.02034926
457.09153565,0.01588526
457.31287349,0.01845985
457.53422544,0.02306919
457.75559149,0.02020393
457.97697163,0.01681959
458.19836587,0.02088910
458.41977420,0.02047384
458.64119663,0.02311072
458.86263313,0.01976791
459.08408373,0.02568530
459.30554840,0.02012087
459.52702716,0.02747090
459.74851999,0.01675730
459.97002689,0.02547767
460.19154786,0.02205181
460.41308290,0.02338063
460.63463201,0.01792002
460.85619518,0.01727637
461.07777241,0.02317300
461.29936369,0.02070223
461.52096903,0.02408657
461.74258841,0.02240478
461.96422185,0.02176113
462.18586933,0.02250859
462.40753086,0.02462640
462.62920642,0.02487555
462.85089602,0.02039079
463.07259966,0.01935265
463.29431733,0.01895816
463.51604902,0.02126283
463.73779475,0.01980943
463.95955449,0.02358826
464.18132826,0.02742938
464.40311604,0.02155351
464.62491784,0.02279927
464.84673365,0.02468869
465.06856347,0.02742938
465.29040730,0.02441877
465.51226513,0.02421114
465.73413696,0.02547767
465.95602279,0.02423191
466.17792261,0.02815607
466.39983643,0.03220482
466.62176424,0.02630819
466.84370603,0.02936032
467.06566181,0.02607979
467.28763157,0.02857133
467.50961531,0.02909040
467.73161303,0.02954718
467.95362472,0.02825989
468.17565038,0.03384508
468.39769001,0.02641200
468.61974360,0.02780311
468.84181116,0.02786539
469.06389267,0.03430186
469.28598814,0.03093829
469.50809757,0.03353364
469.73022094,0.03787306
469.95235827,0.03471712
470.17450954,0.02963023
470.39667475,0.02630819
470.61885390,0.02852980
470.84104699,0.03102134
471.06325402,0.03220482
471.28547498,0.02639124
471.50770986,0.03262007
471.72995867,0.02736709
471.95222141,0.02464716
472.17449806,0.02728404
472.39678864,0.02668192
472.61909313,0.02734633
472.84141153,0.02535310
473.06374384,0.03608746
473.28609005,0.03143659
473.50845017,0.02857133
473.73082420,0.03097981
473.95321212,0.02938108
474.17561393,0.03183109
474.39802964,0.02948489
474.62045924,0.02946413
474.84290273,0.02585140
475.06536010,0.03324296
475.28783136,0.03120820
475.51031649,0.03124973
475.73281550,0.02715946
475.95532838,0.02589293
476.17785513,0.02977557
476.40039575,0.03203872
476.62295024,0.02861286
476.84551859,0.02979633
477.06810080,0.03112515
477.29069686,0.03129126
477.51330678,0.02817684
477.73593055,0.03235016
477.95856817,0.02823913
478.18121963,0.03276541
478.40388494,0.03104210
478.62656409,0.03500779
478.84925707,0.02944337
479.07196389,0.03029464
479.29468455,0.03191414
479.51741903,0.03102134
479.74016733,0.02481326
479.96292946,0.02778234
480.18570542,0.03004549
480.40849519,0.02666115
480.63129877,0.02998320
480.85411617,0.02805226
481.07694738,0.02533233
481.29979239,0.02749166
481.52265121,0.02817684
481.74552383,0.02996244
481.96841025,0.02699336
482.19131046,0.02788616
482.41422447,0.02597598
482.63715227,0.03046074
482.86009385,0.02454335
483.08304922,0.02664039
483.30601837,0.02556073
483.52900130,0.03043998
483.75199801,0.02701412
483.97500849,0.02873743
484.19803274,0.02971328
484.42107076,0.02691031
484.64412255,0.03064761
484.86718810,0.03120820
485.09026741,0.02271622
485.31336047,0.02651581
485.53646729,0.02902811
485.75958786,0.02219715
485.98272218,0.02489632
486.20587024,0.02138740
486.42903205,0.02709717
486.65220760,0.02402428
486.87539689,0.03012854
487.09859991,0.02709717
487.32181666,0.02927726
487.54504715,0.03193490
487.76829136,0.02861286
487.99154929,0.03027388
488.21482094,0.03048151
488.43810631,0.02817684
488.66140540,0.03579678
488.88471820,0.03249550
489.10804471,0.03405271
489.33138493,0.03608746
489.55473885,0.03320143
489.77810647,0.03666882
490.00148780,0.03801840
490.22488281,0.03658577
490.44829153,0.04061375
490.67171393,0.03797687
490.89515002,0.03799764
491.11859979,0.03797687
491.34206325,0.04024002
491.56554038,0.03596288
491.78903120,0.04140273
492.01253568,0.03752009
492.23605384,0.03903578
492.45958567,0.04181799
492.68313116,0.04024002
492.90669031,0.03893196
493.13026312,0.03453025
493.35384960,0.03683492
493.57744972,0.03264084
493.80106350,0.03241245
494.02469092,0.03673111
494.24833200,0.03369974
494.47198671,0.03828832
494.69565507,0.02969252
494.91933706,0.04071756
495.14303269,0.03552686
495.36674195,0.03247473
495.59046484,0.03575526
495.81420136,0.03419805
496.03795150,0.03073066
496.26171526,0.02753319
496.48549264,0.02875819
496.70928364,0.02857133
496.93308825,0.03110439
497.15690647,0.03594212
497.38073830,0.03187261
497.60458373,0.03637814
497.82844276,0.04418495
498.05231539,0.03610822
498.27620162,0.03673111
498.50010144,0.03832984
498.72401485,0.03708407
498.94794185,0.04277308
499.17188244,0.03563068
499.39583661,0.03972095
499.61980435,0.03353364
499.84378568,0.03816374
500.06778058,0.03916035
500.29178904,0.03901501
500.51581108,0.03538152
500.73984668,0.03752009
500.96389585,0.03577602
501.18795858,0.03592136
501.41203486,0.04171418
501.63612470,0.03602517
501.86022809,0.03870357
502.08434503,0.04231630
502.30847551,0.03704255
502.53261954,0.03743704
502.75677711,0.03359592
502.98094822,0.03590059
503.20513286,0.03934722
503.42933104,0.03369974
503.65354274,0.03477940
503.87776797,0.03237092
504.10200673,0.02774082
504.32625901,0.03540229
504.55052480,0.02992091
504.77480411,0.02821836
504.99909694,0.02398275
505.22340327,0.03166499
505.44772312,0.02821836
505.67205646,0.02591369
505.89640331,0.02828065
506.12076366,0.02381665
506.34513750,0.02425267
506.56952484,0.02514547
506.79392567,0.02383741
507.01833999,0.02551920
507.24276779,0.02927726
507.46720907,0.02645353
507.69166384,0.02857133
507.91613208,0.02591369
508.14061380,0.03102134
508.36510898,0.02906964
508.58961764,0.03282770
508.81413976,0.03172727
509.03867534,0.03280694
509.26322439,0.03037769
509.48778689,0.03081371
509.71236285,0.03590059
509.93695226,0.03330525
510.16155512,0.03507008
510.38617142,0.03436415
510.61080117,0.03363745
510.83544436,0.03340906
511.06010099,0.03222558
511.28477105,0.03737475
511.50945454,0.03886967
511.73415147,0.03230863
511.95886182,0.03538152
512.18358560,0.03330525
512.40832280,0.02742938
512.63307341,0.03394889
512.85783745,0.03043998
513.08261489,0.02809379
513.30740575,0.02798997
513.53221001,0.02819760
513.75702768,0.03297304
513.98185875,0.02792768
514.20670322,0.02776158
514.43156109,0.02632895
514.65643235,0.02720099
514.88131700,0.02811455
515.10621504,0.03340906
515.33112647,0.02720099
515.55605128,0.03077219
515.78098946,0.03210100
516.00594103,0.02838446
516.23090597,0.03284846
516.45588428,0.03558915
516.68087596,0.02971328
516.90588100,0.03199719
517.13089941,0.02715946
517.35593118,0.02549844
517.58097631,0.02718022
517.80603479,0.02811455
518.03110663,0.02261241
518.25619181,0.02728404
518.48129034,0.02333911
518.70640222,0.02477174
518.93152743,0.02713870
519.15666598,0.02693107
519.38181787,0.02333911
519.60698310,0.02742938
519.83216165,0.02500013
520.05735353,0.02097215
520.28255873,0.02246707
520.50777726,0.02192724
520.73300910,0.02506242
520.95825426,0.02653658
521.18351273,0.02898659
521.40878452,0.02927726
521.63406961,0.02306919
521.85936801,0.02329758
522.08467971,0.02248783
522.31000471,0.02612132
522.53534300,0.02776158
522.76069459,0.02985862
522.98605947,0.03174804
523.21143764,0.03183109
523.43682910,0.03519466
523.66223383,0.03278618
523.88765185,0.03336753
524.11308315,0.03444720
524.33852772,0.03459254
524.56398556,0.03386584
524.78945667,0.03901501
525.01494104,0.03907730
525.24043868,0.03727094
525.46594959,0.04028154
525.69147374,0.04738242
525.91701116,0.04221248
526.14256182,0.03826755
526.36812574,0.03650272
526.59370290,0.04038536
526.81929331,0.03988705
527.04489696,0.03729170
527.27051384,0.03774848
527.49614396,0.04127816
527.72178732,0.03974171
527.94744390,0.04075909
528.17311372,0.04001163
528.39879675,0.04256545
528.62449301,0.03972095
528.85020249,0.04663496
529.07592518,0.04073832
529.30166109,0.04059299
529.52741021,0.04563834
529.75317254,0.05004005
529.97894807,0.04258621
530.20473680,0.04960404
530.43053874,0.04896039
530.65635387,0.06503079
530.88218219,0.05180489
531.10802371,0.05892653
531.33387841,0.05498160
531.55974630,0.05354897
531.78562738,0.05618584
532.01152163,0.05930026
532.23742906,0.05313371
532.46334967,0.05300913
532.68928344,0.05400575
532.91523039,0.05467016
533.14119051,0.05819983
533.36716378,0.05292608
533.59315022,0.05494007
533.81914982,0.05437948
534.04516257,0.06600664
534.27118847,0.05668415
534.49722752,0.05373583
534.72327973,0.05527228
534.94934507,0.05367354
535.17542356,0.06191637
535.40151518,0.05844898
535.62761994,0.05367354
535.85373784,0.05114048
536.07986886,0.06166722
536.30601301,0.05780534
536.53217029,0.05805449
536.75834069,0.05651805
536.98452420,0.05757695
537.21072084,0.06152188
537.43693059,0.06108586
537.66315345,0.05383965
537.88938941,0.05778458
538.11563848,0.05817907
538.34190066,0.06137654
538.56817593,0.05712017
538.79446431,0.05986085
539.02076577,0.05936255
539.24708033,0.06509308
539.47340798,0.06658800
539.69974871,0.06405494
539.92610252,0.06239392
540.15246942,0.05996467
540.37884939,0.06407570
540.60524244,0.07262997
540.83164856,0.06764690
541.05806775,0.07204861
541.28450001,0.07196556
541.51094533,0.07755075
541.73740371,0.07659566
541.96387515,0.07412489
542.19035965,0.06725241
542.41685719,0.07748846
542.64336779,0.07672024
542.86989144,0.07881728
543.09642813,0.06598588
543.32297786,0.07325285
543.54954063,0.06602740
543.77611643,0.07568210
544.00270527,0.07040835
544.22930714,0.07860965
544.45592204,0.07113505
544.68254996,0.07427023
544.90919091,0.06822826
545.13584487,0.07549524
545.36251185,0.06945326
545.58919184,0.06853970
545.81588485,0.06924564
546.04259086,0.06918335
546.26930988,0.06937021
546.49604191,0.07134268
546.72278693,0.06654647
546.94954495,0.07262997
547.17631596,0.06619351
547.40309997,0.07001386
547.62989696,0.07194480
547.85670694,0.07547447
548.08352991,0.08672791
548.31036585,0.06988928
548.53721477,0.07595202
548.76407667,0.07931559
548.99095154,0.07856813
549.21783938,0.07159183
549.44474018,0.07352277
549.67165395,0.07497617
549.89858069,0.07611812
550.12552038,0.07337743
550.35247302,0.07383421
550.57943862,0.07356430
550.80641717,0.07645032
551.03340866,0.07939864
551.26041310,0.07842279
551.48743048,0.08346815
551.71446081,0.08552366
551.94150406,0.08951012
552.16856025,0.09104657
552.39562937,0.09196013
552.62271142,0.08930249
552.84980640,0.09038216
553.07691429,0.09034063
553.30403511,0.09223004
553.53116884,0.09318513
553.75831549,0.09405717
553.98547505,0.09785676
554.21264752,0.09889490
554.43983289,0.09650718
554.66703116,0.10196779
554.89424234,0.10022372
555.12146641,0.10720002
555.34870338,0.10634874
555.57595324,0.11303436
555.80321599,0.11396869
556.03049162,0.10991994
556.25778014,0.10396102
556.48508154,0.11592039
556.71239582,0.11691700
556.93972297,0.11473691
557.16706300,0.11301360
557.39441589,0.11600344
557.62178165,0.12069583
557.84916028,0.11388564
558.07655177,0.11450852
558.30395611,0.11780980
558.53137331,0.11637717
558.75880337,0.11276444
558.98624627,0.11467462
559.21370202,0.11367801
559.44117062,0.11066740
559.66865206,0.11837040
559.89614634,0.11581657
560.12365345,0.10794748
560.35117340,0.10782290
560.57870618,0.10286059
560.80625179,0.09978770
561.03381022,0.09538599
561.26138148,0.09629955
561.48896555,0.10132415
561.71656244,0.09702625
561.94417215,0.09468005
562.17179467,0.09397412
562.39942999,0.09196013
562.62707812,0.09102580
562.85473906,0.09677710
563.08241279,0.09895719
563.31009933,0.09090123
563.53779866,0.10313051
563.76551078,0.09856270
563.99323568,0.09947626
564.22097338,0.10061821
564.44872386,0.09852117
564.67648712,0.09980846
564.90426316,0.09856270
565.13205197,0.09507455
565.35985356,0.09818897
565.58766792,0.10192627
565.81549504,0.10248686
566.04333493,0.10582967
566.27118758,0.09737922
566.49905298,0.09758684
566.72693115,0.09555209
566.95482207,0.09993304
567.18272573,0.09364191
567.41064215,0.09897795
567.63857131,0.09719235
567.86651321,0.09796057
568.09446785,0.09112962
568.32243523,0.09677710
568.55041534,0.09671481
568.77840819,0.09648642
569.00641376,0.09185631
569.23443206,0.09293598
569.46246308,0.09225081
569.69050682,0.09166945
569.91856327,0.09245844
570.14663244,0.09237538
570.37471433,0.08963470
570.60280892,0.09476311
570.83091622,0.09160716
571.05903622,0.09306056
571.28716892,0.09256225
571.51531432,0.09328895
571.74347241,0.10155254
571.97164320,0.09237538
572.19982667,0.09490844
572.42802284,0.09708854
572.65623168,0.09636184
572.88445321,0.10186398
573.11268742,0.09764913
573.34093430,0.09368344
573.56919385,0.09553133
573.79746608,0.09530294
574.02575097,0.10387797
574.25404853,0.10421017
574.48235874,0.10153177
574.71068162,0.10734536
574.93901715,0.10894409
575.16736534,0.11455004
575.39572618,0.11893099
575.62409966,0.12090346
575.85248579,0.11324199
576.08088456,0.11469538
576.30929597,0.11745684
576.53772002,0.11450852
576.76615671,0.11837040
576.99460602,0.11907633
577.22306796,0.11915938
577.45154253,0.12358186
577.68002972,0.12376872
577.90852953,0.11795514
578.13704196,0.11656404
578.36556700,0.12308355
578.59410465,0.11330428
578.82265492,0.11604497
579.05121779,0.11648098
579.27979326,0.11355343
579.50838133,0.11380258
579.73698201,0.11477844
579.96559527,0.11486149
580.19422113,0.11459157
580.42285958,0.11286826
580.65151062,0.11261910
580.88017424,0.10915172
581.10885044,0.11228690
581.33753922,0.11461233
581.56624057,0.11382335
581.79495450,0.11334580
582.02368100,0.10894409
582.25242007,0.10929706
582.48117170,0.11538056
582.70993589,0.11733226
582.93871264,0.11868184
583.16750195,0.11428013
583.39630381,0.11467462
583.62511822,0.11151868
583.85394518,0.10728307
584.08278469,0.11272292
584.31163674,0.11124876
584.54050133,0.11110342
584.76937845,0.11915938
584.99826811,0.12036363
585.22717030,0.12623950
585.45608502,0.12196236
585.68501226,0.13529207
585.91395203,0.13097341
586.14290432,0.12935391
586.37186912,0.12794204
586.60084644,0.13091112
586.82983628,0.13313274
587.05883862,0.13668318
587.28785347,0.13722301
587.51688082,0.14249676
587.74592067,0.14075269
587.97497302,0.14411626
588.20403787,0.14345185
588.43311520,0.15281587
588.66220503,0.15850487
588.89130735,0.16110022
589.12042215,0.16230446
589.34954943,0.16863711
589.57868919,0.16691380
589.80784142,0.17291425
590.03700613,0.16608329
590.26618331,0.15784046
590.49537296,0.15896165
590.72457507,0.14515440
590.95378964,0.14754212
591.18301667,0.14812348
591.41225616,0.14507135
591.64150811,0.13722301
591.87077250,0.14640016
592.10004934,0.14403321
592.32933863,0.14199845
592.55864036,0.13975607
592.78795453,0.14006751
593.01728114,0.14864255
593.24662018,0.14731373
593.47597165,0.14432389
593.70533555,0.13963150
593.93471188,0.14629635
594.16410063,0.14253829
594.39350180,0.14241371
594.62291539,0.14042048
594.85234140,0.14233066
595.08177981,0.14471838
595.31123064,0.13317427
595.54069387,0.13417088
595.77016951,0.13417088
595.99965755,0.13259291
596.22915798,0.14062811
596.45867081,0.13730606
596.68819604,0.14407473
596.91773365,0.14064887
597.14728365,0.14579804
597.37684603,0.14039972
597.60642080,0.14195693
597.83600795,0.14378405
598.06560747,0.15235909
598.29521936,0.14669084
598.52484363,0.15372943
598.75448026,0.15464299
598.98412926,0.15078111
599.21379062,0.15134171
599.44346434,0.15300273
599.67315042,0.16365404
599.90284885,0.16076802
600.13255963,0.17081721
600.36228276,0.17162695
600.59201824,0.17521892
600.82176606,0.17675536
601.05152622,0.17793884
601.28129871,0.18074182
601.51108354,0.18541345
601.74088070,0.18601557
601.97069019,0.18817490
602.20051201,0.18018122
602.43034615,0.18335793
602.66019261,0.18823719
602.89005139,0.18956601
603.11992249,0.18861092
603.34980589,0.19259737
603.57970161,0.19942833
603.80960963,0.20160842
604.03952996,0.20378852
604.26946259,0.21416991
604.49940751,0.21657840
604.72936474,0.21043261
604.95933425,0.21757501
605.18931606,0.22519495
605.41931015,0.22463436
605.64931653,0.22731276
605.87933519,0.22411529
606.10936612,0.23669754
606.33940934,0.24151451
606.56946483,0.25071242
606.79953259,0.24772258
607.02961261,0.24921750
607.25970490,0.25447049
607.48980946,0.25608999
607.71992627,0.25860228
607.95005534,0.26431205
608.18019667,0.28085999
608.41035024,0.28349687
608.64051607,0.29443886
608.87069414,0.31401817
609.10088445,0.32016396
609.33108700,0.32385973
609.56130179,0.32172117
609.79152882,0.32113981
610.02176808,0.31545080
610.25201956,0.31773471
610.48228328,0.32510550
610.71255921,0.33731402
610.94284737,0.34065683
611.17314775,0.34808991
611.40346034,0.34518312
611.63378514,0.34049073
611.86412215,0.33166654
612.09447137,0.32410889
612.32483280,0.31765166
612.55520642,0.30762323
612.78559225,0.28945579
613.01599027,0.27064470
613.24640048,0.26582773
613.47682288,0.25417981
613.70725747,0.25008954
613.93770425,0.23665601
614.16816321,0.22976277
614.39863434,0.22561021
614.62911766,0.21857162
614.85961314,0.21595551
615.09012080,0.20949828
615.32064063,0.20484742
615.55117262,0.19685375
615.78171677,0.19486052
616.01227308,0.19743510
616.24284156,0.19706137
616.47342218,0.19211983
616.70401496,0.20293724
616.93461988,0.19450755
617.16523695,0.19492281
617.39586617,0.18462446
617.62650752,0.18539268
617.85716101,0.17771045
618.08782664,0.17401468
618.31850440,0.16398625
618.54919429,0.16116251
618.77989630,0.15983369
619.01061044,0.15109256
619.24133670,0.14561118
619.47207508,0.14478067
619.70282557,0.14062811
619.93358818,0.14297430
620.16436289,0.12513907
620.39514972,0.12704924
620.62594864,0.11481996
620.85675967,0.11461233
621.08758280,0.11012757
621.31841802,0.10869494
621.54926534,0.10686781
621.78012475,0.10022372
622.01099624,0.09166945
622.24187982,0.09472158
622.47277549,0.10157330
622.70368323,0.10153177
622.93460305,0.09401564
623.16553494,0.09322666
623.39647890,0.09308132
623.62743493,0.09912329
623.85840303,0.09540675
624.08938319,0.09434785
624.32037541,0.09276988
624.55137968,0.09407793
624.78239602,0.08517070
625.01342440,0.08018763
625.24446483,0.07852660
625.47551731,0.07752999
625.70658183,0.07989695
625.93765839,0.08228467
626.16874699,0.08112195
626.39984763,0.07466472
626.63096029,0.08105966
626.86208499,0.08313594
627.09322171,0.08786986
627.32437046,0.09162792
627.55553123,0.09652794
627.78670401,0.09557285
628.01788882,0.10499916
628.24908563,0.10950469
628.48029446,0.10587120
628.71151529,0.10977460
628.94274813,0.11922167
629.17399296,0.12785899
629.40524980,0.12804586
629.63651863,0.13489758
629.86779946,0.13983912
630.09909228,0.14187388
630.33039709,0.14527897
630.56171388,0.15543198
630.79304265,0.14982603
631.02438340,0.15962606
631.25573613,0.15821419
631.48710084,0.16579261
631.71847751,0.16633244
631.94986615,0.17814647
632.18126676,0.18452065
632.41267933,0.19124779
632.64410387,0.19290882
632.87554035,0.20088173
633.10698880,0.20941523
633.33844919,0.21207287
633.56992154,0.22492504
633.80140583,0.23183905
634.03290207,0.23229583
634.26441024,0.23491194
634.49593035,0.24330011
634.72746240,0.24639376
634.95900638,0.24114078
635.19056229,0.25042174
635.42213013,0.26559934
635.65370989,0.26495570
635.88530158,0.26375146
636.11690518,0.27429895
636.34852069,0.28393289
636.58014812,0.29904820
636.81178746,0.30996943
637.04343871,0.31441266
637.27510187,0.29996176
637.50677692,0.29688887
637.73846387,0.29782319
637.97016272,0.29807235
638.20187347,0.31102833
638.43359610,0.30710416
638.66533062,0.30886900
638.89707703,0.31096604
639.12883532,0.30143592
639.36060549,0.30363678
639.59238754,0.30553875
639.82418146,0.31307555
640.05598725,0.30652780
640.28780491,0.31298932
640.51963444,0.31785160
640.75147583,0.29296075
640.98332908,0.29918771
641.21519419,0.29763100
641.44707115,0.29714596
641.67895997,0.29021398
641.91086063,0.28504006
642.14277314,0.27913874
642.37469750,0.27191145
642.60663369,0.26740170
642.83858172,0.27079158
643.07054159,0.27589001
643.30251329,0.27290333
643.53449683,0.28071209
643.76649218,0.27560302
643.99849937,0.26675574
644.23051837,0.26163413
644.46254919,0.26084516
644.69459183,0.25729776
644.92664628,0.25798578
645.15871254,0.24981041
645.39079061,0.23906337
645.62288049,0.24825971
645.85498217,0.23658883
646.08709564,0.23203394
646.31922091,0.21827254
646.55135798,0.23411139
646.78350684,0.22574819
647.01566748,0.22589019
647.24783991,0.21694201
647.48002413,0.21310044
647.71222012,0.21254851
647.94442789,0.22718954
648.17664744,0.23224476
648.40887875,0.23293750
648.64112184,0.22506056
648.87337669,0.21690410
649.10564331,0.21134379
649.33792168,0.22028700
649.57021181,0.22052335
649.80251370,0.21975999
650.03482734,0.21451895
650.26715273,0.21663594
650.49948987,0.21279593
650.73183875,0.21138770
650.96419937,0.20800221
651.19657173,0.20354402
651.42895582,0.20222452
651.66135165,0.20773521
651.89375921,0.20264945
652.12617849,0.20952576
652.35860950,0.21227103
652.59105224,0.20889144
652.82350669,0.21366683
653.05597285,0.22303763
653.28845073,0.22393493
653.52094032,0.22427586
653.75344162,0.23148451
653.98595462,0.23279230
654.21847933,0.23305670
654.45101573,0.22294595
654.68356383,0.22781531
654.91612363,0.22782518
655.14869511,0.22036360
655.38127829,0.22387577
655.61387315,0.21491817
655.84647969,0.21913789
656.07909792,0.21666280
656.31172782,0.21415916
656.54436939,0.20772021
656.77702264,0.20712726
657.00968756,0.21775199
657.24236414,0.22554788
657.47505238,0.23038247
657.70775229,0.23132180
657.94046385,0.23858915
658.17318707,0.24277080
658.40592195,0.24504204
658.63866847,0.24907874
658.87142663,0.24989017
659.10419645,0.24741845
659.33697790,0.24731852
659.56977099,0.24592576
659.80257572,0.24004359
660.03539208,0.24209807
660.26822007,0.23861904
660.50105969,0.23649423
660.73391093,0.24140938
660.96677380,0.24459675
661.19964828,0.24224695
661.43253438,0.24494810
661.66543209,0.23778386
661.89834142,0.23587979
662.13126235,0.22582415
662.36419489,0.22747189
662.59713903,0.24420081
662.83009477,0.22912719
663.06306210,0.23273718
663.29604103,0.24066866
663.52903155,0.24623277
663.76203367,0.24143333
663.99504736,0.23891375
664.22807264,0.24222247
664.46110950,0.23370500
664.69415794,0.22582427
664.92721795,0.21757406
665.16028953,0.21059344
665.39337269,0.19960507
665.62646740,0.19305240
665.85957369,0.19726814
666.09269153,0.18808970
666.32582093,0.18461352
666.55896189,0.17701283
666.79211440,0.18557955
667.02527846,0.18674227
667.25845406,0.18578718
667.49164121,0.17887317
667.72483991,0.17845791
667.95805014,0.17391086
668.19127190,0.16753669
668.42450520,0.17505282
668.65775003,0.16494134
668.89100639,0.16948839
669.12427427,0.17714986
669.35755368,0.17739901
669.59084460,0.17347484
669.82414704,0.17586256
670.05746099,0.18036809
670.29078646,0.18134394
670.52412343,0.17413925
670.75747191,0.18028504
670.99083189,0.18522658
671.22420337,0.18094945
671.45758635,0.18780117
671.69098082,0.19207830
671.92438678,0.19697832
672.15780424,0.20654997
672.39123317,0.20729743
672.62467360,0.21647458
672.85812550,0.21898688
673.09158888,0.22027417
673.32506373,0.21568560
673.55855006,0.21672374
673.79204785,0.21416991
674.02555712,0.21346398
674.25907784,0.21034956
674.49261003,0.21508348
674.72615367,0.21157456
674.95970878,0.21670297
675.19327533,0.21562331
675.42685333,0.21842628
675.66044278,0.21946442
675.89404368,0.23169371
676.12765601,0.23966662
676.36127979,0.23040641
676.59491500,0.24722427
676.82856165,0.23603313
677.06221972,0.23723737
677.29588922,0.24487808
677.52957015,0.24639376
677.76326250,0.23756958
677.99696627,0.22841319
678.23068146,0.23543101
678.46440806,0.22957590
678.69814607,0.22095934
678.93189549,0.21892459
679.16565631,0.21402457
679.39942854,0.20138003
679.63321217,0.19726900
679.86700720,0.20113088
680.10081361,0.19361475
680.33463143,0.19064567
680.56846063,0.18391853
680.80230121,0.18011894
681.03615318,0.19108169
681.27001653,0.18381471
681.50389126,0.18778041
681.73777736,0.18057572
681.97167484,0.17723291
682.20558368,0.18144775
682.43950390,0.18468675
682.67343547,0.17121170
682.90737841,0.18034733
683.14133270,0.17366171
683.37529836,0.16386167
683.60927536,0.16737058
683.84326371,0.16909389
684.07726341,0.16930152
684.31127446,0.17119094
684.54529685,0.16930152
684.77933057,0.17420154
685.01337564,0.18028504
685.24743203,0.18719905
685.48149976,0.20482666
685.71557881,0.21176143
685.94966919,0.21508348
686.18377090,0.22440597
686.41788392,0.23584627
686.65200826,0.24149374
686.88614391,0.24880225
687.12029088,0.25168827
687.35444915,0.24325858
687.58861873,0.24469121
687.82279961,0.24404757
688.05699179,0.24180519
688.29119527,0.24047637
688.52541004,0.24240731
688.75963611,0.24415138
688.99387346,0.24564630
689.22812210,0.25035946
689.46238203,0.25980653
689.69665323,0.25858152
689.93093571,0.26595231
690.16522947,0.26624299
690.39953450,0.27025021
690.63385080,0.27627142
690.86817837,0.28609222
691.10251720,0.28796087
691.33686730,0.28756638
691.57122865,0.29084690
691.80560125,0.29190580
692.03998511,0.29373292
692.27438023,0.29223800
692.50878658,0.29693039
692.74320419,0.28837612
692.97763303,0.29549776
693.21207312,0.29622446
693.44652444,0.30087532
693.68098699,0.30967875
693.91546077,0.31680038
694.14994579,0.32527160
694.38444203,0.31999785
694.61894949,0.32080760
694.85346817,0.32736865
695.08799806,0.33324451
695.32253918,0.32882204
695.55709150,0.33482249
695.79165503,0.33716868
696.02622977,0.33498859
696.26081571,0.32900891
696.49541285,0.33476020
696.73002119,0.33667038
696.96464072,0.33494706
697.19927145,0.33220638
697.43391336,0.33235171
697.66856647,0.33839369
697.90323075,0.33982632
698.13790622,0.33559071
698.37259286,0.33791614
698.60729068,0.34312760
698.84199967,0.33592291
699.07671984,0.34418651
699.31145117,0.35126662
699.54619366,0.36021538
699.78094731,0.36764846
700.01571213,0.39177482
700.25048810,0.39337356
700.48527522,0.41612957
700.72007349,0.42316816
700.95488292,0.42889869
701.18970348,0.44787588
701.42453519,0.45254751
701.65937804,0.47667387
701.89423202,0.47513742
702.12909714,0.48695145
702.36397339,0.47978829
702.59886077,0.47910312
702.83375927,0.47100563
703.06866889,0.45153013
703.30358964,0.43961229
703.53852150,0.43685084
703.77346448,0.42374952
704.00841857,0.41232998
704.24338376,0.41326431
704.47836007,0.39522144
704.71334748,0.38957396
704.94834598,0.36654803
705.18335559,0.36696329
705.41837629,0.35741240
705.65340808,0.36440946
705.88845096,0.37205017
706.12350493,0.37867350
706.35856998,0.36706710
706.59364612,0.37800909
706.82873333,0.37514383
707.06383161,0.38313750
707.29894097,0.38135190
707.53406141,0.39192016
707.76919290,0.40018375
708.00433546,0.42626182
708.23948909,0.43807584
708.47465377,0.44307968
708.70982951,0.43255294
708.94501630,0.44370256
709.18021414,0.43078810
709.41542303,0.44307968
709.65064297,0.44283052
709.88587395,0.43475380
710.12111597,0.43278133
710.35636902,0.40888336
710.59163311,0.41012913
710.82690823,0.39439093
711.06219437,0.38571209
711.29749155,0.39023837
711.53279974,0.38969854
711.76811896,0.40439860
712.00344920,0.39335279
712.23879044,0.39912485
712.47414270,0.40871726
712.70950597,0.39783756
712.94488025,0.38809981
713.18026553,0.39538755
713.41566181,0.37678409
713.65106908,0.37379424
713.88648736,0.36831287
714.12191662,0.36137810
714.35735688,0.35004161
714.59280812,0.34680262
714.82827034,0.33949411
715.06374355,0.32647585
715.29922774,0.31943726
715.53472290,0.32099447
715.77022903,0.30870290
716.00574614,0.32151354
716.24127421,0.31746479
716.47681324,0.31192113
716.71236324,0.31289698
716.94792420,0.31289698
717.18349611,0.31889743
717.41907898,0.31792158
717.65467280,0.31935421
717.89027757,0.31079994
718.12589328,0.30608679
718.36151993,0.29578844
718.59715752,0.28675663
718.83280605,0.28067313
719.06846552,0.27683201
719.30413591,0.28320619
719.53981724,0.27525404
719.77550949,0.28443119
720.01121266,0.29767785
720.24692676,0.31333300
720.48265177,0.32020548
720.71838769,0.33249705
720.95413453,0.33253858
721.18989228,0.34973017
721.42566093,0.34983398
721.66144049,0.36206327
721.89723095,0.36343361
722.13303231,0.37321289
722.36884456,0.36389039
722.60466770,0.36505311
722.84050173,0.37225780
723.07634666,0.37070059
723.31220246,0.37105356
723.54806915,0.36669337
723.78394671,0.34431108
724.01983515,0.33293307
724.25573447,0.31254401
724.49164465,0.31038468
724.72756571,0.29294394
724.96349762,0.28349687
725.19944040,0.28368373
725.43539404,0.27602226
725.67135854,0.26478960
725.90733388,0.25833237
726.14332008,0.25681668
726.37931713,0.24560478
726.61532503,0.23615771
726.85134376,0.23468355
727.08737334,0.23713356
727.32341375,0.22988734
727.55946500,0.22656530
727.79552708,0.22768649
728.03159998,0.22689750
728.26768372,0.22598394
728.50377827,0.23869077
728.73988365,0.23781873
728.97599985,0.23947975
729.21212686,0.24529333
729.44826468,0.24261494
729.68441331,0.24620690
729.92057275,0.24790945
730.15674299,0.24886453
730.39292403,0.25322472
730.62911587,0.24496113
730.86531851,0.23916831
731.10153194,0.23385304
731.33775616,0.22588013
731.57399117,0.21965129
731.81023696,0.20283343
732.04649353,0.19805799
732.28276088,0.18674227
732.51903901,0.18491514
732.75532791,0.17156467
732.99162758,0.16768202
733.22793802,0.16213836
733.46425923,0.16089259
733.70059119,0.15321036
733.93693392,0.14905780
734.17328740,0.14785356
734.40965164,0.14627559
734.64602662,0.14436541
734.88241236,0.14588109
735.11880884,0.14720991
735.35521607,0.14947306
735.59163403,0.14426160
735.82806273,0.15030357
736.06450217,0.15445613
736.30095234,0.15582647
736.53741323,0.16448456
736.77388486,0.18518506
737.01036720,0.18865244
737.24686027,0.20713133
737.48336406,0.21497966
737.71987856,0.23283566
737.95640377,0.24323782
738.19293969,0.25131454
738.42948632,0.27512946
738.66604365,0.28864604
738.90261169,0.28549010
739.13919042,0.29479183
739.37577985,0.29161512
739.61237997,0.28563544
739.84899078,0.29443886
740.08561228,0.28652824
740.32224446,0.27361378
740.55888732,0.26923283
740.79554087,0.25058785
741.03220509,0.23914755
741.26887998,0.22893226
741.50556555,0.21977587
741.74226178,0.20881311
741.97896868,0.20613471
742.21568624,0.19980206
742.45241446,0.18813337
742.68915333,0.18213293
742.92590286,0.17893546
743.16266304,0.17577951
743.39943387,0.17133628
743.63621535,0.17090026
743.87300747,0.16888627
744.10981023,0.16058115
744.34662363,0.16120403
744.58344766,0.15983369
744.82028232,0.15985445
745.05712761,0.16184768
745.29398353,0.16087183
745.53085007,0.15711376
745.76772724,0.15254595
746.00461502,0.14808195
746.24151341,0.14604720
746.47842242,0.14691923
746.71534204,0.14257981
746.95227227,0.14860102
747.18921310,0.14876712
747.42616453,0.14824805
747.66312656,0.16232522
747.90009918,0.15514130
748.13708240,0.16180616
748.37407621,0.16384091
748.61108061,0.16147395
748.84809559,0.15894089
749.08512115,0.16288582
749.32215730,0.15267053
749.55920401,0.15769512
749.79626131,0.16093412
750.03332917,0.16265743
750.27040760,0.16168158
750.50749660,0.16793118
750.74459616,0.16647778
750.98170628,0.16089259
751.21882695,0.16313497
751.45595818,0.15613791
751.69309997,0.15815190
751.93025230,0.15983369
752.16741517,0.14839339
752.40458859,0.15489215
752.64177256,0.15188154
752.87896705,0.15076035
753.11617209,0.14600567
753.35338765,0.15545274
753.59061374,0.14901628
753.82785037,0.15541122
754.06509751,0.16533583
754.30235518,0.16732906
754.53962336,0.18020199
754.77690206,0.18219522
755.01419127,0.19029270
755.25149099,0.20870930
755.48880122,0.22081401
755.72612195,0.23036489
755.96345319,0.23696746
756.20079492,0.23740347
756.43814715,0.23468355
756.67550987,0.23918907
756.91288309,0.23632381
757.15026679,0.23941747
757.38766097,0.23260727
757.62506564,0.22619157
757.86248079,0.22239198
758.09990641,0.21909069
758.33734251,0.22334707
758.57478908,0.21578941
758.81224612,0.21271652
759.04971362,0.20333174
759.28719159,0.19463213
759.52468001,0.18157233
759.76217889,0.18541345
759.99968823,0.17704604
760.23720802,0.16259514
760.47473826,0.15470528
760.71227894,0.15161163
760.94983007,0.14334803
761.18739164,0.13863488
761.42496364,0.13639250
761.66254608,0.14797814
761.90013895,0.14930696
762.13774226,0.15343875
762.37535598,0.14810271
762.61298014,0.14606796
762.85061471,0.14770822
763.08825970,0.15337646
763.32591511,0.15636630
763.56358093,0.15852563
763.80125716,0.16359176
764.03894380,0.16984135
764.27664084,0.17976597
764.51434829,0.17843715
764.75206613,0.18925456
764.98979437,0.19168381
765.22753300,0.19261814
765.46528203,0.20634234
765.70304144,0.21167838
765.94081124,0.21223897
766.17859142,0.21686908
766.41638197,0.21946442
766.65418291,0.21396228
766.89199422,0.20779574
767.12981590,0.19191220
767.36764795,0.18832024
767.60549036,0.18614015
767.84334314,0.18470751
768.08120628,0.17642316
768.31907977,0.17173077
768.55696362,0.17640240
768.79485782,0.17609095
769.03276238,0.16973754
769.27067727,0.17640240
769.50860251,0.17027737
769.74653809,0.18043038
769.98448401,0.17663079
770.22244027,0.17555112
770.46040685,0.18472828
770.69838377,0.17976597
770.93637101,0.17970368
771.17436858,0.17916385
771.41237647,0.18047190
771.65039468,0.18371090
771.88842320,0.18966982
772.12646204,0.18890160
772.36451118,0.18547574
772.60257064,0.18321259
772.84064039,0.17997360
773.07872045,0.17611172
773.31681081,0.17129475
773.55491147,0.17036042
773.79302242,0.17382781
774.03114366,0.17166848
774.26927519,0.16541888
774.50741700,0.16143242
774.74556910,0.15881631
774.98373147,0.15647012
775.22190413,0.15821419
775.46008705,0.15275358
775.69828025,0.14932772
775.93648372,0.15159086
776.17469745,0.15283663
776.41292145,0.15534893
776.65115570,0.15289892
776.88940022,0.15752902
777.12765499,0.14995060
777.36592001,0.15904470
777.60419528,0.15788199
777.84248079,0.15252519
778.08077655,0.15080188
778.31908256,0.15595105
778.55739879,0.14098108
778.79572527,0.14664932
779.03406198,0.14363871
779.27240891,0.14025438
779.51076608,0.13342342
779.74913346,0.13985989
779.98751107,0.14245523
780.22589890,0.15790275
780.46429695,0.13510521
780.70270520,0.13466919
780.94112367,0.13028824
781.17955235,0.13647555
781.41799123,0.12794204
781.65644031,0.13871793
781.89489959,0.13124333
782.13336907,0.13321579
782.37184874,0.13080731
782.61033861,0.13331961
782.84883866,0.13452385
783.08734890,0.12794204
783.32586931,0.12920857
783.56439991,0.13639250
783.80294069,0.13047510
784.04149164,0.13944463
784.28005276,0.14444846
784.51862406,0.15063577
784.75720551,0.15161163
784.99579713,0.15676080
785.23439891,0.15865021
785.47301085,0.15744597
785.71163295,0.15742521
785.95026519,0.15885784
786.18890759,0.15794428
786.42756013,0.14922390
786.66622282,0.14631711
786.90489564,0.15146629
787.14357861,0.14160396
787.38227171,0.14017133
787.62097494,0.13371410
787.85968831,0.13091112
788.09841180,0.12387254
788.33714541,0.12239838
788.57588915,0.11515217
788.81464301,0.11305512
789.05340698,0.11554666
789.29218106,0.11334580
789.53096526,0.11361572
789.76975956,0.10809282
790.00856397,0.10911019
790.24737848,0.12194160
790.48620309,0.11608649
790.72503780,0.12497297
790.96388260,0.12825349
791.20273749,0.12667551
791.44160247,0.11621107
791.68047754,0.11268139
791.91936269,0.10555976
792.15825792,0.11072969
792.39716323,0.11085427
792.63607861,0.11008604
792.87500406,0.10840426
793.11393958,0.11930472
793.35288517,0.11425937
793.59184082,0.11726997
793.83080653,0.11498606
794.06978230,0.12013523
794.30876813,0.13074502
794.54776401,0.12563737
794.78676993,0.12119414
795.02578591,0.13228147
795.26481193,0.12459923
795.50384798,0.12181702
795.74289408,0.12243990
795.98195022,0.12704924
796.22101638,0.12509754
796.46009258,0.12669628
796.69917880,0.13246833
796.93827505,0.12503525
797.17738132,0.12372720
797.41649761,0.12785899
797.65562392,0.13784590
797.89476024,0.13172087
798.13390657,0.13022595
798.37306290,0.14000523
798.61222925,0.12833654
798.85140559,0.13487682
799.09059194,0.12812891
799.32978828,0.13958997
799.56899462,0.12306279
799.80821094,0.12752679
800.04743726,0.12565814
800.28667356,0.11841192
800.52591985,0.11741531
800.76517611,0.11949159
801.00444236,0.11971998
801.24371857,0.12005218
801.48300476,0.12499373
801.72230092,0.12765137
801.96160705,0.13014290
802.20092314,0.13728530
802.44024919,0.13421241
802.67958519,0.13873870
802.91893116,0.13898785
803.15828707,0.14498829
803.39765294,0.14554889
803.63702875,0.15790275
803.87641450,0.15055272
804.11581020,0.16026971
804.35521584,0.16477523
804.59463141,0.16618710
804.83405692,0.16724601
805.07349235,0.17613248
805.31293772,0.17416002
805.55239300,0.16932229
805.79185821,0.17023585
806.03133334,0.17013203
806.27081839,0.16699685
806.51031335,0.16120403
806.74981822,0.16541888
806.98933300,0.16018666
807.22885768,0.15393706
807.46839227,0.14953535
807.70793675,0.14631711
807.94749114,0.15098874
808.18705542,0.14247600
808.42662959,0.14764593
808.66621364,0.14563194
808.90580759,0.14249676
809.14541141,0.13776284
809.38502512,0.13340266
809.62464871,0.12871027
809.86428217,0.12640560
810.10392550,0.11573352
810.34357870,0.11276444
810.58324177,0.11525598
810.82291470,0.10043135
811.06259749,0.09586353
811.30229015,0.10321356
811.54199265,0.09337200
811.78170501,0.08888724
812.02142722,0.07925330
812.26115928,0.07568210
812.50090118,0.07553676
812.74065292,0.06723165
812.98041450,0.06042145
813.22018592,0.06951555
813.45996717,0.05724474
813.69975825,0.05832441
813.93955916,0.05251083
814.17936989,0.05545914
814.41919045,0.04729937
814.65902083,0.05213710
814.89886102,0.04611589
815.13871102,0.04657267
815.37857084,0.04204638
815.61844047,0.04333367
815.85831990,0.04329215
816.09820913,0.04003239
816.33810817,0.03596288
816.57801700,0.03394889
816.81793562,0.03594212
817.05786404,0.03517390
817.29780225,0.02877896
817.53775024,0.03043998
817.77770801,0.02813531
818.01767557,0.02215563
818.25765290,0.02176113
818.49764001,0.02614208
818.73763689,0.02510394
818.97764354,0.02607979
819.21765996,0.02838446
819.45768614,0.02495860
819.69772209,0.02346368
819.93776779,0.02302766
820.17782324,0.02512471
820.41788845,0.02354673
820.65796341,0.02308995
820.89804812,0.01875053
821.13814257,0.02063994
821.37824677,0.02354673
821.61836070,0.02311072
821.85848437,0.02242554
822.09861777,0.02981710
822.33876090,0.03154041
822.57891376,0.03384508
822.81907635,0.03886967
823.05924866,0.04185952
823.29943069,0.05479473
823.53962243,0.07009691
823.77982389,0.08544061
824.02003506,0.09457624
824.26025594,0.10738688
824.50048652,0.12949925
824.74072681,0.13946539
824.98097680,0.15771589
825.22123648,0.16996593
825.46150586,0.19569103
825.70178493,0.20221055
825.94207369,0.20848091
826.18237214,0.21892459
826.42268027,0.23277337
826.66299808,0.23607466
826.90332557,0.24373613
827.14366273,0.24012340
827.38400957,0.25480269
827.62436608,0.25474040
827.86473225,0.26152984
828.10510809,0.26746800
828.34549359,0.26317010
828.58588874,0.26217348
828.82629356,0.26387603
829.06670802,0.26503875
829.30713214,0.26798706
829.54756590,0.26611841
829.78800931,0.26508027
830.02846236,0.26773791
830.26892505,0.26314933
830.50939738,0.25542558
830.74987934,0.24344545
830.99037093,0.23497423
831.23087215,0.23109159
831.47138299,0.22270342
831.71190346,0.22561021
831.95243355,0.22579707
832.19297325,0.21495890
832.43352257,0.21969281
832.67408150,0.21753348
832.91465003,0.21190677
833.15522818,0.19870163
833.39581592,0.19853553
833.63641327,0.19814104
833.87702022,0.19039652
834.11763676,0.18219522
834.35826289,0.17820876
834.59889861,0.17615324
834.83954392,0.15647012
835.08019881,0.15617944
835.32086328,0.14787432
835.56153733,0.14731373
835.80222095,0.13074502
836.04291415,0.11675090
836.28361692,0.10971231
836.52432926,0.10587120
836.76505116,0.09866651
837.00578262,0.09513684
837.24652364,0.08824359
837.48727421,0.08492154
837.72803434,0.07838126
837.96880402,0.07437405
838.20958325,0.07248463
838.45037202,0.07578591
838.69117033,0.07699016
838.93197819,0.07341896
839.17279558,0.06891343
839.41362250,0.07962703
839.65445896,0.08232619
839.89530494,0.08670714
840.13616045,0.08301137
840.37702548,0.08458934
840.61790003,0.09125419
840.85878410,0.09337200
841.09967768,0.08803596
841.34058078,0.08753765
841.58149338,0.08564824
841.82241549,0.08616731
842.06334710,0.08523298
842.30428821,0.07869271
842.54523883,0.07630498
842.78619893,0.07576515
843.02716853,0.07098971
843.26814762,0.07136344
843.50913619,0.06557062
843.75013425,0.06241468
843.99114179,0.06357739
844.23215881,0.06123120
844.47318530,0.05817907
844.71422127,0.07125963
844.95526670,0.06274688
845.19632161,0.06067060
845.43738597,0.05662186
845.67845980,0.06056679
845.91954309,0.05595745
846.16063584,0.05186718
846.40173803,0.05192947
846.64284968,0.05996467
846.88397078,0.05471168
847.12510132,0.05616508
847.36624130,0.05824136
847.60739073,0.05568753
847.84854959,0.05880195
848.08971788,0.06008925
848.33089561,0.06085747
848.57208276,0.06685792
848.81327934,0.07231853
849.05448534,0.07165412
849.29570076,0.07277531
849.53692560,0.08137111
849.77815986,0.08130882
850.01940353,0.09264530
850.26065660,0.09100504
850.50191908,0.10379492
850.74319097,0.10138644
850.98447225,0.11197546
851.22576294,0.11479920
851.46706301,0.12399711
851.70837248,0.12970688
851.94969135,0.14995060
852.19101959,0.15719682
852.43235722,0.17289349
852.67370424,0.17544731
852.91506063,0.18148928
853.15642640,0.19035499
853.39780154,0.19477747
853.63918605,0.20032113
853.88057992,0.20754658
854.12198317,0.20760887
854.36339577,0.20910379
854.60481773,0.20256351
854.84624905,0.20293724
855.08768973,0.19868087
855.32913975,0.19131008
855.57059912,0.18495667
855.81206784,0.18890160
856.05354590,0.17370323
856.29503330,0.16593795
856.53653004,0.16406930
856.77803611,0.16581337
857.01955151,0.15860869
857.26107624,0.18202911
857.50261030,0.15709300
857.74415367,0.15659469
857.98570637,0.15086416
858.22726839,0.15453918
858.46883972,0.14980526
858.71042037,0.14590186
858.95201032,0.13925776
859.19360958,0.13381791
859.43521814,0.12653017
859.67683601,0.12069583
859.91846317,0.13689081
860.16009963,0.11108266
860.40174538,0.10844578
860.64340042,0.09866651
860.88506474,0.09922711
861.12673835,0.09494997
861.36842125,0.09200165
861.61011342,0.09723388
861.85181487,0.09403641
862.09352559,0.09391183
862.33524558,0.09555209
862.57697484,0.09254149
862.81871336,0.09592582
863.06046114,0.09719235
863.30221819,0.08992538
863.54398449,0.09877032
863.78576004,0.09492921
864.02754485,0.09125419
864.26933890,0.09183555
864.51114220,0.09220928
864.75295474,0.09038216
864.99477653,0.08890800
865.23660755,0.08477620
865.47844780,0.08184865
865.72029728,0.07927406
865.96215600,0.08213933
866.20402394,0.07966856
866.44590110,0.08097661
866.68778748,0.07570286
866.92968308,0.08153721
867.17158790,0.08004229
867.41350193,0.08350967
867.65542516,0.08340586
867.89735761,0.08672791
868.13929926,0.08830588
868.38125011,0.08618807
868.62321015,0.09289445
868.86517940,0.09492921
869.10715783,0.08766223
869.34914546,0.08909486
869.59114227,0.09148258
869.83314827,0.09069360
870.07516344,0.09281140
870.31718780,0.08625036
870.55922133,0.09333047
870.80126404,0.08828511
871.04331592,0.09125419
871.28537696,0.08757918
871.52744717,0.08591816
871.76952655,0.07827745
872.01161508,0.08450629
872.25371277,0.08988385
872.49581961,0.08558595
872.73793560,0.08861732
872.98006075,0.08585587
873.22219503,0.08670714
873.46433846,0.08757918
873.70649103,0.08776604
873.94865274,0.07705245
874.19082358,0.07431176
874.43300356,0.07194480
874.67519266,0.07240158
874.91739089,0.06818673
875.15959824,0.06498926
875.40181471,0.05846975
875.64404031,0.06139730
875.88627501,0.05494007
876.12851883,0.05788839
876.37077176,0.05900958
876.61303379,0.05157650
876.85530493,0.05226167
877.09758517,0.04750699
877.33987451,0.04702945
877.58217294,0.04993624
877.82448047,0.04997777
878.06679709,0.05402651
878.30912279,0.05319600
878.55145758,0.05448329
878.79380145,0.05583287
879.03615440,0.05518923
879.27851643,0.06243544
879.52088753,0.06102357
879.76326770,0.06305832
880.00565694,0.06968165
880.24805524,0.07094818
880.49046260,0.07341896
880.73287903,0.07121810
880.97530451,0.07954398
881.21773905,0.07530837
881.46018264,0.07314904
881.70263527,0.08589739
881.94509695,0.08365501
882.18756768,0.08463086
882.43004744,0.08614655
882.67253625,0.08658257
882.91503409,0.08371730
883.15754095,0.08132958
883.40005685,0.07740541
883.64258178,0.08078975
883.88511573,0.07472701
884.12765869,0.07323209
884.37021068,0.07069903
884.61277168,0.07472701
884.85534170,0.06982699
885.09792072,0.06679563
885.34050876,0.06382655
885.58310579,0.06758461
885.82571183,0.06577825
886.06832686,0.05909263
886.31095090,0.06579901
886.55358392,0.06129349
886.79622594,0.05610279
887.03887694,0.05377736
887.28153693,0.05398499
887.52420589,0.05479473
887.76688384,0.05714093
888.00957077,0.05311295
888.25226667,0.04862819
888.49497154,0.05172184
888.73768537,0.05132735
888.98040818,0.04576292
889.22313994,0.04206714
889.46588067,0.04634428
889.70863035,0.03999086
889.95138899,0.03926417
890.19415657,0.03965866
890.43693311,0.03471712
890.67971859,0.03332601
890.92251302,0.02796921
891.16531639,0.03089676
891.40812869,0.02298614
891.65094993,0.02522852
891.89378010,0.02815607
892.13661920,0.02456411
892.37946723,0.02952642
892.62232418,0.02794845
892.86519005,0.03201795
893.10806484,0.03396966
893.35094854,0.03997010
893.59384116,0.03700102
893.83674269,0.04250316
894.07965312,0.04374893
894.32257246,0.04777691
894.56550070,0.04997777
894.80843784,0.05533457
895.05138388,0.05149345
895.29433881,0.05670491
895.53730263,0.04810912
895.78027533,0.05240701
896.02325692,0.05163879
896.26624740,0.05180489
896.50924675,0.05637271
896.75225498,0.06067060
896.99527208,0.05572906
897.23829806,0.05732779
897.48133290,0.05896805
897.72437661,0.06094052
897.96742918,0.05813754
898.21049061,0.05799220
898.45356090,0.05568753
898.69664005,0.06152188
898.93972804,0.05668415
899.18282488,0.06094052
899.42593057,0.06040069
899.66904511,0.05462863
899.91216848,0.05583287
900.15530069,0.05138964
900.39844174,0.05662186
900.64159162,0.05535533
900.88475033,0.05678796
901.12791786,0.06326595
901.37109422,0.06488545
901.61427940,0.05813754
901.85747340,0.06278841
902.10067621,0.06397189
902.34388784,0.07107276
902.58710827,0.06893419
902.83033752,0.06420028
903.07357557,0.07254692
903.31682242,0.07057445
903.56007807,0.07304523
903.80334251,0.07717702
904.04661575,0.07615965
904.28989778,0.08228467
904.53318860,0.08583511
904.77648820,0.08527451
905.01979659,0.09083894
905.26311375,0.08631265
905.50643969,0.08747537
905.74977441,0.09117114
905.99311789,0.08978004
906.23647015,0.08832664
906.47983117,0.08380035
906.72320095,0.07672024
906.96657950,0.08350967
907.20996680,0.07624270
907.45336285,0.08627112
907.69676766,0.08697706
907.94018122,0.08608426
908.18360352,0.08614655
908.42703457,0.08427790
908.67047435,0.08128805
908.91392288,0.07939864
909.15738014,0.08004229
909.40084613,0.07547447
909.64432085,0.07755075
909.88780430,0.08168255
910.13129648,0.08135034
910.37479737,0.07977237
910.61830699,0.08207704
910.86182531,0.07985542
911.10535236,0.07339819
911.34888811,0.07902491
911.59243257,0.06951555
911.83598573,0.07136344
912.07954760,0.07314904
912.32311816,0.07327362
912.56669743,0.07819440
912.81028538,0.07198632
913.05388203,0.07304523
913.29748736,0.07906644
913.54110138,0.07431176
913.78472408,0.07912872
914.02835547,0.08054059
914.27199552,0.08585587
914.51564426,0.08049907
914.75930166,0.08415332
915.00296774,0.08299060
915.24664247,0.09279064
915.49032588,0.08629189
915.73401794,0.08832664
915.97771866,0.08560671
916.22142803,0.09075589
916.46514606,0.09517836
916.70887274,0.09023682
916.95260806,0.08118424
917.19635202,0.08988385
917.44010463,0.08203551
917.68386588,0.09098428
917.92763576,0.08720545
918.17141427,0.09949702
918.41520141,0.09737922
918.65899718,0.09731693
918.90280158,0.10055592
919.14661459,0.10433475
919.39043623,0.11108266
919.63426648,0.11826658
919.87810534,0.12605263
920.12195281,0.13288359
920.36580890,0.12480686
920.60967358,0.12927086
920.85354687,0.12987298
921.09742876,0.13315350
921.34131924,0.13307045
921.58521832,0.14021285
921.82912599,0.13176240
922.07304225,0.13454461
922.31696709,0.12505602
922.56090052,0.12653017
922.80484252,0.12522212
923.04879310,0.12773442
923.29275226,0.12063354
923.53671999,0.11795514
923.78069629,0.10352500
924.02468115,0.10666018
924.26867458,0.10149025
924.51267656,0.09117114
924.75668711,0.09029911
925.00070621,0.08556519
925.24473386,0.07833974
925.48877006,0.06953631
925.73281481,0.06519689
925.97686810,0.05695406
926.22092994,0.05049684
926.46500031,0.05004005
926.70907921,0.04551377
926.95316665,0.04530614
927.19726262,0.04109129
927.44136712,0.04254469
927.68548014,0.03552686
927.92960168,0.03635738
928.17373175,0.03058532
928.41787032,0.03079295
928.66201741,0.02913193
928.90617302,0.02597598
929.15033713,0.02448106
929.39450974,0.02466793
929.63869086,0.02394123
929.88288047,0.02601751
930.12707859,0.02371284
930.37128520,0.02954718
930.61550029,0.01885434
930.85972388,0.02273699
931.10395595,0.01935265
931.34819651,0.02165732
931.59244554,0.02340139
931.83670306,0.02124206
932.08096904,0.02576835
932.32524350,0.02686878
932.56952643,0.02973405
932.81381782,0.03396966
933.05811768,0.03421881
933.30242600,0.04325062
933.54674278,0.03901501
933.79106801,0.04806759
934.03540169,0.04549300
934.27974382,0.04621970
934.52409440,0.05118201
934.76845343,0.05849051
935.01282089,0.05579135
935.25719680,0.06245620
935.50158114,0.06706554
935.74597391,0.05919645
935.99037511,0.06137654
936.23478474,0.05896805
936.47920279,0.05938331
936.72362927,0.07034606
936.96806417,0.05898882
937.21250748,0.06133501
937.45695920,0.06237315
937.70141934,0.05545914
937.94588788,0.05803373
938.19036483,0.05442100
938.43485019,0.06199942
938.67934394,0.05728627
938.92384608,0.05224091
939.16835663,0.05570830
939.41287556,0.05207481
939.65740288,0.05520999
939.90193859,0.04349978
940.14648268,0.04748623
940.39103515,0.04125739
940.63559600,0.04570063
940.88016523,0.04273155
941.12474282,0.04642733
941.36932879,0.04387351
941.61392312,0.04534766
941.85852581,0.04437181
942.10313687,0.04065527
942.34775628,0.04260698
942.59238405,0.04173494
942.83702017,0.04370740
943.08166464,0.04584597
943.32631746,0.05263540
943.57097862,0.04798454
943.81564813,0.04746547
944.06032597,0.04875276
944.30501215,0.04798454
944.54970666,0.05103667
944.79440950,0.04985319
945.03912067,0.05033073
945.28384016,0.05417185
945.52856798,0.04711250
945.77330412,0.04900192
946.01804857,0.04281460
946.26280133,0.04009468
946.50756241,0.04478707
946.75233179,0.04833751
946.99710948,0.04607436
947.24189548,0.05124430
947.48668977,0.04989472
947.73149236,0.05365278
947.97630324,0.04698792
948.22112242,0.04578368
948.46594988,0.04752776
948.71078563,0.04011544
948.95562966,0.04428876
949.20048198,0.03619127
949.44534257,0.03436415
949.69021144,0.03660653
949.93508857,0.03731246
950.17997398,0.03465483
950.42486766,0.03066837
950.66976959,0.03654424
950.91467979,0.03216329
951.15959825,0.03239168
951.40452496,0.03079295
951.64945993,0.02967176
951.89440314,0.03438491
952.13935461,0.03120820
952.38431431,0.02838446
952.62928226,0.02971328
952.87425845,0.02992091
953.11924287,0.03361669
953.36423553,0.03089676
953.60923642,0.02574759
953.85424553,0.02527005
954.09926287,0.02452259
954.34428843,0.02375436
954.58932222,0.02149122
954.83436421,0.02475098
955.07941443,0.02238402
955.32447285,0.01636281
955.56953948,0.02126283
955.81461432,0.01987172
956.05969736,0.01744247
956.30478860,0.01401661
956.54988803,0.01326915
956.79499567,0.01380899
957.04011149,0.01756705
957.28523550,0.00988482
957.53036770,0.01318610
957.77550808,0.01326915
958.02065664,0.01106830
958.26581338,0.01293695
958.51097830,0.01310305
958.75615139,0.01258398
959.00133264,0.01885434
959.24652207,0.00998863
959.49171965,0.01677806
959.73692540,0.01214796
959.98213931,0.01366365
960.22736137,0.01333144
960.47259159,0.01733866
960.71782995,0.04956251
960.96307647,0.01875053
961.20833112,0.01879206
961.45359392,0.02537386
961.69886486,0.02572683
961.94414394,0.02888277
962.18943115,0.02803150
962.43472648,0.02574759
962.68002995,0.03033617
962.92534154,0.03214253
963.17066126,0.02736709
963.41598909,0.03066837
963.66132504,0.03081371
963.90666911,0.03278618
964.15202128,0.03112515
964.39738157,0.04100824
964.64274996,0.03401118
964.88812645,0.04333367
965.13351104,0.03409423
965.37890374,0.03992858
965.62430452,0.03851671
965.86971340,0.03957561
966.11513036,0.04069680
966.36055542,0.04040612
966.60598855,0.04242011
966.85142977,0.03841289
967.09687907,0.03903578
967.34233644,0.03791459
967.58780188,0.04169341
967.83327539,0.04040612
968.07875697,0.04389427
968.32424661,0.04914725
968.56974432,0.04354130
968.81525008,0.04725784
969.06076390,0.04887734
969.30628577,0.05001929
969.55181570,0.05255235
969.79735367,0.05329981
970.04289968,0.04551377
970.28845374,0.05236549
970.53401583,0.05251083
970.77958597,0.05489855
971.02516413,0.05222015
971.27075033,0.05124430
971.51634455,0.05006082
971.76194680,0.05687101
972.00755708,0.05197099
972.25317537,0.05988162
972.49880168,0.05942484
972.74443600,0.05992314
972.99007834,0.06191637
973.23572868,0.06525918
973.48138703,0.06339053
973.72705338,0.06035916
973.97272774,0.06118967
974.21841009,0.06160493
974.46410043,0.05903034
974.70979877,0.05394346
974.95550510,0.04705021
975.20121941,0.05302990
975.44694171,0.05028921
975.69267199,0.04904344
975.93841024,0.04823369
976.18415647,0.05404727
976.42991068,0.05010234
976.67567285,0.05070446
976.92144299,0.04945870
977.16722110,0.05290532
977.41300717,0.06083671
977.65880119,0.05809602
977.90460317,0.05178413
978.15041311,0.05890577
978.39623099,0.05413032
978.64205683,0.05396422
978.88789061,0.05051760
979.13373233,0.05045531
979.37958199,0.04310528
979.62543958,0.03980400
979.87130511,0.04185952
980.11717857,0.04032307
980.36305996,0.03592136
980.60894928,0.03536076
980.85484651,0.03534000
981.10075167,0.03702179
981.34666475,0.03291075
981.59258573,0.03440567
981.83851463,0.02990015
982.08445144,0.03210100
982.33039616,0.02765777
982.57634878,0.02306919
982.82230930,0.02111749
983.06827771,0.02497937
983.31425403,0.02433572
983.56023823,0.02360902
983.80623032,0.02749166
984.05223031,0.02022469
984.29823817,0.02282004
984.54425391,0.02439801
984.79027754,0.02055689
985.03630904,0.02128359
985.28234841,0.01980943
985.52839565,0.02977557
985.77445076,0.02520776
986.02051374,0.03127049
986.26658457,0.02257088
986.51266327,0.03417728
986.75874982,0.02929803
987.00484422,0.02796921
987.25094647,0.03311838
987.49705658,0.03239168
987.74317452,0.03430186
987.98930031,0.03291075
988.23543394,0.03604593
988.48157541,0.03563068
988.72772471,0.04260698
988.97388184,0.04617818
989.22004680,0.03851671
989.46621959,0.04385274
989.71240020,0.03700102
989.95858862,0.04312605
990.20478487,0.03542305
990.45098893,0.04831674
990.69720080,0.04275232
990.94342048,0.04084214
991.18964797,0.03781077
991.43588326,0.03903578
991.68212635,0.03814298
991.92837724,0.04300147
992.17463593,0.04094595
992.42090240,0.03928493
992.66717667,0.03405271
992.91345872,0.03029464
993.15974856,0.02497937
993.40604618,0.03012854
993.65235158,0.02664039
993.89866475,0.02730480
994.14498570,0.02790692
994.39131441,0.02470945
994.63765090,0.02506242
994.88399515,0.02331834
995.13034716,0.02462640
995.37670693,0.02329758
995.62307445,0.02157427
995.86944973,0.01870900
996.11583276,0.01723485
996.36222354,0.02221792
996.60862206,0.01972638
996.85502833,0.01843909
997.10144233,0.01590603
997.34786408,0.01542848
997.59429355,0.01652891
997.84073076,0.01534543
998.08717570,0.00787083
998.33362836,0.01235559
998.58008875,0.00878439
998.82655685,0.01341449
999.07303267,0.01920731
999.31951621,0.01434882
999.56600746,0.01056999
999.81250642,0.01088143
1000.05901309,0.00851447
1000.30552746,0.01061152
1000.55204953,0.00847295
1000.79857929,0.01270856
1001.04511676,0.01343526
1001.29166191,0.01771239
1001.53821476,0.00629286
1001.78477529,0.01237635
1002.03134351,0.01299924
1002.27791941,0.01451492
1002.52450299,0.01505475
1002.77109424,0.01297847
1003.01769317,0.00913736
1003.26429976,0.01297847
1003.51091403,0.01123440
1003.75753596,0.01293695
1004.00416555,0.01044541
1004.25080280,0.01727637
1004.49744771,0.01121364
1004.74410027,0.01067380
1004.99076048,0.00965643
1005.23742834,0.00917888
1005.48410384,0.01418272
1005.73078699,0.01048694
1005.97747778,0.01360136
1006.22417620,0.01177423
1006.47088226,0.01171194
1006.71759595,0.01549077
1006.96431727,0.01557382
1007.21104622,0.01202339
1007.45778279,0.01499246
1007.70452698,0.00963566
1007.95127879,0.01169118
1008.19803821,0.01351831
1008.44480524,0.01493018
1008.69157988,0.01659120
1008.93836213,0.01549077
1009.18515199,0.00915812
1009.43194944,0.01486789
1009.67875450,0.01308229
1009.92556715,0.01056999
1010.17238739,0.01532467
1010.41921522,0.01588526
1010.66605064,0.01399585
1010.91289364,0.01245940
1011.15974422,0.01218949
1011.40660239,0.01191957
1011.65346813,0.01264627
1011.90034144,0.01854290
1012.14722232,0.01432806
1012.39411078,0.01162889
1012.64100679,0.01403738
1012.88791037,0.01347678
1013.13482151,0.01210644
1013.38174020,0.01318610
1013.62866645,0.01827299
1013.87560025,0.02059842
1014.12254160,0.01468102
1014.36949049,0.01661196
1014.61644693,0.02105520
1014.86341091,0.01474331
1015.11038242,0.01623823
1015.35736147,0.01868824
1015.60434805,0.01681959
1015.85134216,0.01785773
1016.09834379,0.01634205
1016.34535295,0.01758781
1016.59236963,0.01941494
1016.83939383,0.01904121
1017.08642554,0.01864672
1017.33346476,0.01831451
1017.58051150,0.01692340
1017.82756574,0.01339373
1018.07462748,0.01291619
1018.32169673,0.01738019
1018.56877347,0.01324839
1018.81585771,0.01823146
1019.06294945,0.01407890
1019.31004867,0.00785006
1019.55715538,0.00513014
1019.80426957,0.01466026
1020.05139125,0.01588526
1020.29852041,0.01391280
1020.54565704,0.00664582
1020.79280114,0.00988482
1021.03995272,0.00633438
1021.28711177,0.01451492
1021.53427828,0.01071533
1021.78145225,0.01067380
1022.02863368,0.00876363
1022.27582257,0.00610599
1022.52301891,0.01270856
1022.77022270,0.01090220
1023.01743395,0.01067380
1023.26465263,0.00976024
1023.51187876,0.00214030
1023.75911234,0.00758015
1024.00635335,0.00766320
1024.25360179,0.00656277
1024.50085766,0.00573226
1024.74812097,0.00577379
1024.99539170,0.00363522
1025.24266985,0.00672887
1025.48995543,0.00353140
1025.73724842,0.00268013
1025.98454883,0.00824456
1026.23185665,0.00355217
1026.47917188,0.00319920
1026.72649452,0.00760091
1026.97382456,0.00762167
1027.22116200,0.00220259
1027.46850685,0.00432039
1027.71585908,0.00417505
1027.96321872,0.00475641
1028.21058574,0.00191191
1028.45796014,-0.01324493
1028.70534194,-0.01243518
1028.95273111,-0.01349408
1029.20012767,-0.01212374
1029.44753160,-0.01262205
1029.69494290,-0.01305806
