198.80933475,0.00547293
199.01143578,0.00603072
199.21355429,0.00220880
199.41569028,0.00142375
199.61784374,0.00183693
199.82001468,0.00225012
200.02220309,0.00375823
200.22440896,-0.00074545
200.42663230,0.00014289
200.62887310,0.00204353
200.83113136,0.00330373
201.03340708,-0.00167511
201.23570025,0.00425404
201.43801087,0.00557622
201.64033894,0.00363427
201.84268445,0.00468788
202.04504741,0.00266330
202.24742780,0.00243605
202.44982564,0.00289055
202.65224090,-0.00105533
202.85467360,0.00479118
203.05712372,0.00191957
203.25959128,-0.00078677
203.46207625,0.00301450
203.66457864,0.00123782
203.86709846,0.00408877
204.06963568,0.00503909
204.27219032,0.00229143
204.47476237,0.00125848
204.67735182,0.00191957
204.87995868,0.00933617
205.08258293,0.00543161
205.28522459,0.00392350
205.48788364,0.00307648
205.69056008,0.00342768
205.89325391,0.00588611
206.09596513,0.00334505
206.29869374,0.00603072
206.50143972,0.00570018
206.70420308,0.00355164
206.90698382,0.00317977
207.10978194,0.00068003
207.31259742,0.00495645
207.51543027,0.00074200
207.71828048,0.00177496
207.92114806,0.00280791
208.12403299,0.00706368
208.32693528,0.00158903
208.52985493,0.00264264
208.73279193,-0.00109665
208.93574627,0.00749752
209.13871796,0.00266330
209.34170699,0.00282857
209.54471336,-0.00136522
209.74773707,0.00258066
209.95077811,0.00181628
210.15383649,0.00373757
210.35691219,0.00351032
210.56000522,0.00375823
210.76311557,0.00078332
210.96624324,0.00644390
211.16938823,0.00127914
211.37255053,0.00132046
211.57573015,0.00167166
211.77892707,0.00324175
211.98214130,0.00216748
212.18537284,0.00317977
212.38862167,0.00185759
212.59188781,0.00225012
212.79517124,0.00247737
212.99847196,-0.00045622
213.20178997,0.00256000
213.40512527,0.00708434
213.60847785,0.00278725
213.81184772,0.00173364
214.01523486,-0.00171642
214.21863928,0.00233275
214.42206097,0.00553491
214.62549993,0.00286989
214.82895616,0.00194023
215.03242966,0.00460525
215.23592042,-0.00004304
215.43942843,0.00222946
215.64295370,0.00286989
215.84649623,0.00474986
216.05005601,0.00503909
216.25363303,0.00435734
216.45722731,0.00173364
216.66083882,-0.00014633
216.86446757,0.00187825
217.06811356,0.00191957
217.27177679,0.00634061
217.47545724,0.00208484
217.67915493,0.00111387
217.88286984,0.00365493
218.08660198,0.00415075
218.29035133,0.00766279
218.49411790,0.00753883
218.69790169,0.00379955
218.90170269,0.00301450
219.10552090,0.00621665
219.30935632,0.00574150
219.51320894,0.00208484
219.71707876,0.00082464
219.92096578,0.00359295
220.12486999,0.00167166
220.32879140,0.00322109
220.53272999,-0.00037358
220.73668578,0.00446064
220.94065875,0.00394416
221.14464890,0.00057673
221.34865623,0.00098991
221.55268073,-0.00062149
221.75672241,-0.00074545
221.96078126,0.00276659
222.16485728,-0.00055952
222.36895046,0.00028751
222.57306080,0.00547293
222.77718831,0.00185759
222.98133297,-0.00107599
223.18549478,0.00379955
223.38967375,-0.00002238
223.59386986,0.00177496
223.79808312,0.00175430
224.00231352,0.00233275
224.20656106,0.00437800
224.41082574,0.00311780
224.61510756,0.00799333
224.81940650,-0.00037358
225.02372258,-0.00130324
225.22805578,0.00208484
225.43240610,-0.00037358
225.63677355,0.00309714
225.84115811,-0.00217092
226.04555979,0.00390284
226.24997858,-0.00055952
226.45441448,0.00208484
226.65886748,0.00541095
226.86333759,0.00270462
227.06782480,0.00125848
227.27232911,0.00301450
227.47685052,0.00272527
227.68138902,0.00551425
227.88594461,-0.00043556
228.09051728,0.00142375
228.29510704,0.00348966
228.49971389,0.00582413
228.70433781,0.00266330
228.90897881,0.00584479
229.11363688,0.00109321
229.31831202,0.00543161
229.52300423,0.00355164
229.72771350,0.00351032
229.93243984,0.00191957
230.13718324,0.00156837
230.34194369,0.00270462
230.54672120,0.00776608
230.75151576,0.00119650
230.95632737,0.00489448
231.16115602,0.00173364
231.36600172,0.00047344
231.57086446,0.00068003
231.77574423,0.00256000
231.98064104,-0.00227422
232.18555488,0.00119650
232.39048575,0.00423339
232.59543365,0.00150639
232.80039857,-0.00045622
233.00538051,0.00181628
233.21037947,0.00388218
233.41539544,0.01435632
233.62042843,0.00210550
233.82547842,0.00322109
234.03054543,0.00665050
234.23562943,0.00165100
234.44073044,0.00322109
234.64584845,0.00417141
234.85098345,0.00222946
235.05613545,0.00245671
235.26130444,0.00355164
235.46649041,0.00144441
235.67169337,0.00390284
235.87691331,0.00706368
236.08215023,0.00082464
236.28740413,0.00485316
236.49267500,0.00307648
236.69796284,0.00072135
236.90326765,0.00427470
237.10858942,0.00179562
237.31392816,0.00388218
237.51928386,0.00454327
237.72465651,0.00144441
237.93004612,0.00049410
238.13545268,0.00167166
238.34087619,0.00342768
238.54631664,0.00123782
238.75177404,0.00080398
238.95724838,-0.00119995
239.16273965,0.00268396
239.36824786,0.00483250
239.57377300,0.00200221
239.77931508,0.00295252
239.98487407,0.00241539
240.19045000,0.00390284
240.39604284,0.00307648
240.60165260,-0.00181972
240.80727928,0.00200221
241.01292287,0.00363427
241.21858337,0.00627863
241.42426077,0.00082464
241.62995508,0.00464657
241.83566630,-0.00031161
242.04139441,0.00379955
242.24713941,0.00351032
242.45290131,0.00175430
242.65868010,0.00196089
242.86447578,0.00148573
243.07028835,0.00359295
243.27611779,0.00613402
243.48196412,0.00361361
243.68782732,0.00088662
243.89370739,0.00169232
244.09960434,-0.00099336
244.30551816,0.00402679
244.51144884,0.00359295
244.71739638,0.00024619
244.92336078,0.00163034
245.12934204,0.00317977
245.33534016,0.00227077
245.54135512,0.00034948
245.74738694,0.00175430
245.95343560,0.00212616
246.15950110,0.00477052
246.36558345,0.00309714
246.57168263,0.00189891
246.77779865,0.00220880
246.98393150,0.00450195
247.19008118,0.00156837
247.39624769,0.00458459
247.60243102,0.00344834
247.80863117,0.00497711
248.01484814,0.00260132
248.22108192,0.00264264
248.42733252,-0.00179906
248.63359993,-0.00047688
248.83988415,-0.00105533
249.04618517,0.00483250
249.25250299,0.00109321
249.45883761,-0.00093138
249.66518903,0.00231209
249.87155724,0.00158903
250.07794224,0.00324175
250.28434403,0.00373757
250.49076260,0.00811729
250.69719796,-0.00031161
250.90365009,-0.00041490
251.11011901,-0.00002238
251.31660469,0.00462591
251.52310715,0.00220880
251.72962638,0.00330373
251.93616237,0.00241539
252.14271513,0.00330373
252.34928464,0.00148573
252.55587091,0.00132046
252.76247394,0.00332439
252.96909372,0.00078332
253.17573025,0.00237407
253.38238352,0.00165100
253.58905354,0.00311780
253.79574030,-0.00062149
254.00244380,0.00191957
254.20916403,0.00869574
254.41590099,0.00477052
254.62265469,0.00169232
254.82942511,-0.00101402
255.03621225,-0.00080742
255.24301612,0.00214682
255.44983670,-0.00049754
255.65667400,0.00526634
255.86352802,0.00101057
256.07039874,-0.00004304
256.27728617,0.00183693
256.48419031,0.00276659
256.69111115,0.00214682
256.89804868,0.00198155
257.10500292,0.00051475
257.31197384,0.00295252
257.51896146,0.00743554
257.72596577,-0.00130324
257.93298676,0.00231209
258.14002443,0.00443998
258.34707878,0.00167166
258.55414981,0.00218814
258.76123752,0.00113453
258.96834190,0.00627863
259.17546294,0.00111387
259.38260065,0.00018421
259.58975502,0.00059739
259.79692606,0.00156837
260.00411375,0.00373757
260.21131810,-0.00287333
260.41853909,0.00196089
260.62577674,0.00138244
260.83303103,0.00280791
261.04030197,-0.00266674
261.24758955,-0.00047688
261.45489377,0.00032882
261.66221462,0.00291121
261.86955210,0.00371691
262.07690622,0.00301450
262.28427696,-0.00060083
262.49166433,0.00018421
262.69906831,0.00458459
262.90648892,-0.00165445
263.11392614,0.00138244
263.32137998,0.00365493
263.52885042,0.00295252
263.73633747,0.00572084
263.94384113,0.00084530
264.15136139,0.00365493
264.35889825,0.00822058
264.56645171,0.00301450
264.77402176,0.00297318
264.98160840,0.00163034
265.18921163,0.00088662
265.39683144,-0.00099336
265.60446784,0.00753883
265.81212081,0.00072135
266.01979037,0.00177496
266.22747650,0.00181628
266.43517920,0.00297318
266.64289847,-0.00082808
266.85063430,0.00152705
267.05838670,-0.00004304
267.26615566,0.00427470
267.47394117,-0.00089006
267.68174324,0.00014289
267.88956187,0.00320043
268.09739704,0.00173364
268.30524876,0.00456393
268.51311702,0.00423339
268.72100183,-0.00064215
268.92890317,-0.00016699
269.13682105,0.00006026
269.34475546,0.00055607
269.55270640,0.00127914
269.76067387,0.00115519
269.96865786,-0.00070413
270.17665838,-0.00041490
270.38467541,-0.00058018
270.59270896,0.00117584
270.80075902,-0.00049754
271.00882560,0.00299384
271.21690868,0.00082464
271.42500826,0.00373757
271.63312435,0.00286989
271.84125694,0.00142375
272.04940602,0.00774543
272.25757160,0.00198155
272.46575367,0.00443998
272.67395223,0.00291121
272.88216727,0.00103123
273.09039880,0.00586545
273.29864681,0.00156837
273.50691129,0.00206418
273.71519225,0.00284923
273.92348968,0.00194023
274.13180358,-0.00012568
274.34013395,-0.00020831
274.54848077,0.00346900
274.75684406,0.00202287
274.96522381,0.00247737
275.17362001,-0.00144786
275.38203267,0.00716697
275.59046177,0.00392350
275.79890732,0.00140309
276.00736932,0.00165100
276.21584776,0.00030816
276.42434263,0.00129980
276.63285394,-0.00221224
276.84138169,-0.00022897
277.04992586,0.00256000
277.25848646,0.00324175
277.46706349,-0.00037358
277.67565694,-0.00190235
277.88426680,-0.00024963
278.09289309,-0.00078677
278.30153578,-0.00031161
278.51019489,0.00377889
278.71887041,0.00355164
278.92756233,0.00410943
279.13627065,0.00233275
279.34499537,0.00220880
279.55373649,0.00280791
279.76249401,0.01020385
279.97126791,0.00386152
280.18005820,0.00175430
280.38886488,0.00175430
280.59768795,0.00016355
280.80652739,0.00113453
281.01538321,0.00214682
281.22425540,0.00206418
281.43314397,0.00138244
281.64204891,0.00030816
281.85097021,0.00363427
282.05990788,0.00208484
282.26886190,0.00208484
282.47783229,-0.00227422
282.68681903,0.00439866
282.89582212,0.00020487
283.10484156,0.00140309
283.31387735,0.00055607
283.52292949,0.00059739
283.73199796,0.00301450
283.94108277,0.00406811
284.15018392,-0.00024963
284.35930141,0.00278725
284.56843522,0.00198155
284.77758536,0.00313846
284.98675183,0.00076266
285.19593461,0.00671247
285.40513372,0.00359295
285.61434914,0.00466723
285.82358088,-0.00140654
286.03282893,0.00144441
286.24209328,0.00262198
286.45137395,0.00103123
286.66067091,0.00206418
286.86998417,0.00218814
287.07931373,0.00278725
287.28865959,0.00470854
287.49802174,0.00216748
287.70740017,0.00125848
287.91679489,0.00043212
288.12620590,0.00268396
288.33563318,0.00082464
288.54507675,0.00270462
288.75453658,0.00006026
288.96401269,0.00068003
289.17350507,0.00037014
289.38301372,0.00355164
289.59253863,0.00173364
289.80207980,0.00555557
290.01163723,0.00247737
290.22121091,0.00245671
290.43080085,0.00210550
290.64040703,0.00105189
290.85002947,0.00202287
291.05966815,0.00466723
291.26932307,0.00665050
291.47899422,0.00237407
291.68868162,0.00317977
291.89838525,0.00078332
292.10810511,0.00468788
292.31784119,0.00117584
292.52759350,0.00016355
292.73736204,0.00317977
292.94714679,0.00148573
293.15694776,0.00039080
293.36676494,0.00165100
293.57659834,0.00142375
293.78644794,-0.00022897
293.99631375,-0.00126192
294.20619576,0.00346900
294.41609397,0.00753883
294.62600838,0.00158903
294.83593898,0.00158903
295.04588578,0.00016355
295.25584876,-0.00084874
295.46582793,0.00057673
295.67582328,0.00212616
295.88583481,-0.00043556
296.09586253,0.00160968
296.30590641,0.00146507
296.51596647,0.00082464
296.72604270,-0.00086940
296.93613509,0.00439866
297.14624365,-0.00322453
297.35636837,0.00094860
297.56650925,0.00138244
297.77666629,0.00055607
297.98683947,-0.00105533
298.19702881,0.00289055
298.40723429,0.00208484
298.61745592,0.00249802
298.82769369,0.00596875
299.03794760,0.00557622
299.24821765,-0.00008436
299.45850383,0.00396482
299.66880614,0.00169232
299.87912458,-0.00138588
300.08945914,-0.00060083
300.29980983,0.00413009
300.51017663,0.00185759
300.72055955,0.00673313
300.93095859,0.00175430
301.14137374,0.00132046
301.35180499,-0.00165445
301.56225235,0.00065937
301.77271582,-0.00198499
301.98319538,0.00952210
302.19369105,-0.00095204
302.40420280,0.00016355
302.61473065,0.00394416
302.82527459,0.00439866
303.03583461,-0.00219158
303.24641072,-0.00058018
303.45700291,0.00152705
303.66761117,0.00177496
303.87823552,0.00586545
304.08887593,-0.00049754
304.29953241,0.00037014
304.51020496,-0.00202631
304.72089358,0.00495645
304.93159825,0.00317977
305.14231899,-0.00064215
305.35305578,0.00472920
305.56380862,0.00173364
305.77457752,0.00253934
305.98536246,0.00037014
306.19616344,0.00150639
306.40698047,0.00115519
306.61781354,-0.00024963
306.82866264,0.00202287
307.03952778,0.00154771
307.25040895,0.00152705
307.46130614,0.00363427
307.67221937,-0.00190235
307.88314861,-0.00000172
308.09409387,0.00266330
308.30505515,0.00185759
308.51603245,0.00355164
308.72702576,-0.00018765
308.93803507,0.00034948
309.14906039,0.00113453
309.36010172,0.00090728
309.57115904,0.00260132
309.78223236,0.00204353
309.99332168,0.00132046
310.20442699,0.00365493
310.41554829,0.00107255
310.62668557,-0.00109665
310.83783884,0.00303516
311.04900809,-0.00283201
311.26019332,0.00006026
311.47139452,0.00125848
311.68261169,0.00274593
311.89384484,0.00305582
312.10509395,0.00245671
312.31635903,0.00443998
312.52764007,0.00113453
312.73893706,-0.00155115
312.95025002,0.00129980
313.16157892,-0.00200565
313.37292378,0.00565886
313.58428458,0.00140309
313.79566133,0.00204353
314.00705402,0.00284923
314.21846266,-0.00043556
314.42988722,0.00020487
314.64132772,0.00272527
314.85278416,0.00101057
315.06425652,0.00946013
315.27574480,-0.00089006
315.48724901,0.00330373
315.69876914,-0.00128258
315.91030518,0.00225012
316.12185715,0.00144441
316.33342502,0.00117584
316.54500880,0.00311780
316.75660848,0.00361361
316.96822407,0.00216748
317.17985556,0.00208484
317.39150295,0.00105189
317.60316624,0.00132046
317.81484541,0.00119650
318.02654048,0.00082464
318.23825143,0.00309714
318.44997826,0.00260132
318.66172098,0.00332439
318.87347957,0.00441932
319.08525404,0.00196089
319.29704439,0.00156837
319.50885060,0.00034948
319.72067268,0.00408877
319.93251063,0.00243605
320.14436443,0.00251868
320.35623410,0.00443998
320.56811962,0.00379955
320.78002100,-0.00159247
320.99193822,-0.00074545
321.20387130,0.00003960
321.41582021,0.00249802
321.62778498,0.00526634
321.83976558,0.00256000
322.05176201,0.00299384
322.26377428,-0.00153049
322.47580239,0.00495645
322.68784632,0.00388218
322.89990607,0.00208484
323.11198165,-0.00033227
323.32407305,0.00204353
323.53618027,0.00140309
323.74830330,0.00119650
323.96044215,0.00299384
324.17259680,0.00501843
324.38476726,0.00505975
324.59695352,0.00076266
324.80915558,0.00047344
325.02137344,0.00003960
325.23360710,-0.00018765
325.44585655,0.00398548
325.65812178,0.00303516
325.87040281,-0.00074545
326.08269962,0.00272527
326.29501221,-0.00082808
326.50734058,0.00518370
326.71968472,0.00090728
326.93204464,0.00415075
327.14442032,0.00439866
327.35681178,0.00231209
327.56921900,0.00057673
327.78164198,0.00034948
327.99408072,-0.00078677
328.20653522,0.00098991
328.41900547,0.00084530
328.63149147,0.00165100
328.84399322,0.00117584
329.05651071,0.00260132
329.26904395,0.00146507
329.48159293,0.00179562
329.69415764,0.00163034
329.90673809,0.00315911
330.11933427,0.00146507
330.33194617,0.00373757
330.54457381,0.00266330
330.75721716,-0.00138588
330.96987624,0.00076266
331.18255104,0.00256000
331.39524154,0.00514238
331.60794777,0.00237407
331.82066970,-0.00062149
332.03340733,0.00280791
332.24616067,0.00530766
332.45892971,0.00245671
332.67171445,0.00282857
332.88451489,0.00270462
333.09733102,0.00233275
333.31016283,0.00016355
333.52301034,0.00080398
333.73587352,-0.00072479
333.94875239,-0.00287333
334.16164694,-0.00039424
334.37455717,-0.00355508
334.58748306,0.00361361
334.80042463,0.00464657
335.01338187,-0.00020831
335.22635477,0.00268396
335.43934333,0.00243605
335.65234755,0.00398548
335.86536743,0.00353098
336.07840296,0.00084530
336.29145415,-0.00014633
336.50452098,0.00185759
336.71760345,0.00231209
336.93070157,0.00266330
337.14381533,-0.00035293
337.35694473,-0.00008436
337.57008976,0.00576216
337.78325042,0.00165100
337.99642671,0.00154771
338.20961863,0.00185759
338.42282617,0.00336570
338.63604933,-0.00270806
338.84928810,0.00177496
339.06254250,0.00379955
339.27581250,0.00183693
339.48909812,0.00264264
339.70239934,0.00516304
339.91571616,0.00299384
340.12904859,0.00278725
340.34239661,-0.00237751
340.55576023,0.00299384
340.76913945,0.00183693
340.98253425,0.00214682
341.19594464,0.00082464
341.40937061,0.00142375
341.62281217,0.00150639
341.83626930,0.00747686
342.04974201,0.00177496
342.26323030,-0.00068347
342.47673415,0.00150639
342.69025357,0.00617534
342.90378856,0.00016355
343.11733911,0.00388218
343.33090522,0.00220880
343.54448688,0.00181628
343.75808410,0.00121716
343.97169687,0.00258066
344.18532519,0.00125848
344.39896906,0.00361361
344.61262847,-0.00080742
344.82630341,0.00243605
345.03999390,0.00369625
345.25369992,0.00570018
345.46742147,0.00724961
345.68115855,0.00229143
345.89491115,0.00326241
346.10867928,0.00082464
346.32246293,0.00121716
346.53626210,-0.00142720
346.75007679,0.00020487
346.96390698,0.00249802
347.17775269,0.00311780
347.39161390,-0.00124127
347.60549061,0.00134112
347.81938283,0.00061805
348.03329055,0.00309714
348.24721376,0.00187825
348.46115246,0.00359295
348.67510665,-0.00103467
348.88907634,0.00171298
349.10306150,-0.00173708
349.31706215,-0.00070413
349.53107828,0.00148573
349.74510988,0.00191957
349.95915696,0.00256000
350.17321950,0.00282857
350.38729752,0.00526634
350.60139100,0.00049410
350.81549994,0.00150639
351.02962435,-0.00039424
351.24376421,0.00251868
351.45791952,0.00047344
351.67209028,0.00167166
351.88627650,0.00051475
352.10047816,0.00065937
352.31469526,0.00260132
352.52892780,0.00268396
352.74317578,0.00427470
352.95743919,0.00284923
353.17171804,0.00187825
353.38601232,0.00336570
353.60032202,-0.00221224
353.81464714,0.00731159
354.02898769,-0.00134456
354.24334365,-0.00095204
354.45771503,-0.00194367
354.67210182,0.00303516
354.88650403,0.00466723
355.10092164,0.00427470
355.31535465,0.00024619
355.52980306,0.00933617
355.74426687,0.00229143
355.95874608,0.00371691
356.17324069,0.00266330
356.38775068,0.00030816
356.60227606,0.00076266
356.81681682,-0.00072479
357.03137297,0.00088662
357.24594449,0.00336570
357.46053139,0.00464657
357.67513367,0.00431602
357.88975132,0.00154771
358.10438433,0.00051475
358.31903271,0.00394416
358.53369645,0.00121716
358.74837556,-0.00349310
358.96307002,0.00305582
359.17777983,-0.00221224
359.39250499,0.00129980
359.60724551,0.00045278
359.82200137,0.00072135
360.03677257,0.00003960
360.25155911,0.00003960
360.46636100,0.00196089
360.68117821,-0.00235685
360.89601076,-0.00140654
361.11085864,0.00359295
361.32572184,-0.00124127
361.54060037,0.00293186
361.75549422,0.00338636
361.97040338,0.00508041
362.18532786,0.00136178
362.40026766,0.00101057
362.61522276,0.00171298
362.83019318,0.00437800
363.04517889,0.00101057
363.26017991,0.00206418
363.47519623,-0.00002238
363.69022784,0.00423339
363.90527474,0.00113453
364.12033694,0.00456393
364.33541442,-0.00027029
364.55050719,0.00020487
364.76561524,-0.00024963
364.98073857,0.00092794
365.19587718,0.00037014
365.41103106,0.00276659
365.62620021,-0.00113797
365.84138463,0.00156837
366.05658432,0.00235341
366.27179927,0.00400614
366.48702948,-0.00002238
366.70227494,0.00191957
366.91753566,0.00282857
367.13281163,0.00043212
367.34810285,-0.00144786
367.56340932,0.00074200
367.77873103,0.00096925
367.99406798,0.00245671
368.20942017,-0.00095204
368.42478759,0.00094860
368.64017025,-0.00049754
368.85556813,0.00225012
369.07098125,0.00090728
369.28640958,0.00105189
369.50185314,0.00235341
369.71731191,0.00109321
369.93278590,-0.00460869
370.14827511,0.00367559
370.36377952,-0.00233620
370.57929914,-0.00027029
370.79483397,0.00472920
371.01038400,0.00183693
371.22594922,0.00051475
371.44152965,0.00070069
371.65712526,0.00245671
371.87273607,0.00105189
372.08836206,0.00249802
372.30400324,0.00348966
372.51965960,0.00010157
372.73533114,0.00456393
372.95101786,0.00111387
373.16671976,0.00530766
373.38243682,0.00125848
373.59816905,0.00194023
373.81391645,0.00041146
374.02967901,0.00169232
374.24545673,0.00030816
374.46124961,-0.00091072
374.67705764,0.00078332
374.89288082,-0.00093138
375.10871916,-0.00064215
375.32457264,-0.00095204
375.54044126,0.00001894
375.75632503,0.00495645
375.97222393,0.00194023
376.18813797,-0.00093138
376.40406713,-0.00014633
376.62001143,0.00150639
376.83597086,-0.00179906
377.05194541,0.00086596
377.26793508,0.00334505
377.48393987,0.00355164
377.69995978,0.00268396
377.91599480,0.00024619
378.13204493,0.00187825
378.34811016,0.00355164
378.56419050,0.00450195
378.78028595,0.00421273
378.99639649,0.00243605
379.21252213,-0.00027029
379.42866286,0.00274593
379.64481868,-0.00072479
379.86098960,0.00485316
380.07717559,0.00200221
380.29337667,0.00028751
380.50959283,-0.00006370
380.72582407,0.00165100
380.94207038,0.00276659
381.15833176,0.00165100
381.37460821,0.00280791
381.59089972,0.00012223
381.80720630,0.00336570
382.02352794,0.00101057
382.23986464,0.00231209
382.45621639,0.00030816
382.67258319,0.00231209
382.88896505,0.00179562
383.10536195,0.00439866
383.32177389,0.00183693
383.53820087,0.00216748
383.75464289,0.00016355
383.97109995,0.00016355
384.18757204,-0.00086940
384.40405916,0.00146507
384.62056131,-0.00287333
384.83707848,0.00152705
385.05361067,0.00204353
385.27015788,0.00231209
385.48672011,0.00307648
385.70329735,0.00454327
385.91988960,0.00441932
386.13649686,-0.00060083
386.35311912,0.00406811
386.56975639,0.00132046
386.78640865,-0.00006370
387.00307592,0.00218814
387.21975817,-0.00045622
387.43645542,0.00068003
387.65316765,0.00043212
387.86989487,0.00369625
388.08663707,0.00144441
388.30339426,-0.00006370
388.52016641,0.00332439
388.73695355,0.00479118
388.95375565,0.00289055
389.17057273,-0.00016699
389.38740477,0.00567952
389.60425177,0.00177496
389.82111374,-0.00107599
390.03799066,0.00547293
390.25488253,0.00092794
390.47178936,0.00090728
390.68871114,0.00208484
390.90564787,0.00216748
391.12259954,0.00059739
391.33956614,0.00055607
391.55654769,-0.00078677
391.77354418,0.00336570
391.99055559,0.00173364
392.20758194,0.00206418
392.42462321,0.00423339
392.64167941,0.00404745
392.85875053,0.00485316
393.07583657,-0.00022897
393.29293752,0.00450195
393.51005339,0.00549359
393.72718417,0.00142375
393.94432986,0.00357230
394.16149045,0.00253934
394.37866594,0.00181628
394.59585634,0.00311780
394.81306163,0.00357230
395.03028181,0.00497711
395.24751689,0.00817927
395.46476685,0.00243605
395.68203170,0.00429536
395.89931143,0.00729093
396.11660604,0.00338636
396.33391553,0.00458459
396.55123990,0.00239473
396.76857913,0.00472920
396.98593324,0.00413009
397.20330221,-0.00188170
397.42068604,0.00297318
397.63808474,-0.00084874
397.85549829,0.00543161
398.07292670,0.00375823
398.29036996,0.00526634
398.50782807,0.00553491
398.72530103,0.00592743
398.94278883,0.00301450
399.16029147,0.00605138
399.37780895,0.00301450
399.59534127,0.00563820
399.81288841,0.00460525
400.03045039,0.00662984
400.24802720,0.00925354
400.46561883,0.00353098
400.68322529,0.00136178
400.90084656,0.00282857
401.11848265,0.00561754
401.33613355,0.00334505
401.55379926,0.00258066
401.77147978,0.00592743
401.98917511,0.00718763
402.20688524,0.00377889
402.42461017,0.00175430
402.64234989,0.00623731
402.86010441,0.00092794
403.07787372,0.00522502
403.29565782,0.00594809
403.51345670,0.00328307
403.73127037,0.00423339
403.94909882,0.00183693
404.16694205,0.00623731
404.38480005,0.00264264
404.60267282,0.00270462
404.82056036,0.00187825
405.03846267,0.00809663
405.25637974,0.00751818
405.47431157,0.00456393
405.69225816,0.00421273
405.91021951,0.00477052
406.12819561,0.00183693
406.34618645,0.00225012
406.56419205,0.00247737
406.78221239,0.00346900
407.00024747,0.00770411
407.21829729,-0.00004304
407.43636184,0.00836520
407.65444113,0.00539029
407.87253515,0.00679511
408.09064390,0.00483250
408.30876737,0.00359295
408.52690556,0.00582413
408.74505847,0.00274593
408.96322610,0.00572084
409.18140844,0.00458459
409.39960550,0.00309714
409.61781726,0.00586545
409.83604372,0.00460525
410.05428489,0.00896431
410.27254076,0.00138244
410.49081133,0.00609270
410.70909659,0.00596875
410.92739654,0.00357230
411.14571118,0.00867508
411.36404051,0.00514238
411.58238452,0.00828256
411.80074321,0.00479118
412.01911658,0.00801399
412.23750462,0.00879904
412.45590734,0.00648522
412.67432472,0.00638193
412.89275677,0.00576216
413.11120349,0.00439866
413.32966486,0.00328307
413.54814090,0.00328307
413.76663159,0.00786938
413.98513693,0.00338636
414.20365692,0.00233275
414.42219156,0.00609270
414.64074084,0.00220880
414.85930477,0.00514238
415.07788333,0.00177496
415.29647653,0.00421273
415.51508437,0.00034948
415.73370683,0.00355164
415.95234392,0.00534897
416.17099564,0.00499777
416.38966198,0.00693972
416.60834294,0.00567952
416.82703851,0.00563820
417.04574870,0.00022553
417.26447350,0.00340702
417.48321291,0.00576216
417.70196692,0.00243605
417.92073554,0.00487382
418.13951875,0.00786938
418.35831657,0.00200221
418.57712898,0.00299384
418.79595598,0.00977001
419.01479757,0.00631995
419.23365374,0.00596875
419.45252450,0.00280791
419.67140984,0.00819992
419.89030975,0.00698104
420.10922425,0.00964606
420.32815331,0.00539029
420.54709694,0.00772477
420.76605514,0.00623731
420.98502791,0.00665050
421.20401523,0.00402679
421.42301712,0.00516304
421.64203356,0.00908826
421.86106455,0.00514238
422.08011009,0.00450195
422.29917018,0.00917090
422.51824482,0.00586545
422.73733399,0.00549359
422.95643771,0.00797267
423.17555596,0.00493579
423.39468875,0.00437800
423.61383606,0.00724961
423.83299790,0.00495645
424.05217427,0.00662984
424.27136516,0.00929485
424.49057057,0.00706368
424.70979050,0.00805531
424.92902494,0.00720829
425.14827390,0.00956342
425.36753736,0.00867508
425.58681532,0.01107153
425.80610779,0.00855113
426.02541476,0.00919156
426.24473623,0.00677445
426.46407219,0.00807597
426.68342265,0.00443998
426.90278759,0.00863376
427.12216702,0.00896431
427.34156093,0.00712565
427.56096933,0.01162933
427.78039220,0.01191856
427.99982955,0.00782806
428.21928137,0.00919156
428.43874766,0.00487382
428.65822841,0.00898497
428.87772363,0.00844783
429.09723331,0.00894365
429.31675745,0.00377889
429.53629605,0.00702236
429.75584910,0.00718763
429.97541660,0.01107153
430.19499854,0.00629929
430.41459494,0.00981133
430.63420577,0.00968738
430.85383104,0.01014188
431.07347075,0.01034847
431.29312489,0.01255899
431.51279347,0.00776608
431.73247647,0.00619600
431.95217390,0.00863376
432.17188574,0.00983199
432.39161201,0.00724961
432.61135270,0.00902629
432.83110780,0.00836520
433.05087731,0.01142274
433.27066123,0.00704302
433.49045956,0.01024517
433.71027229,0.00819992
433.93009942,0.01136076
434.14994095,0.01195987
434.36979687,0.01043110
434.58966718,0.01158801
434.80955189,0.01204251
435.02945098,0.01049308
435.24936445,0.01605037
435.46929230,0.01191856
435.68923454,0.01214580
435.90919115,0.01311678
436.12916213,0.01169131
436.34914748,0.01291019
436.56914720,0.01195987
436.78916128,0.01136076
437.00918972,0.01247635
437.22923252,0.01088560
437.44928968,0.01540994
437.66936119,0.01417039
437.88944706,0.01512071
438.10954727,0.01681475
438.32966182,0.01549257
438.54979072,0.01375721
438.76993395,0.01966570
438.99009153,0.01848814
439.21026343,0.01784770
439.43044967,0.01726925
439.65065024,0.02073997
439.87086513,0.01660816
440.09109434,0.01644289
440.31133788,0.01344733
440.53159573,0.01908725
440.75186789,0.01479016
440.97215437,0.01340601
441.19245516,0.01749650
441.41277025,0.01439764
441.63309964,0.01433566
441.85344334,0.01660816
442.07380133,0.01540994
442.29417362,0.01679409
442.51456020,0.01303414
442.73496107,0.01652553
442.95537623,0.01667014
443.17580567,0.01685607
443.39624939,0.01778573
443.61670739,0.01503807
443.83717967,0.01602971
444.05766622,0.01786836
444.27816704,0.01743452
444.49868212,0.01328205
444.71921147,0.01516203
444.93975509,0.01735189
445.16031296,0.01689739
445.38088508,0.01848814
445.60147147,0.01540994
445.82207210,0.01383985
446.04268698,0.01640157
446.26331610,0.02191754
446.48395947,0.01307546
446.70461707,0.01580246
446.92528892,0.01390182
447.14597499,0.01865341
447.36667530,0.01134010
447.58738984,0.02020284
447.80811860,0.01698002
448.02886158,0.01417039
448.24961879,0.01720727
448.47039021,0.01989295
448.69117585,0.02447926
448.91197570,0.01900461
449.13278975,0.01317876
449.35361802,0.01759980
449.57446049,0.01865341
449.79531715,0.01460423
450.01618802,0.01315810
450.23707308,0.01373655
450.45797234,0.01935582
450.67888578,0.01493478
450.89981341,0.01352996
451.12075522,0.01698002
451.34171122,0.01937648
451.56268139,0.02001691
451.78366574,0.01844682
452.00466426,0.01745518
452.22567696,0.01216646
452.44670382,0.01460423
452.66774484,0.01173262
452.88880003,0.02222743
453.10986938,0.01652553
453.33095288,0.01784770
453.55205053,0.01658750
453.77316234,0.01330271
453.99428830,0.01483148
454.21542840,0.01474885
454.43658264,0.01664948
454.65775102,0.01549257
454.87893354,0.01797166
455.10013019,0.01840550
455.32134098,0.02249599
455.54256589,0.02045075
455.76380493,0.01559587
455.98505809,0.01698002
456.20632537,0.01832286
456.42760677,0.01718661
456.64890229,0.01476951
456.87021191,0.02040943
457.09153565,0.01941779
457.31287349,0.02012020
457.53422544,0.02456190
457.75559149,0.02410740
457.97697163,0.01937648
458.19836587,0.02249599
458.41977420,0.02001691
458.64119663,0.02274390
458.86263313,0.01941779
459.08408373,0.02388015
459.30554840,0.02158699
459.52702716,0.02912755
459.74851999,0.01759980
459.97002689,0.02642121
460.19154786,0.02166963
460.41308290,0.02361158
460.63463201,0.01966570
460.85619518,0.02040943
461.07777241,0.02115315
461.29936369,0.02348763
461.52096903,0.02625594
461.74258841,0.02514035
461.96422185,0.02181424
462.18586933,0.02305379
462.40753086,0.02805328
462.62920642,0.02693769
462.85089602,0.02330170
463.07259966,0.02503706
463.29431733,0.02245467
463.51604902,0.02449992
463.73779475,0.02545024
463.95955449,0.02514035
464.18132826,0.02830119
464.40311604,0.02402476
464.62491784,0.02505772
464.84673365,0.02710296
465.06856347,0.02764010
465.29040730,0.02559485
465.51226513,0.02751614
465.73413696,0.02466519
465.95602279,0.02811526
466.17792261,0.02778471
466.39983643,0.03020182
466.62176424,0.02819789
466.84370603,0.03282552
467.06566181,0.02720626
467.28763157,0.02987128
467.50961531,0.02985062
467.73161303,0.03053237
467.95362472,0.02592540
468.17565038,0.03313541
468.39769001,0.02871437
468.61974360,0.02933414
468.84181116,0.02947875
469.06389267,0.03573845
469.28598814,0.03201982
469.50809757,0.03511868
469.73022094,0.03724656
469.95235827,0.03445759
470.17450954,0.03067698
470.39667475,0.03109016
470.61885390,0.03350727
470.84104699,0.03478813
471.06325402,0.03511868
471.28547498,0.03216443
471.50770986,0.03660613
471.72995867,0.03065632
471.95222141,0.03080093
472.17449806,0.03222641
472.39678864,0.03193718
472.61909313,0.03297014
472.84141153,0.03013984
473.06374384,0.03854808
473.28609005,0.03763908
473.50845017,0.03356925
473.73082420,0.03474681
473.95321212,0.03534593
474.17561393,0.03627558
474.39802964,0.03472616
474.62045924,0.03487077
474.84290273,0.03013984
475.06536010,0.03460220
475.28783136,0.03499472
475.51031649,0.03334200
475.73281550,0.03040841
475.95532838,0.03022248
476.17785513,0.02997457
476.40039575,0.03142071
476.62295024,0.03084225
476.84551859,0.03321804
477.06810080,0.03253630
477.29069686,0.03619295
477.51330678,0.03332134
477.73593055,0.03505670
477.95856817,0.03204048
478.18121963,0.03410638
478.40388494,0.03315607
478.62656409,0.03511868
478.84925707,0.03230905
479.07196389,0.03480879
479.29468455,0.03559384
479.51741903,0.03600702
479.74016733,0.03152400
479.96292946,0.03255695
480.18570542,0.03528395
480.40849519,0.03247432
480.63129877,0.03596570
480.85411617,0.03216443
481.07694738,0.03294948
481.29979239,0.03518065
481.52265121,0.03146202
481.74552383,0.03224707
481.96841025,0.03259827
482.19131046,0.03542856
482.41422447,0.03323870
482.63715227,0.03586240
482.86009385,0.03340398
483.08304922,0.03181323
483.30601837,0.03140005
483.52900130,0.03383782
483.75199801,0.03210246
483.97500849,0.03330068
484.19803274,0.03553186
484.42107076,0.03160664
484.64412255,0.03549054
484.86718810,0.03509802
485.09026741,0.02792933
485.31336047,0.02991259
485.53646729,0.03109016
485.75958786,0.02803262
485.98272218,0.02900360
486.20587024,0.02751614
486.42903205,0.02985062
486.65220760,0.02788801
486.87539689,0.03356925
487.09859991,0.03094555
487.32181666,0.03067698
487.54504715,0.03561450
487.76829136,0.03538725
487.99154929,0.03524263
488.21482094,0.03445759
488.43810631,0.03249498
488.66140540,0.03854808
488.88471820,0.03654415
489.10804471,0.03914719
489.33138493,0.03693667
489.55473885,0.03660613
489.77810647,0.03894060
490.00148780,0.03887863
490.22488281,0.04061399
490.44829153,0.04311373
490.67171393,0.04315505
490.89515002,0.04569612
491.11859979,0.04722489
491.34206325,0.04470448
491.56554038,0.04123376
491.78903120,0.04199814
492.01253568,0.04059333
492.23605384,0.04391944
492.45958567,0.04553084
492.68313116,0.04315505
492.90669031,0.03951906
493.13026312,0.03429232
493.35384960,0.03743249
493.57744972,0.03602768
493.80106350,0.03482945
494.02469092,0.03588306
494.24833200,0.03507736
494.47198671,0.03611031
494.69565507,0.03290816
494.91933706,0.03805226
495.14303269,0.03375518
495.36674195,0.03394111
495.59046484,0.03755645
495.81420136,0.03381716
496.03795150,0.03059434
496.26171526,0.02916887
496.48549264,0.03175125
496.70928364,0.03373452
496.93308825,0.03489143
497.15690647,0.03714327
497.38073830,0.03480879
497.60458373,0.03772172
497.82844276,0.04365087
498.05231539,0.03586240
498.27620162,0.03499472
498.50010144,0.03511868
498.72401485,0.03695733
498.94794185,0.03861006
499.17188244,0.03466418
499.39583661,0.03811424
499.61980435,0.03462286
499.84378568,0.03984960
500.06778058,0.03739117
500.29178904,0.03844479
500.51581108,0.03332134
500.73984668,0.03751513
500.96389585,0.03534593
501.18795858,0.03170993
501.41203486,0.03714327
501.63612470,0.03284618
501.86022809,0.03691602
502.08434503,0.03941576
502.30847551,0.03644086
502.53261954,0.03458154
502.75677711,0.03286684
502.98094822,0.03596570
503.20513286,0.03573845
503.42933104,0.03524263
503.65354274,0.03350727
503.87776797,0.03292882
504.10200673,0.03137939
504.32625901,0.03441627
504.55052480,0.02958205
504.77480411,0.02846646
504.99909694,0.02664846
505.22340327,0.02968535
505.44772312,0.02671044
505.67205646,0.02468585
505.89640331,0.02600803
506.12076366,0.02652451
506.34513750,0.02503706
506.56952484,0.02526431
506.79392567,0.02538826
507.01833999,0.02753680
507.24276779,0.02885898
507.46720907,0.02687571
507.69166384,0.02722692
507.91613208,0.02755746
508.14061380,0.02960271
508.36510898,0.02726824
508.58961764,0.03071830
508.81413976,0.03071830
509.03867534,0.03513934
509.26322439,0.03445759
509.48778689,0.03454022
509.71236285,0.03809358
509.93695226,0.03431297
510.16155512,0.03454022
510.38617142,0.03567647
510.61080117,0.03869269
510.83544436,0.03447825
511.06010099,0.03656481
511.28477105,0.04175024
511.50945454,0.03732920
511.73415147,0.03668877
511.95886182,0.03292882
512.18358560,0.03232970
512.40832280,0.02877635
512.63307341,0.03158598
512.85783745,0.03040841
513.08261489,0.02947875
513.30740575,0.02908623
513.53221001,0.03030512
513.75702768,0.03084225
513.98185875,0.02921019
514.20670322,0.02941678
514.43156109,0.02912755
514.65643235,0.02685505
514.88131700,0.02571881
515.10621504,0.03288750
515.33112647,0.03053237
515.55605128,0.02995391
515.78098946,0.03047039
516.00594103,0.03080093
516.23090597,0.02991259
516.45588428,0.03575911
516.68087596,0.02644187
516.90588100,0.03191652
517.13089941,0.02803262
517.35593118,0.03158598
517.58097631,0.02840448
517.80603479,0.03086291
518.03110663,0.02631792
518.25619181,0.02974732
518.48129034,0.02863173
518.70640222,0.02925151
518.93152743,0.02821855
519.15666598,0.02780537
519.38181787,0.02774339
519.60698310,0.03051171
519.83216165,0.02794998
520.05735353,0.02530562
520.28255873,0.02718560
520.50777726,0.02460322
520.73300910,0.02751614
520.95825426,0.03024314
521.18351273,0.03197850
521.40878452,0.03109016
521.63406961,0.02910689
521.85936801,0.03106950
522.08467971,0.02918953
522.31000471,0.02960271
522.53534300,0.03206114
522.76069459,0.03555252
522.98605947,0.03392045
523.21143764,0.03406507
523.43682910,0.03801095
523.66223383,0.03813490
523.88765185,0.03889929
524.11308315,0.03982894
524.33852772,0.04321703
524.56398556,0.04073794
524.78945667,0.04396075
525.01494104,0.04596468
525.24043868,0.04712159
525.46594959,0.04933211
525.69147374,0.05517862
525.91701116,0.05046836
526.14256182,0.04656380
526.36812574,0.04505568
526.59370290,0.04846443
526.81929331,0.04745214
527.04489696,0.04852641
527.27051384,0.04646050
527.49614396,0.04598534
527.72178732,0.04484909
527.94744390,0.04772070
528.17311372,0.04590271
528.39879675,0.05102615
528.62449301,0.04503503
528.85020249,0.05286481
529.07592518,0.05185251
529.30166109,0.05387710
529.52741021,0.05398040
529.75317254,0.05902121
529.97894807,0.05482742
530.20473680,0.06296709
530.43053874,0.06150030
530.65635387,0.07017710
530.88218219,0.06205809
531.10802371,0.06693363
531.33387841,0.06319434
531.55974630,0.06495036
531.78562738,0.06618990
532.01152163,0.06771867
532.23742906,0.06199611
532.46334967,0.06470245
532.68928344,0.06385543
532.91523039,0.06482640
533.14119051,0.06602463
533.36716378,0.06472311
533.59315022,0.06106646
533.81914982,0.06116975
534.04516257,0.06515695
534.27118847,0.06178952
534.49722752,0.06079789
534.72327973,0.06356620
534.94934507,0.06154161
535.17542356,0.06740879
535.40151518,0.06414465
535.62761994,0.05914516
535.85373784,0.05681069
536.07986886,0.06249193
536.30601301,0.06106646
536.53217029,0.06497102
536.75834069,0.05974428
536.98452420,0.06437190
537.21072084,0.06639649
537.43693059,0.07125137
537.66315345,0.06654111
537.88938941,0.06868965
538.11563848,0.07257355
538.34190066,0.07422628
538.56817593,0.07052830
538.79446431,0.07127203
539.02076577,0.07484605
539.24708033,0.07278014
539.47340798,0.07292475
539.69974871,0.07538318
539.92610252,0.07348255
540.15246942,0.07561043
540.37884939,0.07476341
540.60524244,0.07961829
540.83164856,0.07583768
541.05806775,0.08027938
541.28450001,0.07802754
541.51094533,0.08556810
541.73740371,0.08740675
541.96387515,0.08439053
542.19035965,0.07992818
542.41685719,0.08757203
542.64336779,0.08470042
542.86989144,0.08746873
543.09642813,0.07703591
543.32297786,0.08339890
543.54954063,0.07676734
543.77611643,0.08432855
544.00270527,0.08226265
544.22930714,0.08850168
544.45592204,0.08162222
544.68254996,0.08238660
544.90919091,0.07579636
545.13584487,0.07656075
545.36251185,0.07858534
545.58919184,0.07428825
545.81588485,0.07368914
546.04259086,0.07527989
546.26930988,0.07296607
546.49604191,0.07753172
546.72278693,0.07399903
546.94954495,0.07242894
547.17631596,0.07244960
547.40309997,0.07346189
547.62989696,0.07205707
547.85670694,0.07730447
548.08352991,0.08558876
548.31036585,0.07344123
548.53721477,0.07811018
548.76407667,0.08180815
548.99095154,0.08319231
549.21783938,0.07827545
549.44474018,0.08081651
549.67165395,0.07891588
549.89858069,0.07879193
550.12552038,0.07668470
550.35247302,0.07544516
550.57943862,0.07422628
550.80641717,0.07645745
551.03340866,0.08005213
551.26041310,0.08205606
551.48743048,0.08023806
551.71446081,0.08354351
551.94150406,0.08986518
552.16856025,0.09054693
552.39562937,0.09674465
552.62271142,0.09172450
552.84980640,0.09589763
553.07691429,0.09436886
553.30403511,0.09476138
553.53116884,0.09821144
553.75831549,0.09889319
553.98547505,0.10025669
554.21264752,0.10308698
554.43983289,0.09806683
554.66703116,0.10659902
554.89424234,0.10325225
555.12146641,0.10754934
555.34870338,0.10238457
555.57595324,0.10802449
555.80321599,0.10978051
556.03049162,0.10810713
556.25778014,0.10773527
556.48508154,0.11343717
556.71239582,0.11420155
556.93972297,0.11213565
557.16706300,0.10771461
557.39441589,0.10732209
557.62178165,0.11192906
557.84916028,0.09953362
558.07655177,0.10325225
558.30395611,0.10699154
558.53137331,0.10589661
558.75880337,0.11017304
558.98624627,0.10754934
559.21370202,0.10498761
559.44117062,0.10226062
559.66865206,0.09969889
559.89614634,0.09924439
560.12365345,0.09544313
560.35117340,0.09205504
560.57870618,0.08930739
560.80625179,0.08860498
561.03381022,0.08837773
561.26138148,0.09013375
561.48896555,0.08808850
561.71656244,0.08827443
561.94417215,0.08893552
562.17179467,0.08434921
562.39942999,0.08678698
562.62707812,0.08527887
562.85473906,0.08939002
563.08241279,0.08618787
563.31009933,0.08257253
563.53779866,0.08843971
563.76551078,0.08542348
563.99323568,0.08790257
564.22097338,0.08507228
564.44872386,0.08608457
564.67648712,0.08558876
564.90426316,0.08360549
565.13205197,0.08579535
565.35985356,0.08418394
565.58766792,0.09184845
565.81549504,0.09112538
566.04333493,0.09418293
566.27118758,0.08356417
566.49905298,0.08695226
566.72693115,0.08339890
566.95482207,0.08742741
567.18272573,0.08686962
567.41064215,0.08864630
567.63857131,0.08542348
567.86651321,0.08905948
568.09446785,0.08552678
568.32243523,0.08802653
568.55041534,0.08470042
568.77840819,0.08998914
569.00641376,0.08544414
569.23443206,0.08982386
569.46246308,0.08988584
569.69050682,0.09029902
569.91856327,0.08738610
570.14663244,0.08965859
570.37471433,0.08930739
570.60280892,0.09624883
570.83091622,0.09775694
571.05903622,0.09736442
571.28716892,0.09895517
571.51531432,0.10133096
571.74347241,0.10350016
571.97164320,0.10044262
572.19982667,0.09814946
572.42802284,0.10112437
572.65623168,0.09971955
572.88445321,0.10610320
573.11268742,0.10131030
573.34093430,0.10164085
573.56919385,0.10599991
573.79746608,0.10940865
574.02575097,0.11484198
574.25404853,0.11554439
574.48235874,0.11711448
574.71068162,0.12566733
574.93901715,0.11825073
575.16736534,0.12915871
575.39572618,0.12880751
575.62409966,0.13240218
575.85248579,0.12851828
576.08088456,0.12756796
576.30929597,0.13019166
576.53772002,0.13136923
576.76615671,0.13436479
576.99460602,0.13566631
577.22306796,0.13477798
577.45154253,0.13944692
577.68002972,0.13583159
577.90852953,0.13467468
578.13704196,0.13430282
578.36556700,0.13455073
578.59410465,0.13132791
578.82265492,0.14037658
579.05121779,0.13727772
579.27979326,0.13502588
579.50838133,0.13738102
579.73698201,0.13446809
579.96559527,0.13114198
580.19422113,0.12849762
580.42285958,0.12721676
580.65151062,0.12531613
580.88017424,0.12417988
581.10885044,0.12415922
581.33753922,0.12719610
581.56624057,0.12013070
581.79495450,0.11643273
582.02368100,0.11763096
582.25242007,0.11905643
582.48117170,0.12070916
582.70993589,0.12417988
582.93871264,0.12827037
583.16750195,0.12283704
583.39630381,0.12186606
583.62511822,0.12091575
583.85394518,0.12120497
584.08278469,0.12446911
584.31163674,0.12165947
584.54050133,0.12130827
584.76937845,0.12459306
584.99826811,0.12455174
585.22717030,0.12709281
585.45608502,0.12568799
585.68501226,0.13298064
585.91395203,0.13552170
586.14290432,0.14010801
586.37186912,0.13888913
586.60084644,0.14211194
586.82983628,0.14438444
587.05883862,0.14779318
587.28785347,0.15062347
587.51688082,0.15715174
587.74592067,0.15149115
587.97497302,0.14467366
588.20403787,0.14132690
588.43311520,0.14432246
588.66220503,0.15359838
588.89130735,0.15248279
589.12042215,0.15192499
589.34954943,0.15983741
589.57868919,0.15566428
589.80784142,0.15649065
590.03700613,0.15618076
590.26618331,0.15611878
590.49537296,0.15729635
590.72457507,0.15405288
590.95378964,0.15624274
591.18301667,0.15731701
591.41225616,0.16192398
591.64150811,0.16066378
591.87077250,0.16202727
592.10004934,0.15622208
592.32933863,0.15510649
592.55864036,0.14936327
592.78795453,0.14537607
593.01728114,0.15076809
593.24662018,0.14752461
593.47597165,0.14717341
593.70533555,0.15523044
593.93471188,0.15781283
594.16410063,0.15252411
594.39350180,0.15093336
594.62291539,0.15221422
594.85234140,0.15626340
595.08177981,0.15878380
595.31123064,0.15091270
595.54069387,0.14711143
595.77016951,0.14864020
595.99965755,0.14717341
596.22915798,0.15322651
596.45867081,0.14808241
596.68819604,0.15680053
596.91773365,0.14930129
597.14728365,0.15450738
597.37684603,0.15731701
597.60642080,0.15539572
597.83600795,0.16485756
598.06560747,0.16541536
598.29521936,0.17066276
598.52484363,0.16791511
598.75448026,0.16855554
598.98412926,0.16080839
599.21379062,0.15744096
599.44346434,0.15661460
599.67315042,0.15611878
599.90284885,0.15762689
600.13255963,0.16719204
600.36228276,0.17066276
600.59201824,0.17188164
600.82176606,0.17686048
601.05152622,0.17969077
601.28129871,0.17549698
601.51108354,0.18497949
601.74088070,0.17985604
601.97069019,0.18194261
602.20051201,0.17524907
602.43034615,0.17692245
602.66019261,0.18239710
602.89005139,0.19072271
603.11992249,0.19811865
603.34980589,0.20906795
603.57970161,0.20208519
603.80960963,0.20402714
604.03952996,0.21330306
604.26946259,0.21904627
604.49940751,0.21412942
604.72936474,0.21435667
604.95933425,0.21788937
605.18931606,0.21582346
605.41931015,0.21003893
605.64931653,0.21553423
605.87933519,0.21749685
606.10936612,0.22045109
606.33940934,0.22842549
606.56946483,0.24906389
606.79953259,0.25152231
607.02961261,0.26761572
607.25970490,0.27145831
607.48980946,0.28005247
607.71992627,0.28841939
607.95005534,0.29837706
608.18019667,0.30420291
608.41035024,0.31238390
608.64051607,0.31329290
608.87069414,0.33089442
609.10088445,0.33700950
609.33108700,0.34985943
609.56130179,0.35037591
609.79152882,0.36510582
610.02176808,0.37225385
610.25201956,0.38245943
610.48228328,0.38667387
610.71255921,0.38425676
610.94284737,0.39295423
611.17314775,0.39834624
611.40346034,0.39452432
611.63378514,0.38223218
611.86412215,0.36401089
612.09447137,0.35752394
612.32483280,0.35080975
612.55520642,0.32529581
612.78559225,0.30110405
613.01599027,0.28583701
613.24640048,0.28308936
613.47682288,0.27627187
613.70725747,0.27325564
613.93770425,0.25346427
614.16816321,0.25573676
614.39863434,0.25007618
614.62911766,0.24625425
614.85961314,0.24088290
615.09012080,0.23861040
615.32064063,0.23600736
615.55117262,0.23094589
615.78171677,0.22780572
616.01227308,0.23032612
616.24284156,0.23057403
616.47342218,0.22495477
616.70401496,0.22803296
616.93461988,0.21749685
617.16523695,0.21939748
617.39586617,0.20503943
617.62650752,0.20132080
617.85716101,0.19411079
618.08782664,0.18535135
618.31850440,0.17140649
618.54919429,0.16824565
618.77989630,0.15944489
619.01061044,0.15475528
619.24133670,0.14624375
619.47207508,0.15374299
619.70282557,0.14107899
619.93358818,0.14074844
620.16436289,0.13227823
620.39514972,0.13277405
620.62594864,0.12587392
620.85675967,0.12221727
621.08758280,0.12250649
621.31841802,0.11597823
621.54926534,0.11083413
621.78012475,0.10606188
622.01099624,0.10624782
622.24187982,0.10771461
622.47277549,0.10573134
622.70368323,0.10643375
622.93460305,0.09697190
623.16553494,0.09610422
623.39647890,0.09325327
623.62743493,0.09401765
623.85840303,0.09312931
624.08938319,0.09236493
624.32037541,0.08926607
624.55137968,0.09538115
624.78239602,0.08577469
625.01342440,0.08643578
625.24446483,0.08643578
625.47551731,0.08422526
625.70658183,0.08573337
625.93765839,0.08486569
626.16874699,0.08965859
626.39984763,0.08686962
626.63096029,0.09362513
626.86208499,0.09352184
627.09322171,0.09502995
627.32437046,0.10042196
627.55553123,0.09755035
627.78670401,0.10126898
628.01788882,0.10527684
628.24908563,0.11246619
628.48029446,0.10726011
628.71151529,0.11694921
628.94274813,0.12172145
629.17399296,0.12736137
629.40524980,0.13312525
629.63651863,0.13878583
629.86779946,0.15025161
630.09909228,0.16039521
630.33039709,0.16826631
630.56171388,0.18146745
630.79304265,0.17851320
631.02438340,0.18671485
631.25573613,0.19094996
631.48710084,0.19307784
631.71847751,0.19785008
631.94986615,0.21239406
632.18126676,0.22237238
632.41267933,0.23228873
632.64410387,0.22627695
632.87554035,0.23387948
633.10698880,0.23495375
633.33844919,0.22324006
633.56992154,0.22237238
633.80140583,0.22677276
634.03290207,0.23387948
634.26441024,0.23284653
634.49593035,0.23615197
634.72746240,0.24658480
634.95900638,0.24865071
635.19056229,0.25553017
635.42213013,0.26381445
635.65370989,0.26455818
635.88530158,0.26573575
636.11690518,0.27728416
636.34852069,0.29271648
636.58014812,0.31215665
636.81178746,0.33122496
637.04343871,0.33254714
637.27510187,0.32994410
637.50677692,0.33700950
637.73846387,0.34413687
637.97016272,0.35824701
638.20187347,0.36618009
638.43359610,0.34184372
638.66533062,0.34021165
638.89707703,0.33155551
639.12883532,0.32275475
639.36060549,0.32948960
639.59238754,0.33097152
639.82418146,0.33860483
640.05598725,0.33128769
640.28780491,0.33168873
640.51963444,0.33454792
640.75147583,0.31599099
640.98332908,0.31786380
641.21519419,0.31444028
641.44707115,0.30617769
641.67895997,0.29137684
641.91086063,0.28046379
642.14277314,0.27990146
642.37469750,0.27947700
642.60663369,0.27779031
642.83858172,0.28293741
643.07054159,0.28217966
643.30251329,0.27126851
643.53449683,0.26797714
643.76649218,0.25682113
643.99849937,0.26108364
644.23051837,0.26632659
644.46254919,0.25875071
644.69459183,0.26003320
644.92664628,0.25469675
645.15871254,0.25276682
645.39079061,0.25071054
645.62288049,0.25128023
645.85498217,0.23408157
646.08709564,0.23585679
646.31922091,0.24130053
646.55135798,0.23992631
646.78350684,0.23625957
647.01566748,0.22675305
647.24783991,0.21821470
647.48002413,0.22788498
647.71222012,0.22936562
647.94442789,0.22598921
648.17664744,0.22165711
648.40887875,0.22746007
648.64112184,0.21930688
648.87337669,0.21316509
649.10564331,0.20543726
649.33792168,0.21179939
649.57021181,0.20548345
649.80251370,0.20891429
650.03482734,0.20680589
650.26715273,0.20919342
650.49948987,0.20259374
650.73183875,0.20888811
650.96419937,0.20485510
651.19657173,0.19840604
651.42895582,0.19031330
651.66135165,0.19135367
651.89375921,0.19516554
652.12617849,0.19375611
652.35860950,0.19568939
652.59105224,0.19352147
652.82350669,0.19308817
653.05597285,0.19651280
653.28845073,0.18937437
653.52094032,0.19097359
653.75344162,0.19622651
653.98595462,0.20173973
654.21847933,0.19601275
654.45101573,0.19149693
654.68356383,0.19711183
654.91612363,0.20743238
655.14869511,0.19887787
655.38127829,0.20529758
655.61387315,0.20143361
655.84647969,0.20183363
656.07909792,0.20483169
656.31172782,0.20453814
656.54436939,0.19631124
656.77702264,0.19301481
657.00968756,0.18998619
657.24236414,0.20499074
657.47505238,0.20549592
657.70775229,0.21017335
657.94046385,0.21352273
658.17318707,0.21329540
658.40592195,0.21649186
658.63866847,0.22197314
658.87142663,0.22519043
659.10419645,0.21705560
659.33697790,0.21898455
659.56977099,0.22385489
659.80257572,0.22049468
660.03539208,0.21614608
660.26822007,0.21028127
660.50105969,0.20473691
660.73391093,0.20903952
660.96677380,0.20670090
661.19964828,0.21135146
661.43253438,0.21413965
661.66543209,0.21441497
661.89834142,0.21155822
662.13126235,0.20909439
662.36419489,0.21296656
662.59713903,0.23241661
662.83009477,0.22156694
663.06306210,0.21767951
663.29604103,0.22683919
663.52903155,0.22548250
663.76203367,0.21978722
663.99504736,0.21495597
664.22807264,0.21293258
664.46110950,0.20274673
664.69415794,0.20268108
664.92721795,0.19447270
665.16028953,0.19990978
665.39337269,0.19244509
665.62646740,0.19103188
665.85957369,0.19058326
666.09269153,0.18432004
666.32582093,0.18692448
666.55896189,0.18243363
666.79211440,0.18462828
667.02527846,0.19206554
667.25845406,0.18512410
667.49164121,0.17818266
667.72483991,0.18318215
667.95805014,0.18458697
668.19127190,0.18568190
668.42450520,0.18212854
668.65775003,0.17840991
668.89100639,0.17975275
669.12427427,0.18754121
669.35755368,0.18628101
669.59084460,0.18057911
669.82414704,0.18958646
670.05746099,0.18632233
670.29078646,0.19161105
670.52412343,0.18628101
670.75747191,0.19365629
670.99083189,0.19770547
671.22420337,0.19171434
671.45758635,0.19429672
671.69098082,0.20068037
671.92438678,0.19968874
672.15780424,0.20510141
672.39123317,0.20689875
672.62467360,0.21557555
672.85812550,0.21123715
673.09158888,0.21737289
673.32506373,0.21253867
673.55855006,0.21140242
673.79204785,0.21222879
674.02555712,0.21939748
674.25907784,0.21363360
674.49261003,0.22503740
674.72615367,0.22202118
674.95970878,0.23542891
675.19327533,0.23272257
675.42685333,0.23685438
675.66044278,0.23160698
675.89404368,0.24189519
676.12765601,0.23315641
676.36127979,0.23263993
676.59491500,0.22925185
676.82856165,0.22671079
677.06221972,0.21813728
677.29588922,0.22169063
677.52957015,0.21412942
677.76326250,0.21127847
677.99696627,0.21239406
678.23068146,0.21092726
678.46440806,0.20793170
678.69814607,0.19853183
678.93189549,0.18723132
679.16565631,0.19024755
679.39942854,0.17900902
679.63321217,0.18328544
679.86700720,0.17849254
680.10081361,0.17196428
680.33463143,0.17243944
680.56846063,0.17696377
680.80230121,0.17250142
681.03615318,0.18506212
681.27001653,0.18107493
681.50389126,0.18442169
681.73777736,0.18539267
681.97167484,0.17814134
682.20558368,0.18093031
682.43950390,0.18254172
682.67343547,0.17477391
682.90737841,0.18229381
683.14133270,0.17219153
683.37529836,0.16653095
683.60927536,0.16446504
683.84326371,0.15944489
684.07726341,0.16217189
684.31127446,0.15799876
684.54529685,0.16167607
684.77933057,0.16417582
685.01337564,0.16793576
685.24743203,0.17624071
685.48149976,0.19363563
685.71557881,0.20780775
685.94966919,0.22274425
686.18377090,0.22666947
686.41788392,0.23780470
686.65200826,0.24098619
686.88614391,0.24278353
687.12029088,0.24245299
687.35444915,0.24668809
687.58861873,0.24195717
687.82279961,0.23580077
688.05699179,0.23964336
688.29119527,0.22272359
688.52541004,0.22538861
688.75963611,0.22270293
688.99387346,0.22249634
689.22812210,0.22887999
689.46238203,0.24046972
689.69665323,0.24883664
689.93093571,0.26305007
690.16522947,0.26887592
690.39953450,0.27585869
690.63385080,0.27974259
690.86817837,0.28280013
691.10251720,0.28701458
691.33686730,0.28893587
691.57122865,0.28912180
691.80560125,0.29341888
692.03998511,0.30277744
692.27438023,0.30182712
692.50878658,0.30847934
692.74320419,0.30395500
692.97763303,0.31164017
693.21207312,0.31535880
693.44652444,0.31711482
693.68098699,0.32153586
693.91546077,0.32589492
694.14994579,0.32145323
694.38444203,0.31571001
694.61894949,0.31690823
694.85346817,0.31953193
695.08799806,0.31279708
695.32253918,0.31413992
695.55709150,0.31748669
695.79165503,0.32353979
696.02622977,0.31758998
696.26081571,0.33254714
696.49541285,0.32973751
696.73002119,0.33345614
696.96464072,0.32420088
697.19927145,0.32618415
697.43391336,0.31725944
697.66856647,0.32095741
697.90323075,0.32449011
698.13790622,0.32926235
698.37259286,0.33709213
698.60729068,0.34149251
698.84199967,0.34419885
699.07671984,0.35281368
699.31145117,0.35971380
699.54619366,0.36741963
699.78094731,0.36394891
700.01571213,0.38466995
700.25048810,0.39411114
700.48527522,0.40094928
700.72007349,0.39749922
700.95488292,0.40466791
701.18970348,0.40204421
701.42453519,0.40890302
701.65937804,0.40836589
701.89423202,0.41464624
702.12909714,0.41336538
702.36397339,0.40658921
702.59886077,0.39762318
702.83375927,0.38865714
703.06866889,0.37750125
703.30358964,0.36775018
703.53852150,0.36872115
703.77346448,0.38177768
704.00841857,0.36907236
704.24338376,0.37336944
704.47836007,0.36339112
704.71334748,0.35754460
704.94834598,0.35514815
705.18335559,0.34355842
705.41837629,0.34198833
705.65340808,0.34556235
705.88845096,0.34161647
706.12350493,0.35277236
706.35856998,0.34758694
706.59364612,0.35380531
706.82873333,0.35709010
707.06383161,0.38440138
707.29894097,0.38876044
707.53406141,0.41183661
707.76919290,0.42328173
708.00433546,0.44325904
708.23948909,0.45889794
708.47465377,0.47742912
708.70982951,0.47071492
708.94501630,0.47974293
709.18021414,0.47579705
709.41542303,0.47672671
709.65064297,0.46302975
709.88587395,0.45705929
710.12111597,0.42697970
710.35636902,0.41055575
710.59163311,0.39725131
710.82690823,0.38588883
711.06219437,0.37719137
711.29749155,0.37283231
711.53279974,0.36940290
711.76811896,0.37248110
712.00344920,0.35967249
712.23879044,0.36855588
712.47414270,0.37151013
712.70950597,0.37667489
712.94488025,0.37390658
713.18026553,0.37987704
713.41566181,0.36814270
713.65106908,0.36109796
713.88648736,0.36551900
714.12191662,0.35403256
714.35735688,0.34353776
714.59280812,0.34661596
714.82827034,0.34337249
715.06374355,0.33845563
715.29922774,0.34764891
715.53472290,0.33839365
715.77022903,0.33312560
716.00574614,0.34593421
716.24127421,0.34260810
716.47681324,0.34277338
716.71236324,0.31944930
716.94792420,0.32399429
717.18349611,0.29994715
717.41907898,0.30335589
717.65467280,0.29573270
717.89027757,0.29370811
718.12589328,0.28430824
718.36151993,0.27486705
718.59715752,0.26257491
718.83280605,0.25895958
719.06846552,0.25389811
719.30413591,0.25856705
719.53981724,0.25371217
719.77550949,0.26154196
720.01121266,0.26652079
720.24692676,0.27988720
720.48265177,0.29133232
720.71838769,0.29054728
720.95413453,0.28753105
721.18989228,0.29312966
721.42566093,0.29023739
721.66144049,0.28996882
721.89723095,0.28147795
722.13303231,0.28238695
722.36884456,0.27519760
722.60466770,0.27792459
722.84050173,0.27660241
723.07634666,0.28211838
723.31220246,0.28317199
723.54806915,0.28302738
723.78394671,0.26552916
724.01983515,0.26209975
724.25573447,0.25658378
724.49164465,0.26073625
724.72756571,0.25486908
724.96349762,0.25375349
725.19944040,0.26259557
725.43539404,0.25695565
725.67135854,0.24648150
725.90733388,0.24499405
726.14332008,0.24945641
726.37931713,0.24931180
726.61532503,0.24319671
726.85134376,0.24104817
727.08737334,0.24139938
727.32341375,0.23865172
727.55946500,0.23230939
727.79552708,0.23476782
728.03159998,0.23842447
728.26768372,0.23338366
728.50377827,0.24819621
728.73988365,0.24856807
728.97599985,0.25650115
729.21212686,0.26265755
729.44826468,0.26751243
729.68441331,0.26571509
729.92057275,0.26230634
730.15674299,0.26664475
730.39292403,0.26827681
730.62911587,0.25922814
730.86531851,0.24354792
731.10153194,0.23433398
731.33775616,0.22233106
731.57399117,0.21012156
731.81023696,0.19033018
732.04649353,0.18807835
732.28276088,0.17212955
732.51903901,0.16089103
732.75532791,0.15477594
732.99162758,0.14585123
733.22793802,0.14130624
733.46425923,0.13899242
733.70059119,0.13550104
733.93693392,0.13304261
734.17328740,0.12765060
734.40965164,0.12523349
734.64602662,0.12473767
734.88241236,0.12725808
735.11880884,0.12866289
735.35521607,0.12963387
735.59163403,0.12816708
735.82806273,0.13283602
736.06450217,0.13876517
736.30095234,0.14566530
736.53741323,0.15442474
736.77388486,0.17202626
737.01036720,0.18155008
737.24686027,0.19793272
737.48336406,0.21291053
737.71987856,0.23832118
737.95640377,0.26015780
738.19293969,0.27974259
738.42948632,0.29023739
738.66604365,0.30277744
738.90261169,0.30469873
739.13919042,0.31787921
739.37577985,0.32004841
739.61237997,0.32729974
739.84899078,0.32351913
740.08561228,0.31697021
740.32224446,0.30628948
740.55888732,0.28955564
740.79554087,0.28536185
741.03220509,0.27125172
741.26887998,0.25296845
741.50556555,0.24456021
741.74226178,0.23387948
741.97896868,0.22427302
742.21568624,0.21803398
742.45241446,0.20609304
742.68915333,0.19958544
742.92590286,0.20134146
743.16266304,0.19842853
743.39943387,0.19458595
743.63621535,0.19499913
743.87300747,0.19289191
744.10981023,0.18747923
744.34662363,0.18677683
744.58344766,0.19008227
744.82028232,0.19285059
745.05712761,0.19014425
745.29398353,0.18289292
745.53085007,0.18615705
745.76772724,0.18528937
746.00461502,0.17731498
746.24151341,0.17295592
746.47842242,0.17179901
746.71534204,0.16962981
746.95227227,0.16777049
747.18921310,0.17334844
747.42616453,0.17289394
747.66312656,0.18471092
747.90009918,0.17274932
748.13708240,0.18378126
748.37407621,0.18685946
748.61108061,0.18754121
748.84809559,0.18553728
749.08512115,0.18167404
749.32215730,0.17508380
749.55920401,0.17417480
749.79626131,0.17669520
750.03332917,0.18663221
750.27040760,0.18541333
750.50749660,0.19053677
750.74459616,0.19165236
750.98170628,0.18795439
751.21882695,0.18950382
751.45595818,0.18723132
751.69309997,0.19260268
751.93025230,0.18869812
752.16741517,0.18355401
752.40458859,0.18107493
752.64177256,0.18157074
752.87896705,0.18855350
753.11617209,0.19045414
753.35338765,0.19946149
753.59061374,0.19685845
753.82785037,0.21121649
754.06509751,0.21731091
754.30235518,0.22476883
754.53962336,0.23090457
754.77690206,0.24115147
755.01419127,0.25234868
755.25149099,0.26400039
755.48880122,0.26274018
755.72612195,0.26937174
755.96345319,0.26988822
756.20079492,0.26193448
756.43814715,0.25670774
756.67550987,0.25509633
756.91288309,0.25245197
757.15026679,0.25396008
757.38766097,0.24625425
757.62506564,0.24590305
757.86248079,0.24377517
758.09990641,0.22865274
758.33734251,0.22832219
758.57478908,0.22016186
758.81224612,0.22164932
759.04971362,0.21646389
759.28719159,0.21264197
759.52468001,0.19857315
759.76217889,0.19979203
759.99968823,0.19004096
760.23720802,0.18419444
760.47473826,0.18260370
760.71227894,0.17843057
760.94983007,0.17665389
761.18739164,0.16917531
761.42496364,0.15725503
761.66254608,0.15744096
761.90013895,0.15927962
762.13774226,0.16287429
762.37535598,0.16215123
762.61298014,0.16553931
762.85061471,0.16919597
763.08825970,0.17376162
763.32591511,0.17512512
763.56358093,0.17188164
763.80125716,0.17673652
764.03894380,0.19235477
764.27664084,0.20685743
764.51434829,0.21332372
764.75206613,0.22020318
764.98979437,0.22377720
765.22753300,0.22226909
765.46528203,0.21910825
765.70304144,0.21902562
765.94081124,0.21433601
766.17859142,0.21470787
766.41638197,0.22092625
766.65418291,0.20817961
766.89199422,0.21260065
767.12981590,0.20032917
767.36764795,0.19896567
767.60549036,0.19735426
767.84334314,0.20080433
768.08120628,0.19347036
768.31907977,0.19030952
768.55696362,0.18818164
768.79485782,0.18384324
769.03276238,0.17822398
769.27067727,0.17613741
769.50860251,0.16795642
769.74653809,0.17227417
769.98448401,0.17229483
770.22244027,0.17091067
770.46040685,0.18012461
770.69838377,0.18221117
770.93637101,0.18679748
771.17436858,0.19667251
771.41237647,0.20708468
771.65039468,0.21257999
771.88842320,0.21032815
772.12646204,0.21224944
772.36451118,0.21268328
772.60257064,0.20621700
772.84064039,0.20229178
773.07872045,0.20150673
773.31681081,0.19524704
773.55491147,0.19425540
773.79302242,0.20462625
774.03114366,0.19196225
774.26927519,0.18820230
774.50741700,0.18592980
774.74556910,0.18183931
774.98373147,0.18533069
775.22190413,0.18146745
775.46008705,0.18477290
775.69828025,0.18316149
775.93648372,0.18309951
776.17469745,0.17925693
776.41292145,0.18055845
776.65115570,0.17900902
776.88940022,0.18774780
777.12765499,0.17363766
777.36592001,0.17915363
777.60419528,0.17022892
777.84248079,0.17068342
778.08077655,0.16965047
778.31908256,0.17022892
778.55739879,0.16679952
778.79572527,0.16777049
779.03406198,0.16450636
779.27240891,0.16471295
779.51076608,0.15880446
779.74913346,0.16105630
779.98751107,0.16132487
780.22589890,0.17995934
780.46429695,0.16248177
780.70270520,0.16115959
780.94112367,0.15485858
781.17955235,0.16952651
781.41799123,0.16310154
781.65644031,0.16469229
781.89489959,0.15533374
782.13336907,0.16184134
782.37184874,0.15254477
782.61033861,0.15113995
782.84883866,0.15494122
783.08734890,0.14791714
783.32586931,0.14845427
783.56439991,0.14618178
783.80294069,0.14905338
784.04149164,0.15417683
784.28005276,0.15190433
784.51862406,0.16359736
784.75720551,0.15663526
784.99579713,0.15669724
785.23439891,0.16107696
785.47301085,0.15556099
785.71163295,0.15764755
785.95026519,0.16016796
786.18890759,0.15345376
786.42756013,0.14653298
786.66622282,0.14312423
786.90489564,0.14434312
787.14357861,0.13409623
787.38227171,0.13479863
787.62097494,0.12771258
787.85968831,0.12248584
788.09841180,0.11884984
788.33714541,0.12719610
788.57588915,0.11851930
788.81464301,0.11907709
789.05340698,0.12124629
789.29218106,0.12118431
789.53096526,0.12858026
789.76975956,0.12827037
790.00856397,0.13372436
790.24737848,0.13752563
790.48620309,0.13134857
790.72503780,0.14426048
790.96388260,0.14742132
791.20273749,0.15202829
791.44160247,0.15471397
791.68047754,0.15062347
791.91936269,0.15113995
792.15825792,0.14554134
792.39716323,0.13996340
792.63607861,0.13498457
792.87500406,0.13715377
793.11393958,0.14318621
793.35288517,0.14186403
793.59184082,0.13940560
793.83080653,0.13674059
794.06978230,0.13965351
794.30876813,0.13855858
794.54776401,0.13108000
794.78676993,0.12977848
795.02578591,0.13605884
795.26481193,0.13393095
795.50384798,0.13231955
795.74289408,0.13033628
795.98195022,0.13428216
796.22101638,0.13529445
796.46009258,0.13153450
796.69917880,0.13225757
796.93827505,0.13161714
797.17738132,0.13256746
797.41649761,0.13163780
797.65562392,0.13983944
797.89476024,0.14430180
798.13390657,0.13901308
798.37306290,0.14004604
798.61222925,0.13835199
798.85140559,0.14178140
799.09059194,0.13977747
799.32978828,0.14723539
799.56899462,0.14016999
799.80821094,0.14264908
800.04743726,0.13643070
800.28667356,0.13874451
800.52591985,0.14295896
800.76517611,0.14105833
801.00444236,0.14056251
801.24371857,0.14231853
801.48300476,0.14248380
801.72230092,0.13977747
801.96160705,0.14204996
802.20092314,0.14930129
802.44024919,0.15768887
802.67958519,0.16907201
802.91893116,0.16896872
803.15828707,0.17787277
803.39765294,0.18214920
803.63702875,0.19332575
803.87641450,0.19146643
804.11581020,0.19293322
804.35521584,0.19152841
804.59463141,0.19057809
804.83405692,0.18623969
805.07349235,0.19243741
805.31293772,0.18884273
805.55239300,0.18518608
805.79185821,0.18460762
806.03133334,0.18419444
806.27081839,0.17737695
806.51031335,0.18171536
806.74981822,0.18309951
806.98933300,0.18425642
807.22885768,0.17878177
807.46839227,0.18621903
807.70793675,0.18318215
807.94749114,0.17834793
808.18705542,0.17326580
808.42662959,0.17719102
808.66621364,0.17717036
808.90580759,0.17351371
809.14541141,0.17398887
809.38502512,0.16644831
809.62464871,0.16398988
809.86428217,0.15981675
810.10392550,0.15504451
810.34357870,0.14384730
810.58324177,0.14397126
810.82291470,0.13149319
811.06259749,0.12366340
811.30229015,0.11963489
811.54199265,0.11232158
811.78170501,0.10137228
812.02142722,0.09608356
812.26115928,0.08792323
812.50090118,0.08959661
812.74065292,0.07806886
812.98041450,0.07428825
813.22018592,0.07149928
813.45996717,0.06098382
813.69975825,0.05974428
813.93955916,0.05654212
814.17936989,0.05548851
814.41919045,0.05034440
814.65902083,0.05329865
814.89886102,0.04610930
815.13871102,0.04935277
815.37857084,0.04662577
815.61844047,0.04993122
815.85831990,0.04745214
816.09820913,0.04664643
816.33810817,0.04212210
816.57801700,0.04158496
816.81793562,0.04160562
817.05786404,0.04534491
817.29780225,0.03631690
817.53775024,0.03939510
817.77770801,0.03743249
818.01767557,0.03619295
818.25765290,0.03511868
818.49764001,0.03718458
818.73763689,0.03784567
818.97764354,0.03945708
819.21765996,0.03987026
819.45768614,0.03536659
819.69772209,0.03592438
819.93776779,0.03755645
820.17782324,0.03792831
820.41788845,0.03966367
820.65796341,0.03753579
820.89804812,0.03693667
821.13814257,0.04077926
821.37824677,0.04627457
821.61836070,0.04592337
821.85848437,0.04749345
822.09861777,0.05740980
822.33876090,0.06218204
822.57891376,0.06920612
822.81907635,0.07567241
823.05924866,0.08852234
823.29943069,0.09519522
823.53962243,0.11211499
823.77982389,0.12810510
824.02003506,0.14124426
824.26025594,0.16684083
824.50048652,0.18828494
824.74072681,0.20090762
824.98097680,0.22429368
825.22123648,0.23330102
825.46150586,0.25391877
825.70178493,0.24893993
825.94207369,0.25608797
826.18237214,0.26685134
826.42268027,0.27631318
826.66299808,0.27478441
826.90332557,0.28503131
827.14366273,0.28815082
827.38400957,0.30141394
827.62436608,0.29965792
827.86473225,0.30310798
828.10510809,0.30042231
828.34549359,0.29197275
828.58588874,0.29075387
828.82629356,0.29108441
829.06670802,0.28290342
829.30713214,0.27720152
829.54756590,0.26255425
829.78800931,0.25993055
830.02846236,0.26240964
830.26892505,0.25643917
830.50939738,0.25507567
830.74987934,0.24352726
830.99037093,0.24193651
831.23087215,0.22966503
831.47138299,0.22735122
831.71190346,0.22685540
831.95243355,0.22421104
832.19297325,0.21619532
832.43352257,0.21086529
832.67408150,0.20313880
832.91465003,0.20018455
833.15522818,0.18652892
833.39581592,0.18167404
833.63641327,0.18345072
833.87702022,0.16812170
834.11763676,0.15783348
834.35826289,0.15347442
834.59889861,0.15411485
834.83954392,0.14043856
835.08019881,0.13422018
835.32086328,0.12494426
835.56153733,0.12855960
835.80222095,0.12054388
836.04291415,0.11064820
836.28361692,0.10079382
836.52432926,0.10234325
836.76505116,0.09653806
837.00578262,0.09339788
837.24652364,0.08608457
837.48727421,0.08058927
837.72803434,0.07689129
837.96880402,0.07674668
838.20958325,0.06910283
838.45037202,0.07199510
838.69117033,0.07348255
838.93197819,0.07242894
839.17279558,0.07298673
839.41362250,0.07963895
839.65445896,0.07978356
839.89530494,0.08709687
840.13616045,0.08397735
840.37702548,0.08577469
840.61790003,0.09329459
840.85878410,0.09395568
841.09967768,0.08852234
841.34058078,0.08763400
841.58149338,0.08575403
841.82241549,0.08527887
842.06334710,0.07916379
842.30428821,0.07999015
842.54523883,0.07647811
842.78619893,0.07656075
843.02716853,0.06966062
843.26814762,0.06961931
843.50913619,0.06540486
843.75013425,0.07056962
843.99114179,0.06693363
844.23215881,0.06771867
844.47318530,0.06652045
844.71422127,0.07488737
844.95526670,0.07154060
845.19632161,0.07112742
845.43738597,0.06567343
845.67845980,0.07255289
845.91954309,0.06643781
846.16063584,0.06811119
846.40173803,0.06592133
846.64284968,0.07172653
846.88397078,0.06693363
847.12510132,0.06860701
847.36624130,0.07100346
847.60739073,0.06877228
847.84854959,0.07098280
848.08971788,0.07379243
848.33089561,0.07284212
848.57208276,0.07554845
848.81327934,0.08164288
849.05448534,0.08397735
849.29570076,0.08668369
849.53692560,0.10040130
849.77815986,0.10081448
850.01940353,0.10835504
850.26065660,0.11149522
850.50191908,0.12058520
850.74319097,0.11661866
850.98447225,0.12426251
851.22576294,0.12922069
851.46706301,0.13246416
851.70837248,0.13403425
851.94969135,0.14161612
852.19101959,0.14397126
852.43235722,0.16382461
852.67370424,0.16419647
852.91506063,0.16977442
853.15642640,0.18080636
853.39780154,0.18266567
853.63918605,0.18402917
853.88057992,0.19254070
854.12198317,0.19303652
854.36339577,0.18956580
854.60481773,0.18890471
854.84624905,0.19049546
855.08768973,0.18429774
855.32913975,0.18510344
855.57059912,0.17636466
855.81206784,0.17582752
856.05354590,0.17093133
856.29503330,0.17181967
856.53653004,0.16653095
856.77803611,0.16460966
857.01955151,0.15175972
857.26107624,0.18229381
857.50261030,0.14990041
857.74415367,0.15151181
857.98570637,0.13533577
858.22726839,0.13874451
858.46883972,0.13316657
858.71042037,0.13277405
858.95201032,0.12618381
859.19360958,0.11742437
859.43521814,0.10951195
859.67683601,0.10775593
859.91846317,0.11763096
860.16009963,0.10081448
860.40174538,0.10199205
860.64340042,0.09779826
860.88506474,0.10151689
861.12673835,0.10104173
861.36842125,0.09732310
861.61011342,0.09870726
861.85181487,0.10300434
862.09352559,0.10213666
862.33524558,0.10269446
862.57697484,0.10108305
862.81871336,0.10765263
863.06046114,0.11533780
863.30221819,0.11168115
863.54398449,0.11176378
863.78576004,0.10767329
864.02754485,0.10633045
864.26933890,0.10422323
864.51114220,0.10666100
864.75295474,0.10488432
864.99477653,0.11606087
865.23660755,0.10670232
865.47844780,0.10257050
865.72029728,0.10075251
865.96215600,0.09798419
866.20402394,0.09899649
866.44590110,0.10031867
866.68778748,0.09224097
866.92968308,0.09348052
867.17158790,0.09083616
867.41350193,0.09333590
867.65542516,0.09062957
867.89735761,0.09114604
868.13929926,0.08934871
868.38125011,0.09034034
868.62321015,0.09480270
868.86517940,0.09750903
869.10715783,0.09314997
869.34914546,0.09794287
869.59114227,0.10157887
869.83314827,0.10133096
870.07516344,0.10376873
870.31718780,0.09552576
870.55922133,0.10046328
870.80126404,0.10135162
871.04331592,0.09959560
871.28537696,0.09885187
871.52744717,0.09575301
871.76952655,0.09579433
872.01161508,0.09653806
872.25371277,0.09812881
872.49581961,0.09436886
872.73793560,0.09312931
872.98006075,0.08928673
873.22219503,0.09040232
873.46433846,0.08936937
873.70649103,0.08986518
873.94865274,0.08156024
874.19082358,0.08790257
874.43300356,0.08792323
874.67519266,0.08874959
874.91739089,0.07666404
875.15959824,0.07899852
875.40181471,0.07176785
875.64404031,0.07397837
875.88627501,0.06581804
876.12851883,0.07013578
876.37077176,0.06340093
876.61303379,0.06426861
876.85530493,0.06594199
877.09758517,0.06395872
877.33987451,0.05984757
877.58217294,0.06329763
877.82448047,0.06577672
878.06679709,0.07492868
878.30912279,0.07127203
878.55145758,0.07577570
878.79380145,0.08054795
879.03615440,0.07980422
879.27851643,0.08490701
879.52088753,0.07986620
879.76326770,0.07976290
880.00565694,0.08765466
880.24805524,0.08949332
880.49046260,0.09310865
880.73287903,0.08885289
880.97530451,0.09372843
881.21773905,0.09147659
881.46018264,0.08912146
881.70263527,0.09645542
881.94509695,0.09261284
882.18756768,0.09302602
882.43004744,0.09279877
882.67253625,0.09620751
882.91503409,0.09211702
883.15754095,0.09145593
883.40005685,0.09149725
883.64258178,0.09401765
883.88511573,0.08598128
884.12765869,0.08810916
884.37021068,0.08622919
884.61277168,0.08757203
884.85534170,0.08007279
885.09792072,0.07893654
885.34050876,0.07236696
885.58310579,0.07319332
885.82571183,0.07306937
886.06832686,0.06966062
886.31095090,0.07015644
886.55358392,0.06608661
886.79622594,0.05813287
887.03887694,0.05236899
887.28153693,0.05309206
887.52420589,0.05476544
887.76688384,0.05168724
888.00957077,0.04875366
888.25226667,0.04282451
888.49497154,0.04460119
888.73768537,0.04555150
888.98040818,0.04005619
889.22313994,0.03778370
889.46588067,0.04313439
889.70863035,0.03615163
889.95138899,0.03615163
890.19415657,0.03743249
890.43693311,0.03687470
890.67971859,0.03462286
890.92251302,0.03094555
891.16531639,0.03162730
891.40812869,0.02772273
891.65094993,0.02985062
891.89378010,0.03319739
892.13661920,0.02811526
892.37946723,0.03487077
892.62232418,0.03201982
892.86519005,0.03584174
893.10806484,0.03902324
893.35094854,0.04257660
893.59384116,0.03732920
893.83674269,0.04185353
894.07965312,0.04441525
894.32257246,0.04594402
894.56550070,0.04819586
894.80843784,0.05449687
895.05138388,0.05294745
895.29433881,0.05813287
895.53730263,0.05414567
895.78027533,0.06013680
896.02325692,0.05792628
896.26624740,0.05567444
896.50924675,0.05850473
896.75225498,0.06526024
896.99527208,0.06131436
897.23829806,0.06362818
897.48133290,0.06348356
897.72437661,0.06216139
897.96742918,0.05968230
898.21049061,0.05829814
898.45356090,0.06088052
898.69664005,0.06245061
898.93972804,0.05338129
899.18282488,0.06135568
899.42593057,0.06017812
899.66904511,0.06063261
899.91216848,0.06286379
900.15530069,0.06069459
900.39844174,0.06273984
900.64159162,0.05941373
900.88475033,0.05993021
901.12791786,0.06856569
901.37109422,0.06873097
901.61427940,0.07075555
901.85747340,0.07466012
902.10067621,0.07530055
902.34388784,0.08193210
902.58710827,0.08399801
902.83033752,0.08377076
903.07357557,0.08655973
903.31682242,0.08769598
903.56007807,0.08746873
903.80334251,0.08922475
904.04661575,0.09087748
904.28989778,0.09164186
904.53318860,0.09180713
904.77648820,0.09038166
905.01979659,0.09480270
905.26311375,0.09529851
905.50643969,0.09713717
905.74977441,0.09567038
905.99311789,0.09752969
906.23647015,0.09536049
906.47983117,0.09957494
906.72320095,0.09100143
906.96657950,0.09812881
907.20996680,0.09426556
907.45336285,0.09657938
907.69676766,0.09701322
907.94018122,0.10403730
908.18360352,0.10009142
908.42703457,0.10542145
908.67047435,0.09697190
908.91392288,0.09418293
909.15738014,0.09587697
909.40084613,0.09286075
909.64432085,0.09292272
909.88780430,0.09391436
910.13129648,0.09265416
910.37479737,0.09410029
910.61830699,0.08852234
910.86182531,0.08674566
911.10535236,0.08211804
911.34888811,0.08627051
911.59243257,0.07842006
911.83598573,0.07759370
912.07954760,0.07858534
912.32311816,0.08052729
912.56669743,0.08519624
912.81028538,0.08083717
913.05388203,0.08259319
913.29748736,0.08201474
913.54110138,0.08211804
913.78472408,0.08271715
914.02835547,0.07984554
914.27199552,0.08377076
914.51564426,0.07930840
914.75930166,0.08519624
915.00296774,0.08215935
915.24664247,0.08751005
915.49032588,0.08362615
915.73401794,0.08701423
915.97771866,0.08734478
916.22142803,0.09519522
916.46514606,0.09083616
916.70887274,0.09752969
916.95260806,0.09089814
917.19635202,0.09845935
917.44010463,0.09848001
917.68386588,0.10517354
917.92763576,0.10089712
918.17141427,0.11500726
918.41520141,0.11932500
918.65899718,0.12217595
918.90280158,0.12417988
919.14661459,0.12403527
919.39043623,0.12508888
919.63426648,0.13517050
919.87810534,0.14473564
920.12195281,0.15343311
920.36580890,0.15006568
920.60967358,0.16692347
920.85354687,0.17016694
921.09742876,0.17312119
921.34131924,0.16525009
921.58521832,0.16805972
921.82912599,0.16235782
922.07304225,0.15405288
922.31696709,0.14428114
922.56090052,0.13882715
922.80484252,0.13374502
923.04879310,0.12831169
923.29275226,0.12004807
923.53671999,0.11595757
923.78069629,0.10013273
924.02468115,0.10058723
924.26867458,0.09310865
924.51267656,0.08271715
924.75668711,0.07645745
925.00070621,0.07581702
925.24473386,0.06747076
925.48877006,0.06683033
925.73281481,0.06313236
925.97686810,0.05447622
926.22092994,0.05210042
926.46500031,0.04759675
926.70907921,0.04358889
926.95316665,0.04226671
927.19726262,0.03927115
927.44136712,0.03929181
927.68548014,0.03441627
927.92960168,0.03631690
928.17373175,0.02958205
928.41787032,0.02668978
928.66201741,0.02766076
928.90617302,0.02792933
929.15033713,0.02334301
929.39450974,0.02319840
929.63869086,0.02365290
929.88288047,0.02342565
930.12707859,0.02189688
930.37128520,0.02956139
930.61550029,0.02280588
930.85972388,0.02921019
931.10395595,0.02753680
931.34819651,0.02811526
931.59244554,0.02982996
931.83670306,0.02894162
932.08096904,0.03540790
932.32524350,0.03743249
932.56952643,0.04154364
932.81381782,0.04683236
933.05811768,0.04245264
933.30242600,0.05092286
933.54674278,0.04736950
933.79106801,0.05414567
934.03540169,0.05247229
934.27974382,0.05387710
934.52409440,0.05891791
934.76845343,0.06119041
935.01282089,0.06156227
935.25719680,0.06575606
935.50158114,0.06430993
935.74597391,0.06464047
935.99037511,0.06685099
936.23478474,0.06329763
936.47920279,0.06348356
936.72362927,0.07350321
936.96806417,0.06610727
937.21250748,0.07187114
937.45695920,0.07162323
937.70141934,0.06218204
937.94588788,0.06067393
938.19036483,0.05590169
938.43485019,0.06315302
938.67934394,0.05519928
938.92384608,0.05571576
939.16835663,0.05629421
939.41287556,0.05904187
939.65740288,0.06519827
939.90193859,0.05443490
940.14648268,0.05829814
940.39103515,0.05645949
940.63559600,0.05811221
940.88016523,0.05433160
941.12474282,0.05524060
941.36932879,0.05470347
941.61392312,0.05517862
941.85852581,0.05538521
942.10313687,0.05344326
942.34775628,0.05106747
942.59238405,0.04991056
942.83702017,0.04935277
943.08166464,0.05257558
943.32631746,0.05325733
943.57097862,0.04815454
943.81564813,0.04986925
944.06032597,0.04873300
944.30501215,0.04743148
944.54970666,0.05253426
944.79440950,0.04784466
945.03912067,0.04685302
945.28384016,0.05086088
945.52856798,0.04484909
945.77330412,0.04462184
946.01804857,0.03865138
946.26280133,0.03999422
946.50756241,0.04077926
946.75233179,0.04329966
946.99710948,0.03807292
947.24189548,0.04212210
947.48668977,0.04011817
947.73149236,0.04214276
947.97630324,0.03885797
948.22112242,0.03937444
948.46594988,0.04259726
948.71078563,0.03794897
948.95562966,0.04654314
949.20048198,0.03751513
949.44534257,0.03960169
949.69021144,0.04108915
949.93508857,0.03865138
950.17997398,0.04102717
950.42486766,0.03654415
950.66976959,0.04125442
950.91467979,0.03991158
951.15959825,0.03737052
951.40452496,0.03520131
951.64945993,0.03346595
951.89440314,0.03575911
952.13935461,0.02937546
952.38431431,0.02761944
952.62928226,0.02445860
952.87425845,0.02352895
953.11924287,0.02761944
953.36423553,0.02268192
953.60923642,0.01985163
953.85424553,0.02379751
954.09926287,0.02026481
954.34428843,0.01888066
954.58932222,0.01902527
954.83436421,0.02297115
955.07941443,0.01850879
955.32447285,0.01303414
955.56953948,0.01925252
955.81461432,0.01871539
956.05969736,0.01679409
956.30478860,0.01043110
956.54988803,0.01357128
956.79499567,0.01383985
957.04011149,0.01671146
957.28523550,0.01131944
957.53036770,0.01189790
957.77550808,0.01067901
958.02065664,0.01311678
958.26581338,0.01043110
958.51097830,0.01383985
958.75615139,0.01355062
959.00133264,0.01739321
959.24652207,0.01381919
959.49171965,0.01981032
959.73692540,0.01828155
959.98213931,0.01985163
960.22736137,0.02036811
960.47259159,0.02295049
960.71782995,0.05305074
960.96307647,0.02427267
961.20833112,0.02567749
961.45359392,0.03133807
961.69886486,0.02927216
961.94414394,0.03373452
962.18943115,0.03356925
962.43472648,0.03373452
962.68002995,0.03718458
962.92534154,0.03774238
963.17066126,0.03412704
963.41598909,0.03441627
963.66132504,0.03902324
963.90666911,0.03891994
964.15202128,0.03842413
964.39738157,0.04410537
964.64274996,0.04230803
964.88812645,0.04875366
965.13351104,0.04410537
965.37890374,0.04749345
965.62430452,0.04774136
965.86971340,0.05028243
966.11513036,0.05292679
966.36055542,0.05179054
966.60598855,0.04980727
966.85142977,0.04610930
967.09687907,0.04674973
967.34233644,0.04980727
967.58780188,0.05100549
967.83327539,0.04834048
968.07875697,0.05511665
968.32424661,0.05842210
968.56974432,0.05383578
968.81525008,0.05344326
969.06076390,0.05061297
969.30628577,0.05286481
969.55181570,0.05325733
969.79735367,0.05503401
970.04289968,0.04592337
970.28845374,0.04988990
970.53401583,0.05084022
970.77958597,0.05158395
971.02516413,0.04701830
971.27075033,0.04877432
971.51634455,0.04761741
971.76194680,0.05439358
972.00755708,0.04584073
972.25317537,0.05129472
972.49880168,0.05026177
972.74443600,0.05323667
972.99007834,0.05608762
973.23572868,0.05947571
973.48138703,0.06154161
973.72705338,0.06075657
973.97272774,0.06428927
974.21841009,0.06643781
974.46410043,0.06773933
974.70979877,0.06709890
974.95550510,0.06034339
975.20121941,0.06292577
975.44694171,0.06290511
975.69267199,0.05916582
975.93841024,0.05757507
976.18415647,0.06253325
976.42991068,0.06125239
976.67567285,0.05617026
976.92144299,0.05170790
977.16722110,0.05249295
977.41300717,0.05598433
977.65880119,0.05247229
977.90460317,0.04852641
978.15041311,0.05755442
978.39623099,0.05212108
978.64205683,0.05329865
978.88789061,0.04984859
979.13373233,0.05071627
979.37958199,0.04437394
979.62543958,0.04117178
979.87130511,0.04346494
980.11717857,0.04582007
980.36305996,0.03976697
980.60894928,0.04146101
980.85484651,0.03865138
981.10075167,0.03974631
981.34666475,0.03627558
981.59258573,0.03462286
981.83851463,0.03040841
982.08445144,0.03472616
982.33039616,0.02832185
982.57634878,0.02658649
982.82230930,0.02728889
983.06827771,0.02906557
983.31425403,0.02735087
983.56023823,0.02664846
983.80623032,0.02538826
984.05223031,0.02231006
984.29823817,0.02212413
984.54425391,0.02183490
984.79027754,0.01993427
985.03630904,0.02313642
985.28234841,0.02047141
985.52839565,0.02677242
985.77445076,0.02303313
986.02051374,0.02596671
986.26658457,0.02266127
986.51266327,0.02819789
986.75874982,0.02720626
987.00484422,0.03100753
987.25094647,0.03348661
987.49705658,0.03013984
987.74317452,0.03051171
987.98930031,0.03311475
988.23543394,0.03677140
988.48157541,0.03410638
988.72772471,0.03646152
988.97388184,0.03896126
989.22004680,0.03303211
989.46621959,0.03958103
989.71240020,0.03553186
989.95858862,0.04115112
990.20478487,0.03472616
990.45098893,0.04571677
990.69720080,0.03838281
990.94342048,0.04185353
991.18964797,0.03832083
991.43588326,0.03805226
991.68212635,0.03565581
991.92837724,0.03478813
992.17463593,0.03803160
992.42090240,0.03385848
992.66717667,0.03055303
992.91345872,0.03115214
993.15974856,0.02662780
993.40604618,0.03135873
993.65235158,0.02679308
993.89866475,0.02602869
994.14498570,0.02722692
994.39131441,0.02652451
994.63765090,0.02673110
994.88399515,0.02388015
995.13034716,0.02385949
995.37670693,0.02456190
995.62307445,0.01995493
995.86944973,0.01613300
996.11583276,0.01972768
996.36222354,0.02286786
996.60862206,0.02216545
996.85502833,0.02024416
997.10144233,0.02160765
997.34786408,0.01875670
997.59429355,0.01828155
997.84073076,0.01741386
998.08717570,0.01319942
998.33362836,0.01518269
998.58008875,0.01088560
998.82655685,0.01580246
999.07303267,0.02166963
999.31951621,0.01569916
999.56600746,0.01363326
999.81250642,0.01644289
1000.05901309,0.01328205
1000.30552746,0.01383985
1000.55204953,0.01051374
1000.79857929,0.01813693
1001.04511676,0.01675277
1001.29166191,0.01797166
1001.53821476,0.01074099
1001.78477529,0.01466621
1002.03134351,0.01394314
1002.27791941,0.01584378
1002.52450299,0.01677343
1002.77109424,0.01532730
1003.01769317,0.01235240
1003.26429976,0.01642223
1003.51091403,0.01452160
1003.75753596,0.01534796
1004.00416555,0.01396380
1004.25080280,0.02200018
1004.49744771,0.01600905
1004.74410027,0.01563719
1004.99076048,0.01650487
1005.23742834,0.01466621
1005.48410384,0.01813693
1005.73078699,0.01476951
1005.97747778,0.01797166
1006.22417620,0.01605037
1006.47088226,0.01685607
1006.71759595,0.01774441
1006.96431727,0.01877736
1007.21104622,0.01739321
1007.45778279,0.01863275
1007.70452698,0.01191856
1007.95127879,0.01669080
1008.19803821,0.01671146
1008.44480524,0.01981032
1008.69157988,0.01848814
1008.93836213,0.01912857
1009.18515199,0.01439764
1009.43194944,0.01842616
1009.67875450,0.01640157
1009.92556715,0.01414973
1010.17238739,0.01687673
1010.41921522,0.01764111
1010.66605064,0.01621564
1010.91289364,0.01390182
1011.15974422,0.01282755
1011.40660239,0.01078231
1011.65346813,0.01160867
1011.90034144,0.01803364
1012.14722232,0.01605037
1012.39411078,0.01468687
1012.64100679,0.01518269
1012.88791037,0.01807495
1013.13482151,0.01706266
1013.38174020,0.01621564
1013.62866645,0.02096722
1013.87560025,0.02100854
1014.12254160,0.01906659
1014.36949049,0.02096722
1014.61644693,0.02637990
1014.86341091,0.02073997
1015.11038242,0.02065734
1015.35736147,0.02253731
1015.60434805,0.02303313
1015.85134216,0.02051272
1016.09834379,0.02237204
1016.34535295,0.02051272
1016.59236963,0.02390081
1016.83939383,0.01993427
1017.08642554,0.01993427
1017.33346476,0.02092590
1017.58051150,0.01834352
1017.82756574,0.01611234
1018.07462748,0.01559587
1018.32169673,0.01941779
1018.56877347,0.01460423
1018.81585771,0.01886000
1019.06294945,0.01470753
1019.31004867,0.01142274
1019.55715538,0.00933617
1019.80426957,0.01495544
1020.05139125,0.01557521
1020.29852041,0.01359194
1020.54565704,0.00844783
1020.79280114,0.00960474
1021.03995272,0.00673313
1021.28711177,0.01470753
1021.53427828,0.00886101
1021.78145225,0.01094758
1022.02863368,0.00846849
1022.27582257,0.00644390
1022.52301891,0.01208383
1022.77022270,0.00999726
1023.01743395,0.00747686
1023.26465263,0.00786938
1023.51187876,0.00169232
1023.75911234,0.00846849
1024.00635335,0.00572084
1024.25360179,0.00786938
1024.50085766,0.00510107
1024.74812097,0.00755949
1024.99539170,0.00483250
1025.24266985,0.00714631
1025.48995543,0.00570018
1025.73724842,0.00613402
1025.98454883,0.00665050
1026.23185665,0.00495645
1026.47917188,0.00563820
1026.72649452,0.00793136
1026.97382456,0.00799333
1027.22116200,0.00198155
1027.46850685,0.00315911
1027.71585908,0.00532832
1027.96321872,0.00764213
1028.21058574,0.00340702
1028.45796014,-0.00888512
1028.70534194,-0.01041389
1028.95273111,-0.01010400
1029.20012767,-0.00905039
1029.44753160,-0.01146750
1029.69494290,-0.00964950
