198.80933475,-0.00047181
199.01143578,0.00051222
199.21355429,0.00097993
199.41569028,0.00147822
199.61784374,0.00139843
199.82001468,-0.00117717
200.02220309,-0.00012509
200.22440896,-0.00061306
200.42663230,-0.00078265
200.62887310,0.00225875
200.83113136,0.00096352
201.03340708,0.00005377
201.23570025,0.00001652
201.43801087,-0.00393243
201.64033894,0.00010450
201.84268445,-0.00033391
202.04504741,0.00123326
202.24742780,-0.00023496
202.44982564,0.00142168
202.65224090,-0.00030891
202.85467360,-0.00261472
203.05712372,-0.00000286
203.25959128,-0.00051597
203.46207625,-0.00196966
203.66457864,0.00089643
203.86709846,-0.00112600
204.06963568,-0.00215201
204.27219032,-0.00253246
204.47476237,-0.00000296
204.67735182,0.00219516
204.87995868,0.00189555
205.08258293,-0.00020593
205.28522459,0.00091674
205.48788364,-0.00107123
205.69056008,0.00104343
205.89325391,0.00426048
206.09596513,-0.00040319
206.29869374,-0.00005544
206.50143972,0.00015019
206.70420308,-0.00264029
206.90698382,0.00024463
207.10978194,-0.00180563
207.31259742,-0.00198381
207.51543027,0.00252482
207.71828048,-0.00010751
207.92114806,0.00037131
208.12403299,-0.00160098
208.32693528,0.00026685
208.52985493,-0.00148719
208.73279193,0.00130380
208.93574627,0.00118430
209.13871796,-0.00013900
209.34170699,0.00010240
209.54471336,-0.00329587
209.74773707,-0.00161079
209.95077811,-0.00275059
210.15383649,0.00010199
210.35691219,-0.00132036
210.56000522,0.00045969
210.76311557,0.00089065
210.96624324,-0.00139856
211.16938823,-0.00061650
211.37255053,0.00141850
211.57573015,-0.00092915
211.77892707,0.00073389
211.98214130,0.00020784
212.18537284,-0.00033939
212.38862167,0.00010116
212.59188781,-0.00300328
212.79517124,0.00200297
212.99847196,0.00028231
213.20178997,0.00037647
213.40512527,-0.00139699
213.60847785,-0.00029784
213.81184772,0.00026775
214.01523486,0.00038667
214.21863928,-0.00111166
214.42206097,-0.00188137
214.62549993,0.00058526
214.82895616,-0.00141165
215.03242966,0.00064656
215.23592042,0.00110256
215.43942843,0.00087751
215.64295370,0.00091909
215.84649623,-0.00180066
216.05005601,0.00005288
216.25363303,0.00006199
216.45722731,-0.00123834
216.66083882,-0.00034866
216.86446757,0.00098089
217.06811356,0.00076666
217.27177679,0.00063664
217.47545724,-0.00035728
217.67915493,-0.00061588
217.88286984,0.00127342
218.08660198,-0.00495829
218.29035133,-0.00061862
218.49411790,0.00130811
218.69790169,0.00062341
218.90170269,0.00039672
219.10552090,0.00044594
219.30935632,0.00010775
219.51320894,-0.00354234
219.71707876,-0.00088856
219.92096578,-0.00213075
220.12486999,0.00104061
220.32879140,0.00088135
220.53272999,-0.00023994
220.73668578,-0.00121485
220.94065875,0.00224496
221.14464890,0.00277719
221.34865623,-0.00341612
221.55268073,-0.00011301
221.75672241,0.00170571
221.96078126,-0.00254057
222.16485728,-0.00036913
222.36895046,-0.00017626
222.57306080,-0.00008580
222.77718831,-0.00015202
222.98133297,-0.00217156
223.18549478,0.00021319
223.38967375,0.00040726
223.59386986,0.00218932
223.79808312,-0.00249868
224.00231352,0.00297124
224.20656106,-0.00120950
224.41082574,-0.00010392
224.61510756,0.00003433
224.81940650,0.00025974
225.02372258,0.00038905
225.22805578,0.00034899
225.43240610,-0.00181343
225.63677355,-0.00186285
225.84115811,-0.00024226
226.04555979,-0.00010717
226.24997858,0.00195855
226.45441448,0.00175437
226.65886748,0.00195181
226.86333759,0.00010181
227.06782480,0.00054310
227.27232911,0.00091714
227.47685052,0.00152122
227.68138902,0.00230460
227.88594461,0.00252284
228.09051728,0.00081331
228.29510704,0.00010428
228.49971389,-0.00097579
228.70433781,-0.00183991
228.90897881,0.00102868
229.11363688,-0.00055080
229.31831202,-0.00481414
229.52300423,-0.00073279
229.72771350,-0.00126255
229.93243984,0.00202269
230.13718324,0.00120977
230.34194369,0.00024599
230.54672120,-0.00087239
230.75151576,-0.00130506
230.95632737,-0.00058245
231.16115602,-0.00017193
231.36600172,0.00053546
231.57086446,0.00135045
231.77574423,0.00079417
231.98064104,-0.00005718
232.18555488,-0.00124317
232.39048575,-0.00133903
232.59543365,-0.00024183
232.80039857,0.00237529
233.00538051,-0.00062570
233.21037947,-0.00198709
233.41539544,-0.00004744
233.62042843,0.00101999
233.82547842,0.00064359
234.03054543,0.00021563
234.23562943,-0.00042622
234.44073044,0.00066659
234.64584845,-0.00026952
234.85098345,-0.00276997
235.05613545,-0.00228049
235.26130444,0.00274319
235.46649041,0.00133568
235.67169337,0.00145009
235.87691331,0.00107821
236.08215023,-0.00002815
236.28740413,-0.00033428
236.49267500,-0.00048570
236.69796284,0.00082626
236.90326765,-0.00146574
237.10858942,0.00136019
237.31392816,0.00138409
237.51928386,-0.00024603
237.72465651,-0.00134741
237.93004612,0.00141287
238.13545268,0.00099866
238.34087619,0.00077495
238.54631664,-0.00140815
238.75177404,-0.00182999
238.95724838,0.00013516
239.16273965,-0.00004222
239.36824786,-0.00030646
239.57377300,0.00010181
239.77931508,0.00010663
239.98487407,-0.00044217
240.19045000,0.00165573
240.39604284,0.00018793
240.60165260,0.00036500
240.80727928,-0.00098925
241.01292287,-0.00041970
241.21858337,-0.00048072
241.42426077,-0.00063207
241.62995508,0.00123605
241.83566630,0.00195675
242.04139441,-0.00023144
242.24713941,0.00024422
242.45290131,-0.00191148
242.65868010,-0.00004308
242.86447578,-0.00042783
243.07028835,-0.00049754
243.27611779,-0.00024723
243.48196412,0.00127843
243.68782732,-0.00128660
243.89370739,0.00036986
244.09960434,0.00105820
244.30551816,-0.00054279
244.51144884,0.00131574
244.71739638,-0.00348005
244.92336078,-0.00036044
245.12934204,0.00074935
245.33534016,-0.00224593
245.54135512,0.00168698
245.74738694,-0.00092668
245.95343560,0.00215043
246.15950110,0.00013099
246.36558345,-0.00023611
246.57168263,-0.00067300
246.77779865,-0.00012989
246.98393150,-0.00183793
247.19008118,-0.00302260
247.39624769,0.00075668
247.60243102,0.00063083
247.80863117,-0.00016488
248.01484814,0.00173530
248.22108192,0.00119181
248.42733252,0.00120161
248.63359993,-0.00005010
248.83988415,-0.00055810
249.04618517,-0.00066725
249.25250299,0.00105832
249.45883761,-0.00018232
249.66518903,-0.00159536
249.87155724,-0.00019725
250.07794224,-0.00131600
250.28434403,0.00116921
250.49076260,-0.00053509
250.69719796,-0.00045380
250.90365009,0.00145454
251.11011901,-0.00063783
251.31660469,-0.00131878
251.52310715,0.00167007
251.72962638,0.00238750
251.93616237,-0.00071792
252.14271513,0.00192275
252.34928464,-0.00044554
252.55587091,-0.00090869
252.76247394,-0.00048558
252.96909372,0.00028855
253.17573025,0.00280183
253.38238352,-0.00000478
253.58905354,0.00008122
253.79574030,-0.00172412
254.00244380,-0.00167660
254.20916403,-0.00270666
254.41590099,-0.00230071
254.62265469,0.00009933
254.82942511,0.00062016
255.03621225,-0.00004784
255.24301612,-0.00084309
255.44983670,-0.00176718
255.65667400,0.00085838
255.86352802,0.00131280
256.07039874,-0.00206389
256.27728617,0.00070440
256.48419031,-0.00033382
256.69111115,-0.00251287
256.89804868,-0.00046539
257.10500292,-0.00310634
257.31197384,-0.00153075
257.51896146,-0.00187271
257.72596577,0.00178494
257.93298676,-0.00128141
258.14002443,-0.00001854
258.34707878,-0.00084228
258.55414981,0.00215315
258.76123752,0.00030596
258.96834190,0.00088555
259.17546294,-0.00107862
259.38260065,0.00009046
259.58975502,-0.00168204
259.79692606,0.00007837
260.00411375,0.00106488
260.21131810,0.00058946
260.41853909,-0.00031518
260.62577674,-0.00318770
260.83303103,0.00025186
261.04030197,-0.00058163
261.24758955,0.00009683
261.45489377,-0.00067780
261.66221462,0.00087724
261.86955210,-0.00060675
262.07690622,-0.00098977
262.28427696,-0.00139434
262.49166433,0.00107189
262.69906831,-0.00077502
262.90648892,-0.00248421
263.11392614,0.00078749
263.32137998,0.00205534
263.52885042,-0.00217906
263.73633747,-0.00242176
263.94384113,-0.00070240
264.15136139,-0.00146522
264.35889825,-0.00051148
264.56645171,0.00035814
264.77402176,-0.00071634
264.98160840,-0.00163719
265.18921163,0.00024212
265.39683144,-0.00007462
265.60446784,-0.00135226
265.81212081,-0.00000917
266.01979037,0.00150413
266.22747650,-0.00130574
266.43517920,-0.00400459
266.64289847,-0.00083175
266.85063430,0.00049561
267.05838670,0.00221089
267.26615566,0.00106822
267.47394117,-0.00139681
267.68174324,-0.00284173
267.88956187,-0.00276268
268.09739704,0.00012236
268.30524876,-0.00096340
268.51311702,0.00004960
268.72100183,0.00211886
268.92890317,0.00086613
269.13682105,-0.00024374
269.34475546,-0.00016087
269.55270640,0.00200374
269.76067387,-0.00042356
269.96865786,0.00059438
270.17665838,0.00019745
270.38467541,0.00049620
270.59270896,-0.00046434
270.80075902,-0.00164012
271.00882560,0.00106544
271.21690868,0.00038896
271.42500826,0.00004075
271.63312435,0.00167319
271.84125694,0.00152202
272.04940602,0.00044795
272.25757160,0.00114618
272.46575367,0.00113468
272.67395223,-0.00017320
272.88216727,0.00493299
273.09039880,0.00072150
273.29864681,0.00093696
273.50691129,0.00062195
273.71519225,-0.00136512
273.92348968,0.00009559
274.13180358,-0.00247692
274.34013395,-0.00132762
274.54848077,0.00142279
274.75684406,-0.00119927
274.96522381,-0.00167672
275.17362001,0.00067416
275.38203267,0.00033703
275.59046177,0.00173384
275.79890732,-0.00168078
276.00736932,-0.00015140
276.21584776,0.00168463
276.42434263,0.00231498
276.63285394,0.00023136
276.84138169,-0.00189522
277.04992586,0.00022769
277.25848646,0.00204780
277.46706349,0.00216919
277.67565694,0.00077726
277.88426680,0.00019692
278.09289309,-0.00007443
278.30153578,0.00237377
278.51019489,-0.00171629
278.71887041,0.00028957
278.92756233,-0.00152726
279.13627065,-0.00169601
279.34499537,0.00177632
279.55373649,0.00236911
279.76249401,0.00095545
279.97126791,-0.00146484
280.18005820,0.00097616
280.38886488,-0.00155385
280.59768795,0.00180908
280.80652739,-0.00073622
281.01538321,-0.00195556
281.22425540,0.00050016
281.43314397,-0.00075545
281.64204891,0.00093297
281.85097021,0.00100389
282.05990788,0.00129534
282.26886190,-0.00090513
282.47783229,0.00130532
282.68681903,-0.00069269
282.89582212,0.00116578
283.10484156,-0.00088547
283.31387735,-0.00145313
283.52292949,0.00022348
283.73199796,0.00131231
283.94108277,0.00178003
284.15018392,0.00036559
284.35930141,-0.00013221
284.56843522,0.00052019
284.77758536,0.00065114
284.98675183,0.00001482
285.19593461,-0.00223028
285.40513372,-0.00072945
285.61434914,0.00107041
285.82358088,-0.00240523
286.03282893,-0.00036536
286.24209328,-0.00096294
286.45137395,0.00107928
286.66067091,-0.00132339
286.86998417,-0.00144855
287.07931373,0.00121425
287.28865959,-0.00224151
287.49802174,-0.00170297
287.70740017,0.00093152
287.91679489,0.00141757
288.12620590,0.00240197
288.33563318,-0.00019750
288.54507675,0.00261778
288.75453658,0.00068124
288.96401269,0.00022101
289.17350507,0.00085077
289.38301372,0.00044152
289.59253863,0.00141958
289.80207980,0.00027870
290.01163723,0.00083451
290.22121091,0.00121175
290.43080085,0.00110810
290.64040703,0.00267466
290.85002947,0.00062594
291.05966815,-0.00008475
291.26932307,-0.00169475
291.47899422,-0.00151471
291.68868162,-0.00177929
291.89838525,0.00087495
292.10810511,-0.00058100
292.31784119,0.00032914
292.52759350,0.00180995
292.73736204,0.00037332
292.94714679,0.00112525
293.15694776,0.00047221
293.36676494,-0.00053216
293.57659834,0.00009782
293.78644794,0.00109696
293.99631375,-0.00030721
294.20619576,-0.00121451
294.41609397,0.00109672
294.62600838,0.00097857
294.83593898,-0.00019097
295.04588578,-0.00087122
295.25584876,-0.00106208
295.46582793,0.00126983
295.67582328,-0.00218274
295.88583481,-0.00246363
296.09586253,-0.00002920
296.30590641,-0.00035957
296.51596647,-0.00155821
296.72604270,0.00641686
296.93613509,0.00082119
297.14624365,-0.00069125
297.35636837,-0.00051192
297.56650925,-0.00017199
297.77666629,0.00114479
297.98683947,-0.00005545
298.19702881,-0.00172078
298.40723429,-0.00151149
298.61745592,-0.00282942
298.82769369,-0.00066870
299.03794760,-0.00179252
299.24821765,0.00067725
299.45850383,0.00012679
299.66880614,-0.00111806
299.87912458,-0.00057928
300.08945914,0.00095186
300.29980983,0.00016713
300.51017663,-0.00123757
300.72055955,-0.00001535
300.93095859,-0.00081774
301.14137374,0.00018088
301.35180499,0.00128421
301.56225235,0.00036967
301.77271582,0.00006566
301.98319538,0.00064614
302.19369105,0.00102926
302.40420280,0.00059586
302.61473065,-0.00006352
302.82527459,0.00140140
303.03583461,0.00040723
303.24641072,0.00038952
303.45700291,0.00062474
303.66761117,0.00253029
303.87823552,-0.00183945
304.08887593,0.00018367
304.29953241,0.00090880
304.51020496,0.00147148
304.72089358,-0.00198607
304.93159825,0.00042151
305.14231899,0.00007142
305.35305578,-0.00200691
305.56380862,-0.00190839
305.77457752,-0.00174174
305.98536246,0.00125159
306.19616344,0.00303041
306.40698047,0.00073031
306.61781354,-0.00183040
306.82866264,-0.00129717
307.03952778,0.00311767
307.25040895,-0.00061155
307.46130614,0.00081365
307.67221937,0.00043150
307.88314861,0.00225272
308.09409387,0.00025298
308.30505515,-0.00067498
308.51603245,0.00264065
308.72702576,0.00137160
308.93803507,0.00005197
309.14906039,0.00250797
309.36010172,-0.00065436
309.57115904,0.00136106
309.78223236,0.00158679
309.99332168,-0.00063541
310.20442699,-0.00020810
310.41554829,0.00013884
310.62668557,0.00090969
310.83783884,0.00037384
311.04900809,-0.00133795
311.26019332,0.00108126
311.47139452,0.00189861
311.68261169,-0.00195201
311.89384484,-0.00205281
312.10509395,-0.00117704
312.31635903,0.00113172
312.52764007,0.00187681
312.73893706,0.00026073
312.95025002,-0.00126580
313.16157892,-0.00013839
313.37292378,-0.00083279
313.58428458,-0.00048749
313.79566133,0.00036757
314.00705402,-0.00203569
314.21846266,0.00095671
314.42988722,0.00361114
314.64132772,0.00171403
314.85278416,0.00007225
315.06425652,0.00011495
315.27574480,-0.00015839
315.48724901,0.00102318
315.69876914,0.00197728
315.91030518,0.00055929
316.12185715,0.00028382
316.33342502,-0.00051105
316.54500880,-0.00000206
316.75660848,0.00037601
316.96822407,-0.00075789
317.17985556,0.00265147
317.39150295,0.00118649
317.60316624,0.00033109
317.81484541,-0.00107450
318.02654048,-0.00071634
318.23825143,0.00138023
318.44997826,-0.00138945
318.66172098,-0.00113506
318.87347957,0.00113762
319.08525404,0.00232061
319.29704439,0.00229804
319.50885060,-0.00071653
319.72067268,-0.00046397
319.93251063,0.00108293
320.14436443,-0.00002849
320.35623410,-0.00216960
320.56811962,-0.00169407
320.78002100,0.00162119
320.99193822,0.00225012
321.20387130,-0.00122762
321.41582021,0.00005531
321.62778498,-0.00012188
321.83976558,0.00073024
322.05176201,-0.00221938
322.26377428,0.00208103
322.47580239,-0.00056128
322.68784632,-0.00023073
322.89990607,0.00049719
323.11198165,0.00049261
323.32407305,-0.00117506
323.53618027,-0.00046570
323.74830330,-0.00061612
323.96044215,-0.00130094
324.17259680,0.00182693
324.38476726,0.00098676
324.59695352,-0.00072086
324.80915558,-0.00042591
325.02137344,0.00271475
325.23360710,0.00204443
325.44585655,-0.00070954
325.65812178,0.00087993
325.87040281,0.00032265
326.08269962,-0.00104946
326.29501221,-0.00022303
326.50734058,-0.00019041
326.71968472,0.00078672
326.93204464,0.00134758
327.14442032,-0.00073007
327.35681178,-0.00307898
327.56921900,-0.00088903
327.78164198,-0.00066135
327.99408072,-0.00097654
328.20653522,-0.00040542
328.41900547,0.00178791
328.63149147,0.00148165
328.84399322,0.00064149
329.05651071,-0.00197083
329.26904395,-0.00063235
329.48159293,0.00175762
329.69415764,0.00133048
329.90673809,0.00008193
330.11933427,0.00147828
330.33194617,0.00062715
330.54457381,0.00047641
330.75721716,0.00109325
330.96987624,-0.00015437
331.18255104,0.00024831
331.39524154,-0.00053389
331.60794777,0.00198396
331.82066970,0.00011247
332.03340733,-0.00344054
332.24616067,0.00019167
332.45892971,-0.00010958
332.67171445,0.00146629
332.88451489,-0.00075950
333.09733102,0.00347336
333.31016283,0.00051539
333.52301034,-0.00088921
333.73587352,0.00086821
333.94875239,0.00195527
334.16164694,0.00272925
334.37455717,-0.00133616
334.58748306,-0.00033462
334.80042463,0.00123623
335.01338187,0.00120117
335.22635477,-0.00010747
335.43934333,0.00089269
335.65234755,0.00054699
335.86536743,0.00163436
336.07840296,0.00095653
336.29145415,0.00109802
336.50452098,0.00206990
336.71760345,-0.00069461
336.93070157,-0.00216052
337.14381533,0.00189675
337.35694473,0.00040621
337.57008976,0.00041984
337.78325042,-0.00249747
337.99642671,0.00252584
338.20961863,0.00060399
338.42282617,0.00083665
338.63604933,0.00048723
338.84928810,0.00039029
339.06254250,-0.00050449
339.27581250,0.00072734
339.48909812,-0.00222250
339.70239934,-0.00020943
339.91571616,-0.00142936
340.12904859,0.00269667
340.34239661,-0.00200509
340.55576023,0.00161022
340.76913945,0.00077587
340.98253425,0.00041264
341.19594464,0.00261227
341.40937061,-0.00239756
341.62281217,0.00102039
341.83626930,-0.00183017
342.04974201,0.00114327
342.26323030,0.00149429
342.47673415,0.00075130
342.69025357,-0.00110013
342.90378856,-0.00260901
343.11733911,-0.00332789
343.33090522,-0.00063337
343.54448688,-0.00203693
343.75808410,0.00208684
343.97169687,0.00144026
344.18532519,-0.00026306
344.39896906,0.00159078
344.61262847,0.00304472
344.82630341,-0.00106745
345.03999390,-0.00335349
345.25369992,0.00337296
345.46742147,0.00225186
345.68115855,-0.00071152
345.89491115,-0.00134237
346.10867928,-0.00063844
346.32246293,0.00026905
346.53626210,-0.00078871
346.75007679,-0.00107930
346.96390698,-0.00132469
347.17775269,-0.00027561
347.39161390,-0.00095413
347.60549061,0.00004106
347.81938283,0.00016193
348.03329055,0.00064857
348.24721376,-0.00155539
348.46115246,0.00058641
348.67510665,0.00063707
348.88907634,0.00108139
349.10306150,0.00139104
349.31706215,-0.00108044
349.53107828,-0.00050743
349.74510988,0.00137883
349.95915696,0.00144369
350.17321950,-0.00069269
350.38729752,0.00134573
350.60139100,0.00244024
350.81549994,0.00078663
351.02962435,0.00180828
351.24376421,-0.00046468
351.45791952,-0.00130799
351.67209028,0.00128993
351.88627650,0.00017810
352.10047816,0.00074434
352.31469526,-0.00153109
352.52892780,-0.00010754
352.74317578,-0.00251234
352.95743919,0.00072823
353.17171804,-0.00280957
353.38601232,0.00190430
353.60032202,-0.00149759
353.81464714,0.00061203
354.02898769,-0.00018254
354.24334365,0.00409159
354.45771503,-0.00167147
354.67210182,-0.00069183
354.88650403,-0.00206870
355.10092164,0.00117400
355.31535465,0.00191799
355.52980306,0.00131145
355.74426687,0.00083436
355.95874608,-0.00094411
356.17324069,0.00024620
356.38775068,-0.00135362
356.60227606,-0.00113352
356.81681682,0.00132087
357.03137297,0.00141154
357.24594449,-0.00192842
357.46053139,0.00218150
357.67513367,-0.00018547
357.88975132,-0.00002580
358.10438433,0.00032280
358.31903271,0.00152388
358.53369645,-0.00086504
358.74837556,0.00008582
358.96307002,0.00171511
359.17777983,0.00034342
359.39250499,-0.00019521
359.60724551,-0.00094572
359.82200137,0.00058291
360.03677257,0.00147506
360.25155911,0.00038636
360.46636100,0.00076941
360.68117821,0.00023093
360.89601076,0.00168286
361.11085864,0.00207129
361.32572184,-0.00154702
361.54060037,-0.00096371
361.75549422,-0.00163357
361.97040338,0.00033771
362.18532786,0.00270276
362.40026766,-0.00063817
362.61522276,-0.00054771
362.83019318,-0.00271760
363.04517889,-0.00015493
363.26017991,0.00051750
363.47519623,0.00101903
363.69022784,0.00027010
363.90527474,-0.00036437
364.12033694,-0.00066450
364.33541442,-0.00061838
364.55050719,-0.00304721
364.76561524,0.00191233
364.98073857,-0.00130404
365.19587718,-0.00059770
365.41103106,-0.00034069
365.62620021,0.00038741
365.84138463,-0.00006908
366.05658432,0.00143915
366.27179927,0.00157112
366.48702948,0.00076505
366.70227494,0.00229136
366.91753566,-0.00220534
367.13281163,0.00019832
367.34810285,0.00362929
367.56340932,-0.00162210
367.77873103,0.00032948
367.99406798,0.00238352
368.20942017,0.00101065
368.42478759,-0.00124128
368.64017025,-0.00051423
368.85556813,0.00242856
369.07098125,-0.00061411
369.28640958,-0.00002769
369.50185314,-0.00002886
369.71731191,0.00012335
369.93278590,0.00054689
370.14827511,0.00108355
370.36377952,0.00251845
370.57929914,0.00137018
370.79483397,-0.00031088
371.01038400,-0.00119785
371.22594922,0.00141420
371.44152965,-0.00187250
371.65712526,0.00118018
371.87273607,-0.00072809
372.08836206,-0.00021097
372.30400324,-0.00123349
372.51965960,0.00028144
372.73533114,0.00094151
372.95101786,-0.00047142
373.16671976,-0.00039769
373.38243682,0.00177684
373.59816905,0.00033353
373.81391645,-0.00051510
374.02967901,0.00135800
374.24545673,0.00068211
374.46124961,0.00076162
374.67705764,0.00082972
374.89288082,0.00114250
375.10871916,0.00038772
375.32457264,0.00049239
375.54044126,0.00112071
375.75632503,0.00025492
375.97222393,-0.00101153
376.18813797,0.00036079
376.40406713,0.00139531
376.62001143,0.00007479
376.83597086,-0.00016319
377.05194541,-0.00124527
377.26793508,-0.00163700
377.48393987,-0.00113318
377.69995978,0.00117193
377.91599480,-0.00200197
378.13204493,0.00231603
378.34811016,0.00270124
378.56419050,0.00012676
378.78028595,0.00079504
378.99639649,0.00011497
379.21252213,0.00055289
379.42866286,0.00110463
379.64481868,0.00463582
379.86098960,-0.00009882
380.07717559,0.00095640
380.29337667,0.00206563
380.50959283,0.00212434
380.72582407,0.00127586
380.94207038,0.00355686
381.15833176,0.00095362
381.37460821,0.00181276
381.59089972,-0.00007029
381.80720630,0.00087751
382.02352794,0.00095461
382.23986464,-0.00224766
382.45621639,0.00026537
382.67258319,0.00120838
382.88896505,-0.00074043
383.10536195,0.00106581
383.32177389,-0.00009004
383.53820087,0.00013955
383.75464289,0.00076629
383.97109995,0.00049691
384.18757204,-0.00024470
384.40405916,0.00294323
384.62056131,0.00205632
384.83707848,0.00240011
385.05361067,0.00225921
385.27015788,0.00296744
385.48672011,0.00019056
385.70329735,0.00004122
385.91988960,0.00267954
386.13649686,0.00315328
386.35311912,0.00087863
386.56975639,0.00095820
386.78640865,0.00407673
387.00307592,0.00068177
387.21975817,0.00059305
387.43645542,0.00129181
387.65316765,0.00198040
387.86989487,0.00158886
388.08663707,-0.00128339
388.30339426,0.00346690
388.52016641,0.00258924
388.73695355,0.00115249
388.95375565,0.00347525
389.17057273,0.00430681
389.38740477,0.00126041
389.60425177,0.00142134
389.82111374,0.00153590
390.03799066,0.00084209
390.25488253,0.00208501
390.47178936,0.00059496
390.68871114,0.00282106
390.90564787,-0.00005211
391.12259954,0.00131144
391.33956614,0.00280047
391.55654769,-0.00007360
391.77354418,0.00238240
391.99055559,0.00174889
392.20758194,-0.00078287
392.42462321,0.00062535
392.64167941,0.00179867
392.85875053,0.00010536
393.07583657,-0.00007669
393.29293752,0.00259796
393.51005339,0.00119503
393.72718417,0.00255258
393.94432986,-0.00180192
394.16149045,0.00064016
394.37866594,0.00095541
394.59585634,0.00368172
394.81306163,0.00166821
395.03028181,0.00136032
395.24751689,0.00273349
395.46476685,0.00137447
395.68203170,0.00213182
395.89931143,0.00126474
396.11660604,0.00387199
396.33391553,0.00251233
396.55123990,0.00013776
396.76857913,0.00255218
396.98593324,0.00324349
397.20330221,0.00262046
397.42068604,0.00250664
397.63808474,0.00396293
397.85549829,0.00180318
398.07292670,-0.00016782
398.29036996,0.00259635
398.50782807,0.00448410
398.72530103,0.00325033
398.94278883,0.00393412
399.16029147,0.00048312
399.37780895,0.00217065
399.59534127,0.00063324
399.81288841,0.00142517
400.03045039,0.00056746
400.24802720,0.00277439
400.46561883,0.00212904
400.68322529,0.00277658
400.90084656,0.00214879
401.11848265,0.00084107
401.33613355,0.00359559
401.55379926,0.00141741
401.77147978,0.00446426
401.98917511,0.00182850
402.20688524,0.00189827
402.42461017,0.00255004
402.64234989,0.00199015
402.86010441,0.00312741
403.07787372,0.00209426
403.29565782,0.00158966
403.51345670,0.00447712
403.73127037,0.00207510
403.94909882,0.00236364
404.16694205,0.00379319
404.38480005,0.00449665
404.60267282,0.00173236
404.82056036,0.00388559
405.03846267,0.00030052
405.25637974,0.00227038
405.47431157,0.00352122
405.69225816,0.00334433
405.91021951,0.00240791
406.12819561,0.00269339
406.34618645,0.00357677
406.56419205,0.00012271
406.78221239,0.00271985
407.00024747,0.00362954
407.21829729,0.00233467
407.43636184,0.00268854
407.65444113,0.00128146
407.87253515,0.00327333
408.09064390,0.00597258
408.30876737,0.00443990
408.52690556,0.00532544
408.74505847,0.00370277
408.96322610,0.00448361
409.18140844,0.00140047
409.39960550,0.00146023
409.61781726,0.00381647
409.83604372,0.00397484
410.05428489,0.00500799
410.27254076,0.00352579
410.49081133,0.00086135
410.70909659,0.00316049
410.92739654,0.00217167
411.14571118,0.00454670
411.36404051,0.00240166
411.58238452,0.00306126
411.80074321,0.00437182
412.01911658,0.00293114
412.23750462,0.00119394
412.45590734,0.00420257
412.67432472,0.00345166
412.89275677,0.00307260
413.11120349,0.00466052
413.32966486,0.00170506
413.54814090,0.00600438
413.76663159,0.00615391
413.98513693,0.00313158
414.20365692,0.00612383
414.42219156,0.00397725
414.64074084,0.00365300
414.85930477,0.00389162
415.07788333,0.00344211
415.29647653,0.00341188
415.51508437,0.00392565
415.73370683,0.00495738
415.95234392,0.00458259
416.17099564,0.00215760
416.38966198,0.00287049
416.60834294,0.00502527
416.82703851,0.00169944
417.04574870,0.00298100
417.26447350,0.00397833
417.48321291,0.00408273
417.70196692,0.00336247
417.92073554,0.00632613
418.13951875,0.00285389
418.35831657,0.00346684
418.57712898,0.00367544
418.79595598,0.00363291
419.01479757,0.00030043
419.23365374,0.00481484
419.45252450,0.00415923
419.67140984,0.00344097
419.89030975,0.00312612
420.10922425,0.00313397
420.32815331,0.00233974
420.54709694,0.00398291
420.76605514,0.00623868
420.98502791,0.00096039
421.20401523,0.00254213
421.42301712,0.00257397
421.64203356,0.00322872
421.86106455,0.00495766
422.08011009,0.00474798
422.29917018,0.00274864
422.51824482,0.00401886
422.73733399,0.00231770
422.95643771,0.00261926
423.17555596,0.00456173
423.39468875,0.00560536
423.61383606,0.00435263
423.83299790,0.00187657
424.05217427,0.00081377
424.27136516,0.00209228
424.49057057,0.00232036
424.70979050,0.00253008
424.92902494,0.00332739
425.14827390,0.00244426
425.36753736,0.00305585
425.58681532,0.00147291
425.80610779,0.00274517
426.02541476,0.00406900
426.24473623,0.00315384
426.46407219,0.00314290
426.68342265,0.00298413
426.90278759,0.00198943
427.12216702,0.00291189
427.34156093,0.00362045
427.56096933,0.00484505
427.78039220,0.00589737
427.99982955,0.00588543
428.21928137,0.00556755
428.43874766,0.00637754
428.65822841,0.00653597
428.87772363,0.00427631
429.09723331,0.00154666
429.31675745,0.00254154
429.53629605,0.00516345
429.75584910,0.00385146
429.97541660,0.00465366
430.19499854,0.00656799
430.41459494,0.00226673
430.63420577,0.00285198
430.85383104,0.00488010
431.07347075,0.00332974
431.29312489,0.00356982
431.51279347,0.00584002
431.73247647,0.00541904
431.95217390,0.00617082
432.17188574,0.00460986
432.39161201,0.00644317
432.61135270,0.00566712
432.83110780,0.00400217
433.05087731,0.00321113
433.27066123,0.00359191
433.49045956,0.00311882
433.71027229,0.00638533
433.93009942,0.00226228
434.14994095,0.00328640
434.36979687,0.00767970
434.58966718,0.00743159
434.80955189,0.00584027
435.02945098,0.00502505
435.24936445,0.00369882
435.46929230,0.00636391
435.68923454,0.00632236
435.90919115,0.00490375
436.12916213,0.00382849
436.34914748,0.00638796
436.56914720,0.00552449
436.78916128,0.00498072
437.00918972,0.00646595
437.22923252,0.00585687
437.44928968,0.00433158
437.66936119,0.00370119
437.88944706,0.00703896
438.10954727,0.00800015
438.32966182,0.00749762
438.54979072,0.00567046
438.76993395,0.00573146
438.99009153,0.00578645
439.21026343,0.01083007
439.43044967,0.00815577
439.65065024,0.00787075
439.87086513,0.00768882
440.09109434,0.00649003
440.31133788,0.00609104
440.53159573,0.00832598
440.75186789,0.00768146
440.97215437,0.00791442
441.19245516,0.00798346
441.41277025,0.01045083
441.63309964,0.00773071
441.85344334,0.00808967
442.07380133,0.00940404
442.29417362,0.00890640
442.51456020,0.00998889
442.73496107,0.01051649
442.95537623,0.01018293
443.17580567,0.01131470
443.39624939,0.00926824
443.61670739,0.01032634
443.83717967,0.01265930
444.05766622,0.01171317
444.27816704,0.01186851
444.49868212,0.00969036
444.71921147,0.01382016
444.93975509,0.01198515
445.16031296,0.01205136
445.38088508,0.01410264
445.60147147,0.01203031
445.82207210,0.01279569
446.04268698,0.01286803
446.26331610,0.01151784
446.48395947,0.01396449
446.70461707,0.01301091
446.92528892,0.01377991
447.14597499,0.01324663
447.36667530,0.01440757
447.58738984,0.01402651
447.80811860,0.01604953
448.02886158,0.01643941
448.24961879,0.01338914
448.47039021,0.01255587
448.69117585,0.01726208
448.91197570,0.01414954
449.13278975,0.01566073
449.35361802,0.01634070
449.57446049,0.01437743
449.79531715,0.01775526
450.01618802,0.01468319
450.23707308,0.01191299
450.45797234,0.01417492
450.67888578,0.01326152
450.89981341,0.01520770
451.12075522,0.01289159
451.34171122,0.01375212
451.56268139,0.01890935
451.78366574,0.01564207
452.00466426,0.01536623
452.22567696,0.01750755
452.44670382,0.01573456
452.66774484,0.01706419
452.88880003,0.01729673
453.10986938,0.01540128
453.33095288,0.01869184
453.55205053,0.01946205
453.77316234,0.01719174
453.99428830,0.01870866
454.21542840,0.01993866
454.43658264,0.01929508
454.65775102,0.01832561
454.87893354,0.01963009
455.10013019,0.01810276
455.32134098,0.02104815
455.54256589,0.02175754
455.76380493,0.02075759
455.98505809,0.01812239
456.20632537,0.02079154
456.42760677,0.02042867
456.64890229,0.02243216
456.87021191,0.01944999
457.09153565,0.01939904
457.31287349,0.01764357
457.53422544,0.01920649
457.75559149,0.01568126
457.97697163,0.01751018
458.19836587,0.02256883
458.41977420,0.01911155
458.64119663,0.01834169
458.86263313,0.02153648
459.08408373,0.02194516
459.30554840,0.02009679
459.52702716,0.02564134
459.74851999,0.02193198
459.97002689,0.02249792
460.19154786,0.02355311
460.41308290,0.02318497
460.63463201,0.02453365
460.85619518,0.02394323
461.07777241,0.02468308
461.29936369,0.02453417
461.52096903,0.02152903
461.74258841,0.02370338
461.96422185,0.02581744
462.18586933,0.02485286
462.40753086,0.02540698
462.62920642,0.02305748
462.85089602,0.02820621
463.07259966,0.02730289
463.29431733,0.02606339
463.51604902,0.02479480
463.73779475,0.02784965
463.95955449,0.02811214
464.18132826,0.02813523
464.40311604,0.02722106
464.62491784,0.02872774
464.84673365,0.02777045
465.06856347,0.02852829
465.29040730,0.02805924
465.51226513,0.03178587
465.73413696,0.02796619
465.95602279,0.02988399
466.17792261,0.02678049
466.39983643,0.03117206
466.62176424,0.02885801
466.84370603,0.02936920
467.06566181,0.02820571
467.28763157,0.03103969
467.50961531,0.03243953
467.73161303,0.03227210
467.95362472,0.02983577
468.17565038,0.02854962
468.39769001,0.02909978
468.61974360,0.02974983
468.84181116,0.03124096
469.06389267,0.02903682
469.28598814,0.02975839
469.50809757,0.02836170
469.73022094,0.03071093
469.95235827,0.03110207
470.17450954,0.02916702
470.39667475,0.02996115
470.61885390,0.03057348
470.84104699,0.02632170
471.06325402,0.02790221
471.28547498,0.02491252
471.50770986,0.02431652
471.72995867,0.02736184
471.95222141,0.02779614
472.17449806,0.02626961
472.39678864,0.02871822
472.61909313,0.02784542
472.84141153,0.02960259
473.06374384,0.02685848
473.28609005,0.02814951
473.50845017,0.02673418
473.73082420,0.02699388
473.95321212,0.02703033
474.17561393,0.02779398
474.39802964,0.02623453
474.62045924,0.02258957
474.84290273,0.02792446
475.06536010,0.02915623
475.28783136,0.02448317
475.51031649,0.02615811
475.73281550,0.02826033
475.95532838,0.02618426
476.17785513,0.02742799
476.40039575,0.02682642
476.62295024,0.03084317
476.84551859,0.02785253
477.06810080,0.02546336
477.29069686,0.02619490
477.51330678,0.02885087
477.73593055,0.02752049
477.95856817,0.02633836
478.18121963,0.02443769
478.40388494,0.02563091
478.62656409,0.02492776
478.84925707,0.02598308
479.07196389,0.02703277
479.29468455,0.02701382
479.51741903,0.02492755
479.74016733,0.02499101
479.96292946,0.02583411
480.18570542,0.02399545
480.40849519,0.01971083
480.63129877,0.02374245
480.85411617,0.02206312
481.07694738,0.02532846
481.29979239,0.02276198
481.52265121,0.02333928
481.74552383,0.02235881
481.96841025,0.02233315
482.19131046,0.01985153
482.41422447,0.02551697
482.63715227,0.02497895
482.86009385,0.02348572
483.08304922,0.02241655
483.30601837,0.02348445
483.52900130,0.02596768
483.75199801,0.02520165
483.97500849,0.02142331
484.19803274,0.02402126
484.42107076,0.02633756
484.64412255,0.02509763
484.86718810,0.02814772
485.09026741,0.02825591
485.31336047,0.02524920
485.53646729,0.02374388
485.75958786,0.02786285
485.98272218,0.02729980
486.20587024,0.02673124
486.42903205,0.02738935
486.65220760,0.02510205
486.87539689,0.02599269
487.09859991,0.02768167
487.32181666,0.02734703
487.54504715,0.02949050
487.76829136,0.02577497
487.99154929,0.03162639
488.21482094,0.02906392
488.43810631,0.02678206
488.66140540,0.03315963
488.88471820,0.03250334
489.10804471,0.03216960
489.33138493,0.03321870
489.55473885,0.03480659
489.77810647,0.03266999
490.00148780,0.03424366
490.22488281,0.03269141
490.44829153,0.03445483
490.67171393,0.03507720
490.89515002,0.03422177
491.11859979,0.03577393
491.34206325,0.03491445
491.56554038,0.03959972
491.78903120,0.03726123
492.01253568,0.04100108
492.23605384,0.03801647
492.45958567,0.03992960
492.68313116,0.03934111
492.90669031,0.03860150
493.13026312,0.03872321
493.35384960,0.03796926
493.57744972,0.03604068
493.80106350,0.03474316
494.02469092,0.03499887
494.24833200,0.03422675
494.47198671,0.03862988
494.69565507,0.03365235
494.91933706,0.03084330
495.14303269,0.02925859
495.36674195,0.03283343
495.59046484,0.03064656
495.81420136,0.03307468
496.03795150,0.03302626
496.26171526,0.03274603
496.48549264,0.03145126
496.70928364,0.03463282
496.93308825,0.03103598
497.15690647,0.03284125
497.38073830,0.03327363
497.60458373,0.03148088
497.82844276,0.03229437
498.05231539,0.02982343
498.27620162,0.03095659
498.50010144,0.03009686
498.72401485,0.03133076
498.94794185,0.03184851
499.17188244,0.02971858
499.39583661,0.03324000
499.61980435,0.03100670
499.84378568,0.03001844
500.06778058,0.03250535
500.29178904,0.03306988
500.51581108,0.02872159
500.73984668,0.02912863
500.96389585,0.02822293
501.18795858,0.03215998
501.41203486,0.02647392
501.63612470,0.02842816
501.86022809,0.02957267
502.08434503,0.02666651
502.30847551,0.03132990
502.53261954,0.02805863
502.75677711,0.02533133
502.98094822,0.02850158
503.20513286,0.02641315
503.42933104,0.03112188
503.65354274,0.03265082
503.87776797,0.03396612
504.10200673,0.03396436
504.32625901,0.03806269
504.55052480,0.03686396
504.77480411,0.03583226
504.99909694,0.03572447
505.22340327,0.03913485
505.44772312,0.03917114
505.67205646,0.04369280
505.89640331,0.04126883
506.12076366,0.04312653
506.34513750,0.04503480
506.56952484,0.04212138
506.79392567,0.04534928
507.01833999,0.04600301
507.24276779,0.04653484
507.46720907,0.04822644
507.69166384,0.05071762
507.91613208,0.04776039
508.14061380,0.04824876
508.36510898,0.04664937
508.58961764,0.04483405
508.81413976,0.04357375
509.03867534,0.04640726
509.26322439,0.04449011
509.48778689,0.04298089
509.71236285,0.04332744
509.93695226,0.04122258
510.16155512,0.03948160
510.38617142,0.03749166
510.61080117,0.03627550
510.83544436,0.03669610
511.06010099,0.03788979
511.28477105,0.03826217
511.50945454,0.04064905
511.73415147,0.04152191
511.95886182,0.04231679
512.18358560,0.04331930
512.40832280,0.04288728
512.63307341,0.04424602
512.85783745,0.04753423
513.08261489,0.04248097
513.30740575,0.04885340
513.53221001,0.04309289
513.75702768,0.04150179
513.98185875,0.03883428
514.20670322,0.03594265
514.43156109,0.03477045
514.65643235,0.03400863
514.88131700,0.03293797
515.10621504,0.03180294
515.33112647,0.03202245
515.55605128,0.03493859
515.78098946,0.03278323
516.00594103,0.03218923
516.23090597,0.03296670
516.45588428,0.03345946
516.68087596,0.03383684
516.90588100,0.03399472
517.13089941,0.03254321
517.35593118,0.03587554
517.58097631,0.03681988
517.80603479,0.04120289
518.03110663,0.04177957
518.25619181,0.04333841
518.48129034,0.04437916
518.70640222,0.04356979
518.93152743,0.04597961
519.15666598,0.04652689
519.38181787,0.04949463
519.60698310,0.04950672
519.83216165,0.05362492
520.05735353,0.05521132
520.28255873,0.05911280
520.50777726,0.05766881
520.73300910,0.05803090
520.95825426,0.05985592
521.18351273,0.06138780
521.40878452,0.05663155
521.63406961,0.06171489
521.85936801,0.06594441
522.08467971,0.06095418
522.31000471,0.05976201
522.53534300,0.06286684
522.76069459,0.05981663
522.98605947,0.05889505
523.21143764,0.06132641
523.43682910,0.06068060
523.66223383,0.06165990
523.88765185,0.06335753
524.11308315,0.06268978
524.33852772,0.06378284
524.56398556,0.07022126
524.78945667,0.06993668
525.01494104,0.06832059
525.24043868,0.06974542
525.46594959,0.07352516
525.69147374,0.06918064
525.91701116,0.07031797
526.14256182,0.07108804
526.36812574,0.06951505
526.59370290,0.07251649
526.81929331,0.07861011
527.04489696,0.08115161
527.27051384,0.08371074
527.49614396,0.08588774
527.72178732,0.08668299
527.94744390,0.09108599
528.17311372,0.09225705
528.39879675,0.10186289
528.62449301,0.10020099
528.85020249,0.10019051
529.07592518,0.10240452
529.30166109,0.10830586
529.52741021,0.10504689
529.75317254,0.10838008
529.97894807,0.10949249
530.20473680,0.10881438
530.43053874,0.11379915
530.65635387,0.11143262
530.88218219,0.11211957
531.10802371,0.11208921
531.33387841,0.11338738
531.55974630,0.11252283
531.78562738,0.11288430
532.01152163,0.11242410
532.23742906,0.10967142
532.46334967,0.10490892
532.68928344,0.10924992
532.91523039,0.10587536
533.14119051,0.10693526
533.36716378,0.10384217
533.59315022,0.10166318
533.81914982,0.10130385
534.04516257,0.09914561
534.27118847,0.09757407
534.49722752,0.09288143
534.72327973,0.09481135
534.94934507,0.09290440
535.17542356,0.09607663
535.40151518,0.09287538
535.62761994,0.09101353
535.85373784,0.08956735
536.07986886,0.08873257
536.30601301,0.08553784
536.53217029,0.08928644
536.75834069,0.08638594
536.98452420,0.08657723
537.21072084,0.08735934
537.43693059,0.08773784
537.66315345,0.08695623
537.88938941,0.08548908
538.11563848,0.08369247
538.34190066,0.08373448
538.56817593,0.07958063
538.79446431,0.08204779
539.02076577,0.08550503
539.24708033,0.08262111
539.47340798,0.08270411
539.69974871,0.08513033
539.92610252,0.08711806
540.15246942,0.08877185
540.37884939,0.08979988
540.60524244,0.08595894
540.83164856,0.08697085
541.05806775,0.08823731
541.28450001,0.08708059
541.51094533,0.08906201
541.73740371,0.09063234
541.96387515,0.09492088
542.19035965,0.09438948
542.41685719,0.09472143
542.64336779,0.09671240
542.86989144,0.10288046
543.09642813,0.10253994
543.32297786,0.11099398
543.54954063,0.11165556
543.77611643,0.11452753
544.00270527,0.12291729
544.22930714,0.12815209
544.45592204,0.13059312
544.68254996,0.13177058
544.90919091,0.14100533
545.13584487,0.13988658
545.36251185,0.13633870
545.58919184,0.13811992
545.81588485,0.13893442
546.04259086,0.14266652
546.26930988,0.13704491
546.49604191,0.13263195
546.72278693,0.12891404
546.94954495,0.12996320
547.17631596,0.13648034
547.40309997,0.14009027
547.62989696,0.13400684
547.85670694,0.13519135
548.08352991,0.13835422
548.31036585,0.13687699
548.53721477,0.14109745
548.76407667,0.14292882
548.99095154,0.14658762
549.21783938,0.14477724
549.44474018,0.14820194
549.67165395,0.14841228
549.89858069,0.14623657
550.12552038,0.15274659
550.35247302,0.15079198
550.57943862,0.15699522
550.80641717,0.15699182
551.03340866,0.15544427
551.26041310,0.15498641
551.48743048,0.15754603
551.71446081,0.15795953
551.94150406,0.15232858
552.16856025,0.15792389
552.39562937,0.15887147
552.62271142,0.16068193
552.84980640,0.16168918
553.07691429,0.16391101
553.30403511,0.16162538
553.53116884,0.16705984
553.75831549,0.15991192
553.98547505,0.16128023
554.21264752,0.17246348
554.43983289,0.16931434
554.66703116,0.17221169
554.89424234,0.17936017
555.12146641,0.18751496
555.34870338,0.18434635
555.57595324,0.19755927
555.80321599,0.19778998
556.03049162,0.20669158
556.25778014,0.21261592
556.48508154,0.22308578
556.71239582,0.22952932
556.93972297,0.23522425
557.16706300,0.24192065
557.39441589,0.25684740
557.62178165,0.26108012
557.84916028,0.27298407
558.07655177,0.28391819
558.30395611,0.28427252
558.53137331,0.29250775
558.75880337,0.29724555
558.98624627,0.29940509
559.21370202,0.29281703
559.44117062,0.28519796
559.66865206,0.29287623
559.89614634,0.28929796
560.12365345,0.29505481
560.35117340,0.30654457
560.57870618,0.31038236
560.80625179,0.32403866
561.03381022,0.34242328
561.26138148,0.35559707
561.48896555,0.36110900
561.71656244,0.37818635
561.94417215,0.38126287
562.17179467,0.38455040
562.39942999,0.39812726
562.62707812,0.39309910
562.85473906,0.39393067
563.08241279,0.41083716
563.31009933,0.42315159
563.53779866,0.41583646
563.76551078,0.40538555
563.99323568,0.40421597
564.22097338,0.39845402
564.44872386,0.38857565
564.67648712,0.38073870
564.90426316,0.36349049
565.13205197,0.35745093
565.35985356,0.35627731
565.58766792,0.37068738
565.81549504,0.38422409
566.04333493,0.38639872
566.27118758,0.39366651
566.49905298,0.40301632
566.72693115,0.40427356
566.95482207,0.40564092
567.18272573,0.40397921
567.41064215,0.39105604
567.63857131,0.38411434
567.86651321,0.37410141
568.09446785,0.37082179
568.32243523,0.35416785
568.55041534,0.35231259
568.77840819,0.33515956
569.00641376,0.33816306
569.23443206,0.32846350
569.46246308,0.32787976
569.69050682,0.32718644
569.91856327,0.31438337
570.14663244,0.30241607
570.37471433,0.29039943
570.60280892,0.28378795
570.83091622,0.28191154
571.05903622,0.28134901
571.28716892,0.28092785
571.51531432,0.28072571
571.74347241,0.27038084
571.97164320,0.27415791
572.19982667,0.26496204
572.42802284,0.25741358
572.65623168,0.25590585
572.88445321,0.25832676
573.11268742,0.25672066
573.34093430,0.25832852
573.56919385,0.25930393
573.79746608,0.25996927
574.02575097,0.25717005
574.25404853,0.26462855
574.48235874,0.27135509
574.71068162,0.27932231
574.93901715,0.28777288
575.16736534,0.28994801
575.39572618,0.28799735
575.62409966,0.29273978
575.85248579,0.28765987
576.08088456,0.28080287
576.30929597,0.28108288
576.53772002,0.27289612
576.76615671,0.26020381
576.99460602,0.25177772
577.22306796,0.25097830
577.45154253,0.25010593
577.68002972,0.23689675
577.90852953,0.23120731
578.13704196,0.22169741
578.36556700,0.22239472
578.59410465,0.22148939
578.82265492,0.21507758
579.05121779,0.21419976
579.27979326,0.21289606
579.50838133,0.21314463
579.73698201,0.21378009
579.96559527,0.21840749
580.19422113,0.21409271
580.42285958,0.22245135
580.65151062,0.22915894
580.88017424,0.23414485
581.10885044,0.24075284
581.33753922,0.23544442
581.56624057,0.22625047
581.79495450,0.23308307
582.02368100,0.23273746
582.25242007,0.23274296
582.48117170,0.22551770
582.70993589,0.22571122
582.93871264,0.22546249
583.16750195,0.22928797
583.39630381,0.22863509
583.62511822,0.22193083
583.85394518,0.21702456
584.08278469,0.21082744
584.31163674,0.20530966
584.54050133,0.19907999
584.76937845,0.19345325
584.99826811,0.18347154
585.22717030,0.17347985
585.45608502,0.17537387
585.68501226,0.17832028
585.91395203,0.16980744
586.14290432,0.16706677
586.37186912,0.15802466
586.60084644,0.15979349
586.82983628,0.15836582
587.05883862,0.15549389
587.28785347,0.15500747
587.51688082,0.15309041
587.74592067,0.15207642
587.97497302,0.15153022
588.20403787,0.15512255
588.43311520,0.15643281
588.66220503,0.16079935
588.89130735,0.16548805
589.12042215,0.17171597
589.34954943,0.18599787
589.57868919,0.19325856
589.80784142,0.19861289
590.03700613,0.20063573
590.26618331,0.21093319
590.49537296,0.21824916
590.72457507,0.22276493
590.95378964,0.22967899
591.18301667,0.23194911
591.41225616,0.22427808
591.64150811,0.22469454
591.87077250,0.22977591
592.10004934,0.23627833
592.32933863,0.23373831
592.55864036,0.23199221
592.78795453,0.22951166
593.01728114,0.23403706
593.24662018,0.23610497
593.47597165,0.24689197
593.70533555,0.25217427
593.93471188,0.24511569
594.16410063,0.23800873
594.39350180,0.23553558
594.62291539,0.24013940
594.85234140,0.23759273
595.08177981,0.24675824
595.31123064,0.24718268
595.54069387,0.23842507
595.77016951,0.23317214
595.99965755,0.23509766
596.22915798,0.24591793
596.45867081,0.24715072
596.68819604,0.24667373
596.91773365,0.24221442
597.14728365,0.23519689
597.37684603,0.22877815
597.60642080,0.22533756
597.83600795,0.22994000
598.06560747,0.22890101
598.29521936,0.22672625
598.52484363,0.22028279
598.75448026,0.21917424
598.98412926,0.21960149
599.21379062,0.21478087
599.44346434,0.20881022
599.67315042,0.20312799
599.90284885,0.20134009
600.13255963,0.20294601
600.36228276,0.19845755
600.59201824,0.19374266
600.82176606,0.19592616
601.05152622,0.19636593
601.28129871,0.19484935
601.51108354,0.19915400
601.74088070,0.20029565
601.97069019,0.20428659
602.20051201,0.20765304
602.43034615,0.21679345
602.66019261,0.21281726
602.89005139,0.20701404
603.11992249,0.20604327
603.34980589,0.20003333
603.57970161,0.19036705
603.80960963,0.19017221
604.03952996,0.18286196
604.26946259,0.18742254
604.49940751,0.18666733
604.72936474,0.18819033
604.95933425,0.19223196
605.18931606,0.19160482
605.41931015,0.18494113
605.64931653,0.18720450
605.87933519,0.18990252
606.10936612,0.19431279
606.33940934,0.19881646
606.56946483,0.20522911
606.79953259,0.20874873
607.02961261,0.20514567
607.25970490,0.20341097
607.48980946,0.20914832
607.71992627,0.19914314
607.95005534,0.20466392
608.18019667,0.20896018
608.41035024,0.20629706
608.64051607,0.20326052
608.87069414,0.20532444
609.10088445,0.20029340
609.33108700,0.19883983
609.56130179,0.19983758
609.79152882,0.18850809
610.02176808,0.18127772
610.25201956,0.18034964
610.48228328,0.18000425
610.71255921,0.16983190
610.94284737,0.16242010
611.17314775,0.15634555
611.40346034,0.15001216
611.63378514,0.15336594
611.86412215,0.15700985
612.09447137,0.15644339
612.32483280,0.15781897
612.55520642,0.16638563
612.78559225,0.16975013
613.01599027,0.16329071
613.24640048,0.16849700
613.47682288,0.16600227
613.70725747,0.16800010
613.93770425,0.16880041
614.16816321,0.16488639
614.39863434,0.16226309
614.62911766,0.16518069
614.85961314,0.17118917
615.09012080,0.17582790
615.32064063,0.18028769
615.55117262,0.18131961
615.78171677,0.18795820
616.01227308,0.19456678
616.24284156,0.20221253
616.47342218,0.20839144
616.70401496,0.21215294
616.93461988,0.21566295
617.16523695,0.22150349
617.39586617,0.22037521
617.62650752,0.21954952
617.85716101,0.23122899
618.08782664,0.23073227
618.31850440,0.23068510
618.54919429,0.23882719
618.77989630,0.24888724
619.01061044,0.25257275
619.24133670,0.26699190
619.47207508,0.26794332
619.70282557,0.26406136
619.93358818,0.27200447
620.16436289,0.28723907
620.39514972,0.28421258
620.62594864,0.28390894
620.85675967,0.29402062
621.08758280,0.30066202
621.31841802,0.30534835
621.54926534,0.31871710
621.78012475,0.32472840
622.01099624,0.33210372
622.24187982,0.32997293
622.47277549,0.34549174
622.70368323,0.35387739
622.93460305,0.35424479
623.16553494,0.34366683
623.39647890,0.33974483
623.62743493,0.34456916
623.85840303,0.34653812
624.08938319,0.33370818
624.32037541,0.32195344
624.55137968,0.31575645
624.78239602,0.30734086
625.01342440,0.30480134
625.24446483,0.30381814
625.47551731,0.29428501
625.70658183,0.27913105
625.93765839,0.26986770
626.16874699,0.26088440
626.39984763,0.25761649
626.63096029,0.24769061
626.86208499,0.24793801
627.09322171,0.23653673
627.32437046,0.22581246
627.55553123,0.22227057
627.78670401,0.22029871
628.01788882,0.21313589
628.24908563,0.20344140
628.48029446,0.19380195
628.71151529,0.19124660
628.94274813,0.18072774
629.17399296,0.17503352
629.40524980,0.16672823
629.63651863,0.16930529
629.86779946,0.16528103
630.09909228,0.16138191
630.33039709,0.17548618
630.56171388,0.18229149
630.79304265,0.17988353
631.02438340,0.17790987
631.25573613,0.17256864
631.48710084,0.16661416
631.71847751,0.17166851
631.94986615,0.17669254
632.18126676,0.17670994
632.41267933,0.18203361
632.64410387,0.18055196
632.87554035,0.17816954
633.10698880,0.18116439
633.33844919,0.17731748
633.56992154,0.17514449
633.80140583,0.17312595
634.03290207,0.17876051
634.26441024,0.17890141
634.49593035,0.18024837
634.72746240,0.17479084
634.95900638,0.17231333
635.19056229,0.17439679
635.42213013,0.16669315
635.65370989,0.16110699
635.88530158,0.16296912
636.11690518,0.17439469
636.34852069,0.17558742
636.58014812,0.16664248
636.81178746,0.17078032
637.04343871,0.18103113
637.27510187,0.18922660
637.50677692,0.18867567
637.73846387,0.18569606
637.97016272,0.19966889
638.20187347,0.19523423
638.43359610,0.19314677
638.66533062,0.20151815
638.89707703,0.20940450
639.12883532,0.21110825
639.36060549,0.21650719
639.59238754,0.21674153
639.82418146,0.21924852
640.05598725,0.21834414
640.28780491,0.22454998
640.51963444,0.23169808
640.75147583,0.23593820
640.98332908,0.24120238
641.21519419,0.24092502
641.44707115,0.24962010
641.67895997,0.26306287
641.91086063,0.27812633
642.14277314,0.28481256
642.37469750,0.30029921
642.60663369,0.30410284
642.83858172,0.32684406
643.07054159,0.34568702
643.30251329,0.35325091
643.53449683,0.36975430
643.76649218,0.36692480
643.99849937,0.37763445
644.23051837,0.39129707
644.46254919,0.38546771
644.69459183,0.38622603
644.92664628,0.38998081
645.15871254,0.39112601
645.39079061,0.38538802
645.62288049,0.38843391
645.85498217,0.37482836
646.08709564,0.36471967
646.31922091,0.35327285
646.55135798,0.34790631
646.78350684,0.35269174
647.01566748,0.34398144
647.24783991,0.33827258
647.48002413,0.32910765
647.71222012,0.34095673
647.94442789,0.34193369
648.17664744,0.33521761
648.40887875,0.34074227
648.64112184,0.34522366
648.87337669,0.34852905
649.10564331,0.34821525
649.33792168,0.35678618
649.57021181,0.37120795
649.80251370,0.36813564
650.03482734,0.37162148
650.26715273,0.36353879
650.49948987,0.36072398
650.73183875,0.35980051
650.96419937,0.35151861
651.19657173,0.33549935
651.42895582,0.32147158
651.66135165,0.32775436
651.89375921,0.31542808
652.12617849,0.30864608
652.35860950,0.30232116
652.59105224,0.30280517
652.82350669,0.28368597
653.05597285,0.28061397
653.28845073,0.28640615
653.52094032,0.29081246
653.75344162,0.28748323
653.98595462,0.29576274
654.21847933,0.30962530
654.45101573,0.30485153
654.68356383,0.30821696
654.91612363,0.33895008
655.14869511,0.36133512
655.38127829,0.37234765
655.61387315,0.38855906
655.84647969,0.41459787
656.07909792,0.41936827
656.31172782,0.42865175
656.54436939,0.44389211
656.77702264,0.44041120
657.00968756,0.44080037
657.24236414,0.44753156
657.47505238,0.46198804
657.70775229,0.47056937
657.94046385,0.46395323
658.17318707,0.45683217
658.40592195,0.42476947
658.63866847,0.40405011
658.87142663,0.39417649
659.10419645,0.38570213
659.33697790,0.36253071
659.56977099,0.33579134
659.80257572,0.34345525
660.03539208,0.33148051
660.26822007,0.31464593
660.50105969,0.33441835
660.73391093,0.34925966
660.96677380,0.32719839
661.19964828,0.35012154
661.43253438,0.34694206
661.66543209,0.32640852
661.89834142,0.35142791
662.13126235,0.35900304
662.36419489,0.36091369
662.59713903,0.36759761
662.83009477,0.36939754
663.06306210,0.37839887
663.29604103,0.41458129
663.52903155,0.41768798
663.76203367,0.43701639
663.99504736,0.44138077
664.22807264,0.45603502
664.46110950,0.47081939
664.69415794,0.48049708
664.92721795,0.49448119
665.16028953,0.50261740
665.39337269,0.51946061
665.62646740,0.53373911
665.85957369,0.52819521
666.09269153,0.56407963
666.32582093,0.56137150
666.55896189,0.56350356
666.79211440,0.57551664
667.02527846,0.55657593
667.25845406,0.55786346
667.49164121,0.54584472
667.72483991,0.53701017
667.95805014,0.54218898
668.19127190,0.51464612
668.42450520,0.51542687
668.65775003,0.50956923
668.89100639,0.49932254
669.12427427,0.50813879
669.35755368,0.50708130
669.59084460,0.50621115
669.82414704,0.53072783
670.05746099,0.51468990
670.29078646,0.50454772
670.52412343,0.48883852
670.75747191,0.48929171
670.99083189,0.47400559
671.22420337,0.46888520
671.45758635,0.47036308
671.69098082,0.47964977
671.92438678,0.48411392
672.15780424,0.48563726
672.39123317,0.48270146
672.62467360,0.47348399
672.85812550,0.47050367
673.09158888,0.48164519
673.32506373,0.49707916
673.55855006,0.49986482
673.79204785,0.50659683
674.02555712,0.51802114
674.25907784,0.50986916
674.49261003,0.51837319
674.72615367,0.51865146
674.95970878,0.52341170
675.19327533,0.48957091
675.42685333,0.47951860
675.66044278,0.46328573
675.89404368,0.45470634
676.12765601,0.45200251
676.36127979,0.45078153
676.59491500,0.44194655
676.82856165,0.44064433
677.06221972,0.44342018
677.29588922,0.44160264
677.52957015,0.43244885
677.76326250,0.42366187
677.99696627,0.41296545
678.23068146,0.40394567
678.46440806,0.41225615
678.69814607,0.40758688
678.93189549,0.41129638
679.16565631,0.40209521
679.39942854,0.42499692
679.63321217,0.45003624
679.86700720,0.46008102
680.10081361,0.47514072
680.33463143,0.47001160
680.56846063,0.46333816
680.80230121,0.45320800
681.03615318,0.46437141
681.27001653,0.46926244
681.50389126,0.47585631
681.73777736,0.45860747
681.97167484,0.45040055
682.20558368,0.44170848
682.43950390,0.44757864
682.67343547,0.44090233
682.90737841,0.46319061
683.14133270,0.45371532
683.37529836,0.43694490
683.60927536,0.41898587
683.84326371,0.39212119
684.07726341,0.39683908
684.31127446,0.39205398
684.54529685,0.40746082
684.77933057,0.40167524
685.01337564,0.41338556
685.24743203,0.42334322
685.48149976,0.43522326
685.71557881,0.43560191
685.94966919,0.43849119
686.18377090,0.43562778
686.41788392,0.42796661
686.65200826,0.41258142
686.88614391,0.40115439
687.12029088,0.38575256
687.35444915,0.37456783
687.58861873,0.36610513
687.82279961,0.33932296
688.05699179,0.33839550
688.29119527,0.32891835
688.52541004,0.32752336
688.75963611,0.32576375
688.99387346,0.32094505
689.22812210,0.30752566
689.46238203,0.30669607
689.69665323,0.30731350
689.93093571,0.30820412
690.16522947,0.30300639
690.39953450,0.29727695
690.63385080,0.29581046
690.86817837,0.28753325
691.10251720,0.28788559
691.33686730,0.27510088
691.57122865,0.27587022
691.80560125,0.27379869
692.03998511,0.26110101
692.27438023,0.25983972
692.50878658,0.25093975
692.74320419,0.24384797
692.97763303,0.23932437
693.21207312,0.23257119
693.44652444,0.21889184
693.68098699,0.21533366
693.91546077,0.20793600
694.14994579,0.21036151
694.38444203,0.20293398
694.61894949,0.19981668
694.85346817,0.19737237
695.08799806,0.20539780
695.32253918,0.20555270
695.55709150,0.20853614
695.79165503,0.20805343
696.02622977,0.21406649
696.26081571,0.21960248
696.49541285,0.22148664
696.73002119,0.23209750
696.96464072,0.23899533
697.19927145,0.24651792
697.43391336,0.25765053
697.66856647,0.26604188
697.90323075,0.26316861
698.13790622,0.26532107
698.37259286,0.26815944
698.60729068,0.26919828
698.84199967,0.27673920
699.07671984,0.27366200
699.31145117,0.26503646
699.54619366,0.27068619
699.78094731,0.27097106
700.01571213,0.27523793
700.25048810,0.27527524
700.48527522,0.27485881
700.72007349,0.26963864
700.95488292,0.25590436
701.18970348,0.24582460
701.42453519,0.24381465
701.65937804,0.24760319
701.89423202,0.24813843
702.12909714,0.24890498
702.36397339,0.23784400
702.59886077,0.23547833
702.83375927,0.23870005
703.06866889,0.23909509
703.30358964,0.23742051
703.53852150,0.24258405
703.77346448,0.26012143
704.00841857,0.26296498
704.24338376,0.26598846
704.47836007,0.27872655
704.71334748,0.27317131
704.94834598,0.27656521
705.18335559,0.27475135
705.41837629,0.28337974
705.65340808,0.29318546
705.88845096,0.30392427
706.12350493,0.32213321
706.35856998,0.32869457
706.59364612,0.33804621
706.82873333,0.34546490
707.06383161,0.35851476
707.29894097,0.36835330
707.53406141,0.38225738
707.76919290,0.39673475
708.00433546,0.41087105
708.23948909,0.42511245
708.47465377,0.44880104
708.70982951,0.46282707
708.94501630,0.48448751
709.18021414,0.49269195
709.41542303,0.49720010
709.65064297,0.50757175
709.88587395,0.53766761
710.12111597,0.53559701
710.35636902,0.56365719
710.59163311,0.56249464
710.82690823,0.57387926
711.06219437,0.56878843
711.29749155,0.58008030
711.53279974,0.58577743
711.76811896,0.59574069
712.00344920,0.59325749
712.23879044,0.60142833
712.47414270,0.59402906
712.70950597,0.58951992
712.94488025,0.58420559
713.18026553,0.56561577
713.41566181,0.56021454
713.65106908,0.55719397
713.88648736,0.56236138
714.12191662,0.56071855
714.35735688,0.55382838
714.59280812,0.56044562
714.82827034,0.57580670
715.06374355,0.57005340
715.29922774,0.59812688
715.53472290,0.58938897
715.77022903,0.60535057
716.00574614,0.60959481
716.24127421,0.62647148
716.47681324,0.63783912
716.71236324,0.62514140
716.94792420,0.64245583
717.18349611,0.63867554
717.41907898,0.62778811
717.65467280,0.61583515
717.89027757,0.60030390
718.12589328,0.57443805
718.36151993,0.54901778
718.59715752,0.53024440
718.83280605,0.50391786
719.06846552,0.47895329
719.30413591,0.45749178
719.53981724,0.43344908
719.77550949,0.42432518
720.01121266,0.40911282
720.24692676,0.39191027
720.48265177,0.37596761
720.71838769,0.38656802
720.95413453,0.37453701
721.18989228,0.36490085
721.42566093,0.34649144
721.66144049,0.34056336
721.89723095,0.34022136
722.13303231,0.34333065
722.36884456,0.33653712
722.60466770,0.33690196
722.84050173,0.33383493
723.07634666,0.33823212
723.31220246,0.33360159
723.54806915,0.34375883
723.78394671,0.34120960
724.01983515,0.34388897
724.25573447,0.34523741
724.49164465,0.35303411
724.72756571,0.36175004
724.96349762,0.34629473
725.19944040,0.33202125
725.43539404,0.33880393
725.67135854,0.33903234
725.90733388,0.32420909
726.14332008,0.31366047
726.37931713,0.30991977
726.61532503,0.30537064
726.85134376,0.30379820
727.08737334,0.31279573
727.32341375,0.31931240
727.55946500,0.32001645
727.79552708,0.31943314
728.03159998,0.33250417
728.26768372,0.32690376
728.50377827,0.31661336
728.73988365,0.31608768
728.97599985,0.30704143
729.21212686,0.31304118
729.44826468,0.30633714
729.68441331,0.31255896
729.92057275,0.30448191
730.15674299,0.29608209
730.39292403,0.29360409
730.62911587,0.28885556
730.86531851,0.29245785
731.10153194,0.29478683
731.33775616,0.28957120
731.57399117,0.29763403
731.81023696,0.29349855
732.04649353,0.29514839
732.28276088,0.29744627
732.51903901,0.30032519
732.75532791,0.29867037
732.99162758,0.30283859
733.22793802,0.30556508
733.46425923,0.31226893
733.70059119,0.33433986
733.93693392,0.33722750
734.17328740,0.33353958
734.40965164,0.34206997
734.64602662,0.34072695
734.88241236,0.36103959
735.11880884,0.35291887
735.35521607,0.36814659
735.59163403,0.37688475
735.82806273,0.38214801
736.06450217,0.37339047
736.30095234,0.36860188
736.53741323,0.37442866
736.77388486,0.38379149
737.01036720,0.38596033
737.24686027,0.38818002
737.48336406,0.38319449
737.71987856,0.37690728
737.95640377,0.36405880
738.19293969,0.36497130
738.42948632,0.36627775
738.66604365,0.36041085
738.90261169,0.36589328
739.13919042,0.35762164
739.37577985,0.34757736
739.61237997,0.35099154
739.84899078,0.34409943
740.08561228,0.34846587
740.32224446,0.34522570
740.55888732,0.34240415
740.79554087,0.32807068
741.03220509,0.32674790
741.26887998,0.32543347
741.50556555,0.33554644
741.74226178,0.34378133
741.97896868,0.36372129
742.21568624,0.36498162
742.45241446,0.35893520
742.68915333,0.35864084
742.92590286,0.35768977
743.16266304,0.35115063
743.39943387,0.33938281
743.63621535,0.34012664
743.87300747,0.33945239
744.10981023,0.34346874
744.34662363,0.34189748
744.58344766,0.35003710
744.82028232,0.36211083
745.05712761,0.34853713
745.29398353,0.34253602
745.53085007,0.33998985
745.76772724,0.34312004
746.00461502,0.35006099
746.24151341,0.36851031
746.47842242,0.35896111
746.71534204,0.35246144
746.95227227,0.35152096
747.18921310,0.35150894
747.42616453,0.36134832
747.66312656,0.36490196
747.90009918,0.35599782
748.13708240,0.34859064
748.37407621,0.33380161
748.61108061,0.34135959
748.84809559,0.33272356
749.08512115,0.33796336
749.32215730,0.32399195
749.55920401,0.30588404
749.79626131,0.30478362
750.03332917,0.30711118
750.27040760,0.30035576
750.50749660,0.29783259
750.74459616,0.27971834
750.98170628,0.28080005
751.21882695,0.28636674
751.45595818,0.28664594
751.69309997,0.27914141
751.93025230,0.27337553
752.16741517,0.27270134
752.40458859,0.28282893
752.64177256,0.29021831
752.87896705,0.30095483
753.11617209,0.30505399
753.35338765,0.31015267
753.59061374,0.30743567
753.82785037,0.31544954
754.06509751,0.30903744
754.30235518,0.30838050
754.53962336,0.32326800
754.77690206,0.32418343
755.01419127,0.33363266
755.25149099,0.33580169
755.48880122,0.34288819
755.72612195,0.33993390
755.96345319,0.33197497
756.20079492,0.34615584
756.43814715,0.33598299
756.67550987,0.33083637
756.91288309,0.33064143
757.15026679,0.33169152
757.38766097,0.32494693
757.62506564,0.31848843
757.86248079,0.29903960
758.09990641,0.29668611
758.33734251,0.29254240
758.57478908,0.27556186
758.81224612,0.26586913
759.04971362,0.25310010
759.28719159,0.25245104
759.52468001,0.25562048
759.76217889,0.26159241
759.99968823,0.26732818
760.23720802,0.28622815
760.47473826,0.28809522
760.71227894,0.29931405
760.94983007,0.31069808
761.18739164,0.32188095
761.42496364,0.32389090
761.66254608,0.33620301
761.90013895,0.35261415
762.13774226,0.36473726
762.37535598,0.36055357
762.61298014,0.36432320
762.85061471,0.37946078
763.08825970,0.39667091
763.32591511,0.39363331
763.56358093,0.39896665
763.80125716,0.41298542
764.03894380,0.41009846
764.27664084,0.39487479
764.51434829,0.37484314
764.75206613,0.35676952
764.98979437,0.33991316
765.22753300,0.31811129
765.46528203,0.31286992
765.70304144,0.29933813
765.94081124,0.28822103
766.17859142,0.26510551
766.41638197,0.25609377
766.65418291,0.23503729
766.89199422,0.21259110
767.12981590,0.19719357
767.36764795,0.18277522
767.60549036,0.17200349
767.84334314,0.15598074
768.08120628,0.14886744
768.31907977,0.13852964
768.55696362,0.12847819
768.79485782,0.11495796
769.03276238,0.10717350
769.27067727,0.10261182
769.50860251,0.09882905
769.74653809,0.09893250
769.98448401,0.09778209
770.22244027,0.09789554
770.46040685,0.10117392
770.69838377,0.09953907
770.93637101,0.10683939
771.17436858,0.10985356
771.41237647,0.11491134
771.65039468,0.12520627
771.88842320,0.13790204
772.12646204,0.14308156
772.36451118,0.15316278
772.60257064,0.17102521
772.84064039,0.18220904
773.07872045,0.19459948
773.31681081,0.21063599
773.55491147,0.22590875
773.79302242,0.23776576
774.03114366,0.26620343
774.26927519,0.28211749
774.50741700,0.30033746
774.74556910,0.32025034
774.98373147,0.33722831
775.22190413,0.33539123
775.46008705,0.35906393
775.69828025,0.37218376
775.93648372,0.38052911
776.17469745,0.38551771
776.41292145,0.39289736
776.65115570,0.39699525
776.88940022,0.40162173
777.12765499,0.38636612
777.36592001,0.37756293
777.60419528,0.39268495
777.84248079,0.39886405
778.08077655,0.38640183
778.31908256,0.38703580
778.55739879,0.36971126
778.79572527,0.36109851
779.03406198,0.36257027
779.27240891,0.34378841
779.51076608,0.31871231
779.74913346,0.31065300
779.98751107,0.31057235
780.22589890,0.31163346
780.46429695,0.29648220
780.70270520,0.28207035
780.94112367,0.27847089
781.17955235,0.27152991
781.41799123,0.27396541
781.65644031,0.27959320
781.89489959,0.28002759
782.13336907,0.28279486
782.37184874,0.28721301
782.61033861,0.29092656
782.84883866,0.29345963
783.08734890,0.28530968
783.32586931,0.27145606
783.56439991,0.26309541
783.80294069,0.25531225
784.04149164,0.25638825
784.28005276,0.24900786
784.51862406,0.25621301
784.75720551,0.25282432
784.99579713,0.25072385
785.23439891,0.25024621
785.47301085,0.24546248
785.71163295,0.23678351
785.95026519,0.23333638
786.18890759,0.22295601
786.42756013,0.21752649
786.66622282,0.21075179
786.90489564,0.20064424
787.14357861,0.18805313
787.38227171,0.18617494
787.62097494,0.17807757
787.85968831,0.17317903
788.09841180,0.17233890
788.33714541,0.17347397
788.57588915,0.16653131
788.81464301,0.15821271
789.05340698,0.15320875
789.29218106,0.15569921
789.53096526,0.15373900
789.76975956,0.15536334
790.00856397,0.15267441
790.24737848,0.15212171
790.48620309,0.15413728
790.72503780,0.15537098
790.96388260,0.15449069
791.20273749,0.14915092
791.44160247,0.15006443
791.68047754,0.15544529
791.91936269,0.16135544
792.15825792,0.16942291
792.39716323,0.17379748
792.63607861,0.18092985
792.87500406,0.18063667
793.11393958,0.18426178
793.35288517,0.18594819
793.59184082,0.19036263
793.83080653,0.19317160
794.06978230,0.19434927
794.30876813,0.20499259
794.54776401,0.21134576
794.78676993,0.21329354
795.02578591,0.22154476
795.26481193,0.22977421
795.50384798,0.23366174
795.74289408,0.24754529
795.98195022,0.24803462
796.22101638,0.24312983
796.46009258,0.25024590
796.69917880,0.25195705
796.93827505,0.24867356
797.17738132,0.24507251
797.41649761,0.24588463
797.65562392,0.24093307
797.89476024,0.24111190
798.13390657,0.24156821
798.37306290,0.24151699
798.61222925,0.23957081
798.85140559,0.22843066
799.09059194,0.22433613
799.32978828,0.23661640
799.56899462,0.23728050
799.80821094,0.24210187
800.04743726,0.24639247
800.28667356,0.24062353
800.52591985,0.24539941
800.76517611,0.24211658
801.00444236,0.24461230
801.24371857,0.24222073
801.48300476,0.24683484
801.72230092,0.24400421
801.96160705,0.23325041
802.20092314,0.23235331
802.44024919,0.22283916
802.67958519,0.22931781
802.91893116,0.22943781
803.15828707,0.23132334
803.39765294,0.22114057
803.63702875,0.21692224
803.87641450,0.20606692
804.11581020,0.20288226
804.35521584,0.19687702
804.59463141,0.20744006
804.83405692,0.20715185
805.07349235,0.20233578
805.31293772,0.20265137
805.55239300,0.19811849
805.79185821,0.18636165
806.03133334,0.17856687
806.27081839,0.16767158
806.51031335,0.15966328
806.74981822,0.15985516
806.98933300,0.15516036
807.22885768,0.14820114
807.46839227,0.15029155
807.70793675,0.14710149
807.94749114,0.14067376
808.18705542,0.13184659
808.42662959,0.13570142
808.66621364,0.12742974
808.90580759,0.12764023
809.14541141,0.12299539
809.38502512,0.11193554
809.62464871,0.11249841
809.86428217,0.10844250
810.10392550,0.09598773
810.34357870,0.09473620
810.58324177,0.09470943
810.82291470,0.09163730
811.06259749,0.09050868
811.30229015,0.09029629
811.54199265,0.08308134
811.78170501,0.08448242
812.02142722,0.08324224
812.26115928,0.08047223
812.50090118,0.08527751
812.74065292,0.08485409
812.98041450,0.08621656
813.22018592,0.09020101
813.45996717,0.08933556
813.69975825,0.08995163
813.93955916,0.08972244
814.17936989,0.09301526
814.41919045,0.09560508
814.65902083,0.09998107
814.89886102,0.09973225
815.13871102,0.10024124
815.37857084,0.11100894
815.61844047,0.11802104
815.85831990,0.11886120
816.09820913,0.11889956
816.33810817,0.12354666
816.57801700,0.12914821
816.81793562,0.13671559
817.05786404,0.14826646
817.29780225,0.15644375
817.53775024,0.16695016
817.77770801,0.17343264
818.01767557,0.18226842
818.25765290,0.18700910
818.49764001,0.19350772
818.73763689,0.20443312
818.97764354,0.21331728
819.21765996,0.23910554
819.45768614,0.24595354
819.69772209,0.24944803
819.93776779,0.24945134
820.17782324,0.25957126
820.41788845,0.24956322
820.65796341,0.25686372
820.89804812,0.26237547
821.13814257,0.26889931
821.37824677,0.26406736
821.61836070,0.26208547
821.85848437,0.25724519
822.09861777,0.25312548
822.33876090,0.24746622
822.57891376,0.24676736
822.81907635,0.24351608
823.05924866,0.23919447
823.29943069,0.23096632
823.53962243,0.23055010
823.77982389,0.22690837
824.02003506,0.22492549
824.26025594,0.21859062
824.50048652,0.21250151
824.74072681,0.21596587
824.98097680,0.21107666
825.22123648,0.19715814
825.46150586,0.18964069
825.70178493,0.19375237
825.94207369,0.19284420
826.18237214,0.18649501
826.42268027,0.18647146
826.66299808,0.18196031
826.90332557,0.17274934
827.14366273,0.16950866
827.38400957,0.16628333
827.62436608,0.15869165
827.86473225,0.16035361
828.10510809,0.15694357
828.34549359,0.15225767
828.58588874,0.14832114
828.82629356,0.13904327
829.06670802,0.13496707
829.30713214,0.13201866
829.54756590,0.12704456
829.78800931,0.12827731
830.02846236,0.12529657
830.26892505,0.12667078
830.50939738,0.12730120
830.74987934,0.13027119
830.99037093,0.12034271
831.23087215,0.11640641
831.47138299,0.11771781
831.71190346,0.11608509
831.95243355,0.11128837
832.19297325,0.11071966
832.43352257,0.10990046
832.67408150,0.10833068
832.91465003,0.10216179
833.15522818,0.11112901
833.39581592,0.11011435
833.63641327,0.10408212
833.87702022,0.10271686
834.11763676,0.10616521
834.35826289,0.11009509
834.59889861,0.10561795
834.83954392,0.10095289
835.08019881,0.10062351
835.32086328,0.09385564
835.56153733,0.09442738
835.80222095,0.09023137
836.04291415,0.08924347
836.28361692,0.08861098
836.52432926,0.08849256
836.76505116,0.09257274
837.00578262,0.09200462
837.24652364,0.09069358
837.48727421,0.09183818
837.72803434,0.09311291
837.96880402,0.09347005
838.20958325,0.09680182
838.45037202,0.09766876
838.69117033,0.09844174
838.93197819,0.10298924
839.17279558,0.09879672
839.41362250,0.09748674
839.65445896,0.10150169
839.89530494,0.09654092
840.13616045,0.09766650
840.37702548,0.10110013
840.61790003,0.09942803
840.85878410,0.09981238
841.09967768,0.09575863
841.34058078,0.09427148
841.58149338,0.09397332
841.82241549,0.09372469
842.06334710,0.09847133
842.30428821,0.10697520
842.54523883,0.10035231
842.78619893,0.10261621
843.02716853,0.10225279
843.26814762,0.11050234
843.50913619,0.11556120
843.75013425,0.11818212
843.99114179,0.12470238
844.23215881,0.13470409
844.47318530,0.13664504
844.71422127,0.14672732
844.95526670,0.15970709
845.19632161,0.17033823
845.43738597,0.16776738
845.67845980,0.16558135
845.91954309,0.17286486
846.16063584,0.18198004
846.40173803,0.18920870
846.64284968,0.18463837
846.88397078,0.19235447
847.12510132,0.19613529
847.36624130,0.19823080
847.60739073,0.19430667
847.84854959,0.19478771
848.08971788,0.21019566
848.33089561,0.20369367
848.57208276,0.20266540
848.81327934,0.20171216
849.05448534,0.20803303
849.29570076,0.20612339
849.53692560,0.20955548
849.77815986,0.20818546
850.01940353,0.21269908
850.26065660,0.21723968
850.50191908,0.22468447
850.74319097,0.21402380
850.98447225,0.22132057
851.22576294,0.22362680
851.46706301,0.20993592
851.70837248,0.19892916
851.94969135,0.19986466
852.19101959,0.19403501
852.43235722,0.18199602
852.67370424,0.16980902
852.91506063,0.16789078
853.15642640,0.15815889
853.39780154,0.14430245
853.63918605,0.13843718
853.88057992,0.14581562
854.12198317,0.13571747
854.36339577,0.12234441
854.60481773,0.11657937
854.84624905,0.11254679
855.08768973,0.11137416
855.32913975,0.11023599
855.57059912,0.10074330
855.81206784,0.10130472
856.05354590,0.09462494
856.29503330,0.09160397
856.53653004,0.08378960
856.77803611,0.08356517
857.01955151,0.08172489
857.26107624,0.08049475
857.50261030,0.07919390
857.74415367,0.07687662
857.98570637,0.06901008
858.22726839,0.06763500
858.46883972,0.06454782
858.71042037,0.06696471
858.95201032,0.06210802
859.19360958,0.06317110
859.43521814,0.06144950
859.67683601,0.06243159
859.91846317,0.06464251
860.16009963,0.06857687
860.40174538,0.06370364
860.64340042,0.06532971
860.88506474,0.06904202
861.12673835,0.06497436
861.36842125,0.06901593
861.61011342,0.06566069
861.85181487,0.06103261
862.09352559,0.06169956
862.33524558,0.06397370
862.57697484,0.06094051
862.81871336,0.05784335
863.06046114,0.05369998
863.30221819,0.05274905
863.54398449,0.05590196
863.78576004,0.05471767
864.02754485,0.05647178
864.26933890,0.04769381
864.51114220,0.05471634
864.75295474,0.05000120
864.99477653,0.04932996
865.23660755,0.04881306
865.47844780,0.04788748
865.72029728,0.04946183
865.96215600,0.05015355
866.20402394,0.04954533
866.44590110,0.04915338
866.68778748,0.05332803
866.92968308,0.05365296
867.17158790,0.05270930
867.41350193,0.05739624
867.65542516,0.05931142
867.89735761,0.06398544
868.13929926,0.06549367
868.38125011,0.06157269
868.62321015,0.06115771
868.86517940,0.06946009
869.10715783,0.06844255
869.34914546,0.07089718
869.59114227,0.06652781
869.83314827,0.07282339
870.07516344,0.07823779
870.31718780,0.07709433
870.55922133,0.07648699
870.80126404,0.07428015
871.04331592,0.08079568
871.28537696,0.07698079
871.52744717,0.07859094
871.76952655,0.07500070
872.01161508,0.07014961
872.25371277,0.07358018
872.49581961,0.07202731
872.73793560,0.07090631
872.98006075,0.07000027
873.22219503,0.07108433
873.46433846,0.07227873
873.70649103,0.06903834
873.94865274,0.06471122
874.19082358,0.06333280
874.43300356,0.06121938
874.67519266,0.06245100
874.91739089,0.06154097
875.15959824,0.05830575
875.40181471,0.05802907
875.64404031,0.05780845
875.88627501,0.06297912
876.12851883,0.06499399
876.37077176,0.06598287
876.61303379,0.06932633
876.85530493,0.06458012
877.09758517,0.06932416
877.33987451,0.07339424
877.58217294,0.07339841
877.82448047,0.08188413
878.06679709,0.08573269
878.30912279,0.09100132
878.55145758,0.09731338
878.79380145,0.10563400
879.03615440,0.11589250
879.27851643,0.12332025
879.52088753,0.12329781
879.76326770,0.12366781
880.00565694,0.13294284
880.24805524,0.12872939
880.49046260,0.13367654
880.73287903,0.12782113
880.97530451,0.13493891
881.21773905,0.13490846
881.46018264,0.12922326
881.70263527,0.13162424
881.94509695,0.12599678
882.18756768,0.12582756
882.43004744,0.13447280
882.67253625,0.13533834
882.91503409,0.13277288
883.15754095,0.13852689
883.40005685,0.14884104
883.64258178,0.15811629
883.88511573,0.15777714
884.12765869,0.15949651
884.37021068,0.16087592
884.61277168,0.17270340
884.85534170,0.18344535
885.09792072,0.19103463
885.34050876,0.19174721
885.58310579,0.19919533
885.82571183,0.19978478
886.06832686,0.20307976
886.31095090,0.19656075
886.55358392,0.19766562
886.79622594,0.19196088
887.03887694,0.19564444
887.28153693,0.20281202
887.52420589,0.20248339
887.76688384,0.18609060
888.00957077,0.17817353
888.25226667,0.16843888
888.49497154,0.16928006
888.73768537,0.16260190
888.98040818,0.16028544
889.22313994,0.16765859
889.46588067,0.16796946
889.70863035,0.16506729
889.95138899,0.17292520
890.19415657,0.17069153
890.43693311,0.16984797
890.67971859,0.16631050
890.92251302,0.17137078
891.16531639,0.17314193
891.40812869,0.17192033
891.65094993,0.17324339
891.89378010,0.17054714
892.13661920,0.17173594
892.37946723,0.17868091
892.62232418,0.18424672
892.86519005,0.19366578
893.10806484,0.19487903
893.35094854,0.20842984
893.59384116,0.20044478
893.83674269,0.20118630
894.07965312,0.20266695
894.32257246,0.21662376
894.56550070,0.21280792
894.80843784,0.21200625
895.05138388,0.20975144
895.29433881,0.21382565
895.53730263,0.20337362
895.78027533,0.21080301
896.02325692,0.20668858
896.26624740,0.21429646
896.50924675,0.20828890
896.75225498,0.21177354
896.99527208,0.21776125
897.23829806,0.23119900
897.48133290,0.23055270
897.72437661,0.22100677
897.96742918,0.20549922
898.21049061,0.20153664
898.45356090,0.20329303
898.69664005,0.20592286
898.93972804,0.19549309
899.18282488,0.18976156
899.42593057,0.17465251
899.66904511,0.17642189
899.91216848,0.16656316
900.15530069,0.16040903
900.39844174,0.15239356
900.64159162,0.14684444
900.88475033,0.14427394
901.12791786,0.14341162
901.37109422,0.14785225
901.61427940,0.14551505
901.85747340,0.13847799
902.10067621,0.13380096
902.34388784,0.13133882
902.58710827,0.13399952
902.83033752,0.13148843
903.07357557,0.12751472
903.31682242,0.11954460
903.56007807,0.11795491
903.80334251,0.11357769
904.04661575,0.11369565
904.28989778,0.11238536
904.53318860,0.11597266
904.77648820,0.11271137
905.01979659,0.11613248
905.26311375,0.10864541
905.50643969,0.10535346
905.74977441,0.10659883
905.99311789,0.10261334
906.23647015,0.10142398
906.47983117,0.09133834
906.72320095,0.08979950
906.96657950,0.09483964
907.20996680,0.09436682
907.45336285,0.09626295
907.69676766,0.09577922
907.94018122,0.08911908
908.18360352,0.07940779
908.42703457,0.07444495
908.67047435,0.07353340
908.91392288,0.07946817
909.15738014,0.07363048
909.40084613,0.07462412
909.64432085,0.07572334
909.88780430,0.07846457
910.13129648,0.08590307
910.37479737,0.09137284
910.61830699,0.09100222
910.86182531,0.09244732
911.10535236,0.09138891
911.34888811,0.09469682
911.59243257,0.09954145
911.83598573,0.10482861
912.07954760,0.10604628
912.32311816,0.11147537
912.56669743,0.11809585
912.81028538,0.12407101
913.05388203,0.13053297
913.29748736,0.13638794
913.54110138,0.13829136
913.78472408,0.13703081
914.02835547,0.12801440
914.27199552,0.13105883
914.51564426,0.12581313
914.75930166,0.13140212
915.00296774,0.13083641
915.24664247,0.12548090
915.49032588,0.11837103
915.73401794,0.11876561
915.97771866,0.11237404
916.22142803,0.11358100
916.46514606,0.10918692
916.70887274,0.10961433
916.95260806,0.10224287
917.19635202,0.10051971
917.44010463,0.09573312
917.68386588,0.09466897
917.92763576,0.09283652
918.17141427,0.09312287
918.41520141,0.08797498
918.65899718,0.08852223
918.90280158,0.08714743
919.14661459,0.08366811
919.39043623,0.08367074
919.63426648,0.07955847
919.87810534,0.07885222
920.12195281,0.08162187
920.36580890,0.07261358
920.60967358,0.06995554
920.85354687,0.06293906
921.09742876,0.05729674
921.34131924,0.05160106
921.58521832,0.04747680
921.82912599,0.04610323
922.07304225,0.04381728
922.31696709,0.04389558
922.56090052,0.04239135
922.80484252,0.04038607
923.04879310,0.03669703
923.29275226,0.03701108
923.53671999,0.03705176
923.78069629,0.03926202
924.02468115,0.04290785
924.26867458,0.04084896
924.51267656,0.04474097
924.75668711,0.04667262
925.00070621,0.04979820
925.24473386,0.05244048
925.48877006,0.05813888
925.73281481,0.06671035
925.97686810,0.06856354
926.22092994,0.07196855
926.46500031,0.07823389
926.70907921,0.07869098
926.95316665,0.08404148
927.19726262,0.09001491
927.44136712,0.09546848
927.68548014,0.09858759
927.92960168,0.10060540
928.17373175,0.09996673
928.41787032,0.09726398
928.66201741,0.09783350
928.90617302,0.10243679
929.15033713,0.10135176
929.39450974,0.11237599
929.63869086,0.11269530
929.88288047,0.11392722
930.12707859,0.10619312
930.37128520,0.10728248
930.61550029,0.10520510
930.85972388,0.10753791
931.10395595,0.10023762
931.34819651,0.10453447
931.59244554,0.10263083
931.83670306,0.10446624
932.08096904,0.09500360
932.32524350,0.08928527
932.56952643,0.09119299
932.81381782,0.09777863
933.05811768,0.08864774
933.30242600,0.08801687
933.54674278,0.08408974
933.79106801,0.08434827
934.03540169,0.07459324
934.27974382,0.06787915
934.52409440,0.06105663
934.76845343,0.05847775
935.01282089,0.05310205
935.25719680,0.05336343
935.50158114,0.04754051
935.74597391,0.04750622
935.99037511,0.04287934
936.23478474,0.04287174
936.47920279,0.03746810
936.72362927,0.03941821
936.96806417,0.03669604
937.21250748,0.03810127
937.45695920,0.03892310
937.70141934,0.03641782
937.94588788,0.03891249
938.19036483,0.03480303
938.43485019,0.03434073
938.67934394,0.03520370
938.92384608,0.03570712
939.16835663,0.02992421
939.41287556,0.03300685
939.65740288,0.03142583
939.90193859,0.03138576
940.14648268,0.03229025
940.39103515,0.02776179
940.63559600,0.02590549
940.88016523,0.02598045
941.12474282,0.02550646
941.36932879,0.02508536
941.61392312,0.02705716
941.85852581,0.02464194
942.10313687,0.02279199
942.34775628,0.02357128
942.59238405,0.01746730
942.83702017,0.01717706
943.08166464,0.01760141
943.32631746,0.01345551
943.57097862,0.01267603
943.81564813,0.01608579
944.06032597,0.01309592
944.30501215,0.01181321
944.54970666,0.01128345
944.79440950,0.01319670
945.03912067,0.01215199
945.28384016,0.01314743
945.52856798,0.01441338
945.77330412,0.01427134
946.01804857,0.01274889
946.26280133,0.01318569
946.50756241,0.01399101
946.75233179,0.01569026
946.99710948,0.01103673
947.24189548,0.01739117
947.48668977,0.01384807
947.73149236,0.01827668
947.97630324,0.01868770
948.22112242,0.02082653
948.46594988,0.02001898
948.71078563,0.02086678
948.95562966,0.01929846
949.20048198,0.02160035
949.44534257,0.02222934
949.69021144,0.02287830
949.93508857,0.02273892
950.17997398,0.02393588
950.42486766,0.02755075
950.66976959,0.03217742
950.91467979,0.03451325
951.15959825,0.03537700
951.40452496,0.03422171
951.64945993,0.03742392
951.89440314,0.03771393
952.13935461,0.03824297
952.38431431,0.04274768
952.62928226,0.04382998
952.87425845,0.04832478
953.11924287,0.04925638
953.36423553,0.04878897
953.60923642,0.04840469
953.85424553,0.04519021
954.09926287,0.04560253
954.34428843,0.04562055
954.58932222,0.05163277
954.83436421,0.05157976
955.07941443,0.05082031
955.32447285,0.05016656
955.56953948,0.04456106
955.81461432,0.04603188
956.05969736,0.04828400
956.30478860,0.04400069
956.54988803,0.04485112
956.79499567,0.04849647
957.04011149,0.05060229
957.28523550,0.05310261
957.53036770,0.05614537
957.77550808,0.05723417
958.02065664,0.06067466
958.26581338,0.06588840
958.51097830,0.06432067
958.75615139,0.07106755
959.00133264,0.07294127
959.24652207,0.07225279
959.49171965,0.06480786
959.73692540,0.07322421
959.98213931,0.07759992
960.22736137,0.07993143
960.47259159,0.08465053
960.71782995,0.08494328
960.96307647,0.08982464
961.20833112,0.08823502
961.45359392,0.09121660
961.69886486,0.08737696
961.94414394,0.08844656
962.18943115,0.08898902
962.43472648,0.08740954
962.68002995,0.08128049
962.92534154,0.08287067
963.17066126,0.08399340
963.41598909,0.08429030
963.66132504,0.07894586
963.90666911,0.07169469
964.15202128,0.07198391
964.39738157,0.07017382
964.64274996,0.06423504
964.88812645,0.06788803
965.13351104,0.06050204
965.37890374,0.06169835
965.62430452,0.06274613
965.86971340,0.06238772
966.11513036,0.06348629
966.36055542,0.06582728
966.60598855,0.06197571
966.85142977,0.05599495
967.09687907,0.05337613
967.34233644,0.05316478
967.58780188,0.05293920
967.83327539,0.05190549
968.07875697,0.04661534
968.32424661,0.05089637
968.56974432,0.04700865
968.81525008,0.05240728
969.06076390,0.05217700
969.30628577,0.04895473
969.55181570,0.04678131
969.79735367,0.04282308
970.04289968,0.04154608
970.28845374,0.04172328
970.53401583,0.04099116
970.77958597,0.04064494
971.02516413,0.03884507
971.27075033,0.03744034
971.51634455,0.04003841
971.76194680,0.03397676
972.00755708,0.02975344
972.25317537,0.02940524
972.49880168,0.02630674
972.74443600,0.02772349
972.99007834,0.03088874
973.23572868,0.02897910
973.48138703,0.02623808
973.72705338,0.02702683
973.97272774,0.02491756
974.21841009,0.02376734
974.46410043,0.02391579
974.70979877,0.02487311
974.95550510,0.02337968
975.20121941,0.02215085
975.44694171,0.01951095
975.69267199,0.02300359
975.93841024,0.02057424
976.18415647,0.01962002
976.42991068,0.01886586
976.67567285,0.02050911
976.92144299,0.01734569
977.16722110,0.01618820
977.41300717,0.01612243
977.65880119,0.01642646
977.90460317,0.01495285
978.15041311,0.02016882
978.39623099,0.01727364
978.64205683,0.01873373
978.88789061,0.01963912
979.13373233,0.01810783
979.37958199,0.01803682
979.62543958,0.01938943
979.87130511,0.01843739
980.11717857,0.01758376
980.36305996,0.01692895
980.60894928,0.01592053
980.85484651,0.01487269
981.10075167,0.01548629
981.34666475,0.01640723
981.59258573,0.01502479
981.83851463,0.01659082
982.08445144,0.01643097
982.33039616,0.01456143
982.57634878,0.01570633
982.82230930,0.01788692
983.06827771,0.01707910
983.31425403,0.01450393
983.56023823,0.01460050
983.80623032,0.01153249
984.05223031,0.01486428
984.29823817,0.01056305
984.54425391,0.01187918
984.79027754,0.01193080
985.03630904,0.01470641
985.28234841,0.01218855
985.52839565,0.01102705
985.77445076,0.01143674
986.02051374,0.00805184
986.26658457,0.00824736
986.51266327,0.00791035
986.75874982,0.00754610
987.00484422,0.00990824
987.25094647,0.00688585
987.49705658,0.00930463
987.74317452,0.00536445
987.98930031,0.00726648
988.23543394,0.00945088
988.48157541,0.00824659
988.72772471,0.00645337
988.97388184,0.01019184
989.22004680,0.00638119
989.46621959,0.01024720
989.71240020,0.00810473
989.95858862,0.01050134
990.20478487,0.01199655
990.45098893,0.01070303
990.69720080,0.01076927
990.94342048,0.00970019
991.18964797,0.01438757
991.43588326,0.01374625
991.68212635,0.01026492
991.92837724,0.01267943
992.17463593,0.01071233
992.42090240,0.01152537
992.66717667,0.01112313
992.91345872,0.01483065
993.15974856,0.01182891
993.40604618,0.01204784
993.65235158,0.01487170
993.89866475,0.01590096
994.14498570,0.01506479
994.39131441,0.01569322
994.63765090,0.01936368
994.88399515,0.01546113
995.13034716,0.01619986
995.37670693,0.01609429
995.62307445,0.01571112
995.86944973,0.01438222
996.11583276,0.01512179
996.36222354,0.01472969
996.60862206,0.01102195
996.85502833,0.01213217
997.10144233,0.01129189
997.34786408,0.01222831
997.59429355,0.01334777
997.84073076,0.01443849
998.08717570,0.01331352
998.33362836,0.01185707
998.58008875,0.01189296
998.82655685,0.01317899
999.07303267,0.01261248
999.31951621,0.01276531
999.56600746,0.01235648
999.81250642,0.01026526
1000.05901309,0.00955085
1000.30552746,0.00974298
1000.55204953,0.01139229
1000.79857929,0.01127819
1001.04511676,0.01083916
1001.29166191,0.01199498
1001.53821476,0.01063442
1001.78477529,0.00871820
1002.03134351,0.00850812
1002.27791941,0.00899182
1002.52450299,0.00922558
1002.77109424,0.00993037
1003.01769317,0.00552715
1003.26429976,0.00848675
1003.51091403,0.01020102
1003.75753596,0.01009972
1004.00416555,0.00791436
1004.25080280,0.00994243
1004.49744771,0.00880303
1004.74410027,0.00983967
1004.99076048,0.00893966
1005.23742834,0.01067572
1005.48410384,0.00851393
1005.73078699,0.00713896
1005.97747778,0.00901089
1006.22417620,0.00567825
1006.47088226,0.00471283
1006.71759595,0.00597400
1006.96431727,0.00677493
1007.21104622,0.00697720
1007.45778279,0.00666912
1007.70452698,0.00631952
1007.95127879,0.00595109
1008.19803821,0.00638910
1008.44480524,0.00620635
1008.69157988,0.00538863
1008.93836213,0.00566187
1009.18515199,0.00696761
1009.43194944,0.00697528
1009.67875450,0.00856994
1009.92556715,0.00996453
1010.17238739,0.00972285
1010.41921522,0.00903179
1010.66605064,0.00741709
1010.91289364,0.00894575
1011.15974422,0.00984010
1011.40660239,0.00835212
1011.65346813,0.00847853
1011.90034144,0.01012940
1012.14722232,0.01217192
1012.39411078,0.01071993
1012.64100679,0.01261284
1012.88791037,0.01409748
1013.13482151,0.01464069
1013.38174020,0.01173163
1013.62866645,0.01178378
1013.87560025,0.01266286
1014.12254160,0.01309308
1014.36949049,0.01003863
1014.61644693,0.01377917
1014.86341091,0.01359931
1015.11038242,0.01487532
1015.35736147,0.01421196
1015.60434805,0.01479448
1015.85134216,0.01420515
1016.09834379,0.01709254
1016.34535295,0.01527070
1016.59236963,0.01318570
1016.83939383,0.01300980
1017.08642554,0.01291171
1017.33346476,0.01481504
1017.58051150,0.01519252
1017.82756574,0.01472363
1018.07462748,0.01570927
1018.32169673,0.01578516
1018.56877347,0.01560682
1018.81585771,0.01647861
1019.06294945,0.01448245
1019.31004867,0.01627374
1019.55715538,0.01649879
1019.80426957,0.01318721
1020.05139125,0.01512167
1020.29852041,0.01375463
1020.54565704,0.01351072
1020.79280114,0.01713984
1021.03995272,0.01468047
1021.28711177,0.01484265
1021.53427828,0.01420565
1021.78145225,0.01540570
1022.02863368,0.01252903
1022.27582257,0.01860164
1022.52301891,0.01803287
1022.77022270,0.01157270
1023.01743395,0.01408512
1023.26465263,0.01395658
1023.51187876,0.01233048
1023.75911234,0.01699146
1024.00635335,0.01573536
1024.25360179,0.01378529
1024.50085766,0.01338638
1024.74812097,0.01510810
1024.99539170,0.01596504
1025.24266985,0.01330827
1025.48995543,0.01103663
1025.73724842,0.01080967
1025.98454883,0.00955951
1026.23185665,0.01074243
1026.47917188,0.01279847
1026.72649452,0.01320245
1026.97382456,0.01150868
1027.22116200,0.01267021
1027.46850685,0.01102003
1027.71585908,0.00934481
1027.96321872,0.01240328
1028.21058574,0.00856218
1028.45796014,-0.00175990
1028.70534194,-0.00029170
1028.95273111,-0.00152944
1029.20012767,-0.00167377
1029.44753160,-0.00088094
1029.69494290,-0.00180064
