199.82001468,0.00045239
200.02220309,0.00306315
200.22440896,0.00018303
200.42663230,0.00123977
200.62887310,0.00155057
200.83113136,0.00227578
201.03340708,0.00028663
201.23570025,0.00324963
201.43801087,0.00474150
201.64033894,0.00548743
201.84268445,0.00144697
202.04504741,0.00322891
202.24742780,0.00184065
202.44982564,0.00244154
202.65224090,-0.00282142
202.85467360,0.00353972
203.05712372,0.00318747
203.25959128,-0.00178540
203.46207625,0.00308387
203.66457864,0.00136409
203.86709846,0.00509374
204.06963568,0.00467934
204.27219032,0.00389196
204.47476237,0.00194426
204.67735182,0.00256586
204.87995868,0.01166208
205.08258293,0.00557031
205.28522459,0.00235866
205.48788364,0.00258658
205.69056008,0.00283523
205.89325391,0.00648200
206.09596513,0.00198570
206.29869374,0.00604688
206.50143972,0.00573607
206.70420308,0.00356044
206.90698382,0.00140553
207.10978194,0.00082536
207.31259742,0.00534239
207.51543027,0.00003799
207.71828048,0.00324963
207.92114806,0.00101184
208.12403299,0.00929996
208.32693528,0.00211002
208.52985493,0.00231722
208.73279193,-0.00203404
208.93574627,0.00702073
209.13871796,0.00457573
209.34170699,0.00152985
209.54471336,0.00065960
209.74773707,0.00407845
209.95077811,-0.00021066
210.15383649,0.00109472
210.35691219,0.00304243
210.56000522,0.00324963
210.76311557,-0.00014850
210.96624324,0.00594327
211.16938823,0.00030735
211.37255053,0.00213074
211.57573015,-0.00041786
211.77892707,0.00256586
211.98214130,0.00289739
212.18537284,0.00068032
212.38862167,0.00107400
212.59188781,-0.00170252
212.79517124,0.00070104
212.99847196,-0.00124667
213.20178997,0.00426493
213.40512527,0.00532167
213.60847785,0.00144697
213.81184772,0.00208930
214.01523486,-0.00151604
214.21863928,0.00389196
214.42206097,0.00689641
214.62549993,0.00161273
214.82895616,0.00074248
215.03242966,0.00347756
215.23592042,0.00026591
215.43942843,0.00208930
215.64295370,0.00146769
215.84649623,0.00370548
216.05005601,0.00805675
216.25363303,0.00360188
216.45722731,0.00068032
216.66083882,-0.00145387
216.86446757,0.00339468
217.06811356,0.00059744
217.27177679,0.00646128
217.47545724,0.00455501
217.67915493,0.00148841
217.88286984,0.00229650
218.08660198,0.00416133
218.29035133,0.00706217
218.49411790,0.00631624
218.69790169,0.00308387
218.90170269,0.00111544
219.10552090,0.00565319
219.30935632,0.00505230
219.51320894,0.00084608
219.71707876,0.00043167
219.92096578,0.00405773
220.12486999,-0.00099803
220.32879140,0.00459645
220.53272999,0.00014159
220.73668578,0.00403701
220.94065875,0.00374692
221.14464890,0.00078392
221.34865623,0.00211002
221.55268073,0.00113616
221.75672241,-0.00012778
221.96078126,0.00055599
222.16485728,-0.00161964
222.36895046,0.00001727
222.57306080,0.00345684
222.77718831,0.00235866
222.98133297,-0.00147460
223.18549478,0.00318747
223.38967375,-0.00089443
223.59386986,0.00101184
223.79808312,0.00047311
224.00231352,0.00126049
224.20656106,0.00285595
224.41082574,0.00366404
224.61510756,0.00847115
224.81940650,-0.00060434
225.02372258,-0.00045930
225.22805578,0.00198570
225.43240610,-0.00271781
225.63677355,0.00262803
225.84115811,-0.00251061
226.04555979,0.00231722
226.24997858,-0.00149532
226.45441448,0.00374692
226.65886748,0.00488654
226.86333759,0.00227578
227.06782480,0.00254514
227.27232911,0.00264875
227.47685052,0.00235866
227.68138902,0.00432709
227.88594461,-0.00077010
228.09051728,0.00148841
228.29510704,0.00285595
228.49971389,0.00590183
228.70433781,0.00250370
228.90897881,0.00463790
229.11363688,0.00063888
229.31831202,0.00368476
229.52300423,0.00208930
229.72771350,0.00213074
229.93243984,0.00099112
230.13718324,0.00057672
230.34194369,0.00055599
230.54672120,0.00708289
230.75151576,0.00264875
230.95632737,0.00592255
231.16115602,0.00148841
231.36600172,0.00097040
231.57086446,-0.00035570
231.77574423,0.00260731
231.98064104,-0.00114307
232.18555488,0.00132265
232.39048575,0.00418205
232.59543365,-0.00095659
232.80039857,-0.00062506
233.00538051,0.00331180
233.21037947,0.00360188
233.41539544,0.01694576
233.62042843,0.00169561
233.82547842,0.00001727
234.03054543,0.00600544
234.23562943,0.00076320
234.44073044,0.00246226
234.64584845,0.00347756
234.85098345,0.00082536
235.05613545,0.00451357
235.26130444,0.00353972
235.46649041,0.00225506
235.67169337,0.00557031
235.87691331,0.00513518
236.08215023,0.00080464
236.28740413,0.00461718
236.49267500,0.00076320
236.69796284,-0.00190972
236.90326765,0.00341540
237.10858942,0.00322891
237.31392816,0.00530095
237.51928386,0.00542527
237.72465651,0.00078392
237.93004612,0.00028663
238.13545268,0.00090824
238.34087619,0.00492798
238.54631664,0.00179921
238.75177404,0.00219290
238.95724838,-0.00010705
239.16273965,0.00318747
239.36824786,0.00443069
239.57377300,0.00086680
239.77931508,0.00360188
239.98487407,0.00190281
240.19045000,0.00420277
240.39604284,0.00146769
240.60165260,-0.00232413
240.80727928,0.00254514
241.01292287,0.00397485
241.21858337,0.00405773
241.42426077,0.00312531
241.62995508,0.00341540
241.83566630,-0.00048002
242.04139441,0.00206858
242.24713941,0.00107400
242.45290131,0.00005871
242.65868010,0.00179921
242.86447578,0.00041095
243.07028835,0.00337396
243.27611779,0.00770450
243.48196412,0.00335324
243.68782732,0.00142625
243.89370739,0.00039023
244.09960434,0.00024519
244.30551816,0.00397485
244.51144884,0.00252442
244.71739638,-0.00023138
244.92336078,0.00333252
245.12934204,0.00237938
245.33534016,0.00291811
245.54135512,-0.00012778
245.74738694,0.00132265
245.95343560,0.00105328
246.15950110,0.00644056
246.36558345,0.00094968
246.57168263,0.00068032
246.77779865,0.00041095
246.98393150,0.00465862
247.19008118,0.00078392
247.39624769,0.00360188
247.60243102,0.00217218
247.80863117,0.00683425
248.01484814,0.00227578
248.22108192,0.00221362
248.42733252,-0.00056290
248.63359993,0.00043167
248.83988415,-0.00325654
249.04618517,0.00571535
249.25250299,-0.00087371
249.45883761,-0.00110163
249.66518903,0.00343612
249.87155724,0.00126049
250.07794224,0.00285595
250.28434403,0.00211002
250.49076260,0.00749730
250.69719796,-0.00193044
250.90365009,0.00053527
251.11011901,0.00018303
251.31660469,0.00374692
251.52310715,0.00134337
251.72962638,0.00291811
251.93616237,0.00360188
252.14271513,0.00082536
252.34928464,0.00003799
252.55587091,0.00140553
252.76247394,0.00242082
252.96909372,0.00202714
253.17573025,0.00146769
253.38238352,0.00242082
253.58905354,0.00511446
253.79574030,0.00146769
254.00244380,0.00184065
254.20916403,0.00681353
254.41590099,0.00515590
254.62265469,0.00140553
254.82942511,0.00026591
255.03621225,0.00219290
255.24301612,-0.00056290
255.44983670,-0.00031426
255.65667400,0.00341540
255.86352802,0.00032807
256.07039874,-0.00087371
256.27728617,-0.00050074
256.48419031,0.00331180
256.69111115,0.00492798
256.89804868,0.00082536
257.10500292,-0.00186828
257.31197384,0.00094968
257.51896146,0.00685497
257.72596577,-0.00224125
257.93298676,0.00337396
258.14002443,0.00279379
258.34707878,0.00128121
258.55414981,0.00190281
258.76123752,0.00020375
258.96834190,0.00602616
259.17546294,-0.00095659
259.38260065,-0.00153676
259.58975502,-0.00000345
259.79692606,0.00111544
260.00411375,0.00051455
260.21131810,-0.00371239
260.41853909,0.00331180
260.62577674,0.00175777
260.83303103,0.00289739
261.04030197,-0.00226197
261.24758955,0.00070104
261.45489377,0.00099112
261.66221462,0.00279379
261.86955210,0.00397485
262.07690622,0.00175777
262.28427696,-0.00008633
262.49166433,-0.00153676
262.69906831,0.00414061
262.90648892,-0.00058362
263.11392614,0.00128121
263.32137998,0.00285595
263.52885042,0.00223434
263.73633747,0.00615048
263.94384113,0.00061816
264.15136139,0.00273163
264.35889825,0.00755946
264.56645171,0.00244154
264.77402176,0.00215146
264.98160840,0.00225506
265.18921163,0.00107400
265.39683144,-0.00166108
265.60446784,0.00697929
265.81212081,-0.00002417
266.01979037,0.00343612
266.22747650,0.00051455
266.43517920,0.00132265
266.64289847,-0.00240701
266.85063430,0.00039023
267.05838670,-0.00081155
267.26615566,0.00333252
267.47394117,-0.00280069
267.68174324,-0.00178540
267.88956187,0.00403701
268.09739704,0.00219290
268.30524876,0.00414061
268.51311702,0.00571535
268.72100183,-0.00346374
268.92890317,-0.00048002
269.13682105,-0.00327726
269.34475546,-0.00178540
269.55270640,0.00126049
269.76067387,0.00140553
269.96865786,-0.00132955
270.17665838,0.00005871
270.38467541,0.00084608
270.59270896,0.00202714
270.80075902,0.00010015
271.00882560,0.00202714
271.21690868,0.00014159
271.42500826,0.00320819
271.63312435,0.00047311
271.84125694,0.00101184
272.04940602,0.00610904
272.25757160,0.00211002
272.46575367,0.00248298
272.67395223,0.00119832
272.88216727,0.00051455
273.09039880,0.00627480
273.29864681,0.00111544
273.50691129,0.00308387
273.71519225,0.00192354
273.92348968,0.00237938
274.13180358,0.00175777
274.34013395,-0.00106019
274.54848077,0.00213074
274.75684406,0.00101184
274.96522381,0.00269019
275.17362001,-0.00222053
275.38203267,0.00515590
275.59046177,0.00215146
275.79890732,0.00150913
276.00736932,0.00331180
276.21584776,-0.00021066
276.42434263,0.00026591
276.63285394,-0.00373311
276.84138169,-0.00037642
277.04992586,0.00260731
277.25848646,0.00175777
277.46706349,0.00030735
277.67565694,-0.00323582
277.88426680,-0.00130883
278.09289309,-0.00157820
278.30153578,-0.00164036
278.51019489,0.00552887
278.71887041,0.00140553
278.92756233,0.00331180
279.13627065,0.00298027
279.34499537,0.00229650
279.55373649,0.00233794
279.76249401,0.01019094
279.97126791,0.00356044
280.18005820,0.00138481
280.38886488,0.00219290
280.59768795,-0.00178540
280.80652739,0.00157129
281.01538321,0.00094968
281.22425540,0.00146769
281.43314397,0.00022447
281.64204891,-0.00126739
281.85097021,0.00208930
282.05990788,0.00150913
282.26886190,0.00248298
282.47783229,-0.00228269
282.68681903,0.00411989
282.89582212,-0.00128811
283.10484156,0.00144697
283.31387735,-0.00018994
283.52292949,0.00090824
283.73199796,0.00167489
283.94108277,0.00461718
284.15018392,-0.00251061
284.35930141,0.00074248
284.56843522,0.00171633
284.77758536,0.00449285
284.98675183,0.00117760
285.19593461,0.00668921
285.40513372,0.00592255
285.61434914,0.00217218
285.82358088,-0.00402319
286.03282893,0.00049383
286.24209328,0.00298027
286.45137395,0.00126049
286.66067091,0.00252442
286.86998417,0.00188209
287.07931373,0.00314603
287.28865959,0.00364332
287.49802174,0.00171633
287.70740017,0.00070104
287.91679489,0.00225506
288.12620590,0.00111544
288.33563318,-0.00186828
288.54507675,0.00213074
288.75453658,-0.00056290
288.96401269,-0.00124667
289.17350507,0.00213074
289.38301372,0.00314603
289.59253863,0.00175777
289.80207980,0.00579823
290.01163723,0.00146769
290.22121091,0.00264875
290.43080085,0.00281451
290.64040703,-0.00081155
290.85002947,0.00277307
291.05966815,0.00397485
291.26932307,0.00422349
291.47899422,0.00109472
291.68868162,0.00538383
291.89838525,0.00136409
292.10810511,0.00590183
292.31784119,0.00144697
292.52759350,-0.00114307
292.73736204,0.00254514
292.94714679,0.00215146
293.15694776,-0.00045930
293.36676494,-0.00006561
293.57659834,0.00128121
293.78644794,-0.00037642
293.99631375,-0.00087371
294.20619576,0.00192354
294.41609397,0.00525950
294.62600838,0.00159201
294.83593898,0.00254514
295.04588578,0.00051455
295.25584876,-0.00282142
295.46582793,0.00134337
295.67582328,0.00262803
295.88583481,0.00003799
296.09586253,0.00134337
296.30590641,0.00324963
296.51596647,0.00092896
296.72604270,-0.00016922
296.93613509,0.00509374
297.14624365,-0.00336014
297.35636837,0.00152985
297.56650925,0.00024519
297.77666629,-0.00045930
297.98683947,-0.00116379
298.19702881,0.00225506
298.40723429,0.00065960
298.61745592,0.00244154
298.82769369,0.00399557
299.03794760,0.00716577
299.24821765,-0.00110163
299.45850383,0.00472078
299.66880614,0.00240010
299.87912458,-0.00166108
300.08945914,-0.00290430
300.29980983,0.00322891
300.51017663,0.00138481
300.72055955,0.00621264
300.93095859,-0.00006561
301.14137374,0.00074248
301.35180499,-0.00153676
301.56225235,0.00020375
301.77271582,-0.00286286
301.98319538,0.01012878
302.19369105,-0.00383671
302.40420280,0.00047311
302.61473065,0.00463790
302.82527459,0.00254514
303.03583461,-0.00184756
303.24641072,0.00080464
303.45700291,0.00304243
303.66761117,0.00310459
303.87823552,0.00333252
304.08887593,0.00041095
304.29953241,-0.00079083
304.51020496,-0.00317366
304.72089358,0.00391268
304.93159825,0.00266947
305.14231899,-0.00035570
305.35305578,0.00318747
305.56380862,0.00163345
305.77457752,0.00177849
305.98536246,0.00111544
306.19616344,0.00057672
306.40698047,0.00196498
306.61781354,0.00074248
306.82866264,0.00233794
307.03952778,0.00248298
307.25040895,0.00308387
307.46130614,0.00322891
307.67221937,0.00086680
307.88314861,-0.00025210
308.09409387,0.00370548
308.30505515,0.00128121
308.51603245,0.00258658
308.72702576,0.00003799
308.93803507,-0.00110163
309.14906039,0.00240010
309.36010172,0.00039023
309.57115904,0.00339468
309.78223236,0.00018303
309.99332168,0.00231722
310.20442699,0.00314603
310.41554829,0.00140553
310.62668557,-0.00106019
310.83783884,0.00240010
311.04900809,-0.00383671
311.26019332,0.00148841
311.47139452,0.00200642
311.68261169,0.00219290
311.89384484,0.00430637
312.10509395,0.00134337
312.31635903,0.00277307
312.52764007,0.00225506
312.73893706,-0.00132955
312.95025002,-0.00072866
313.16157892,-0.00219981
313.37292378,0.00215146
313.58428458,0.00076320
313.79566133,-0.00074938
314.00705402,0.00227578
314.21846266,0.00020375
314.42988722,0.00028663
314.64132772,0.00206858
314.85278416,-0.00027282
315.06425652,0.00834683
315.27574480,-0.00172324
315.48724901,0.00171633
315.69876914,-0.00054218
315.91030518,0.00283523
316.12185715,-0.00122595
316.33342502,0.00163345
316.54500880,0.00204786
316.75660848,0.00374692
316.96822407,0.00266947
317.17985556,0.00061816
317.39150295,0.00012087
317.60316624,0.00295955
317.81484541,0.00003799
318.02654048,0.00300099
318.23825143,0.00217218
318.44997826,0.00107400
318.66172098,0.00269019
318.87347957,0.00639912
319.08525404,0.00113616
319.29704439,0.00426493
319.50885060,0.00126049
319.72067268,0.00335324
319.93251063,0.00144697
320.14436443,0.00109472
320.35623410,0.00534239
320.56811962,0.00486582
320.78002100,-0.00205476
320.99193822,-0.00199260
321.20387130,-0.00302862
321.41582021,0.00090824
321.62778498,0.00596400
321.83976558,0.00310459
322.05176201,0.00138481
322.26377428,0.00041095
322.47580239,0.00519734
322.68784632,0.00376764
322.89990607,0.00032807
323.11198165,-0.00091515
323.32407305,0.00192354
323.53618027,0.00285595
323.74830330,0.00111544
323.96044215,0.00240010
324.17259680,0.00598472
324.38476726,0.00540455
324.59695352,0.00045239
324.80915558,0.00260731
325.02137344,0.00026591
325.23360710,0.00053527
325.44585655,0.00418205
325.65812178,0.00335324
325.87040281,-0.00058362
326.08269962,0.00233794
326.29501221,-0.00217909
326.50734058,0.00318747
326.71968472,0.00074248
326.93204464,0.00532167
327.14442032,0.00331180
327.35681178,0.00177849
327.56921900,0.00053527
327.78164198,0.00227578
327.99408072,-0.00290430
328.20653522,0.00072176
328.41900547,-0.00184756
328.63149147,0.00188209
328.84399322,0.00123977
329.05651071,0.00179921
329.26904395,0.00022447
329.48159293,0.00252442
329.69415764,-0.00027282
329.90673809,0.00229650
330.11933427,0.00063888
330.33194617,0.00266947
330.54457381,0.00184065
330.75721716,-0.00184756
330.96987624,0.00053527
331.18255104,0.00353972
331.39524154,0.00534239
331.60794777,0.00219290
331.82066970,-0.00002417
332.03340733,0.00036951
332.24616067,0.00432709
332.45892971,0.00215146
332.67171445,0.00422349
332.88451489,0.00167489
333.09733102,0.00324963
333.31016283,-0.00101875
333.52301034,-0.00106019
333.73587352,-0.00018994
333.94875239,-0.00478984
334.16164694,0.00065960
334.37455717,-0.00352591
334.58748306,0.00453429
334.80042463,0.00283523
335.01338187,-0.00205476
335.22635477,0.00148841
335.43934333,0.00246226
335.65234755,0.00414061
335.86536743,0.00393340
336.07840296,0.00055599
336.29145415,-0.00052146
336.50452098,0.00341540
336.71760345,0.00138481
336.93070157,0.00136409
337.14381533,0.00103256
337.35694473,-0.00110163
337.57008976,0.00505230
337.78325042,0.00150913
337.99642671,0.00167489
338.20961863,0.00128121
338.42282617,0.00254514
338.63604933,-0.00230341
338.84928810,-0.00118451
339.06254250,0.00256586
339.27581250,0.00171633
339.48909812,0.00362260
339.70239934,0.00376764
339.91571616,0.00117760
340.12904859,0.00111544
340.34239661,-0.00215837
340.55576023,0.00378836
340.76913945,0.00240010
340.98253425,0.00277307
341.19594464,0.00142625
341.40937061,-0.00153676
341.62281217,0.00113616
341.83626930,0.00646128
342.04974201,0.00128121
342.26323030,-0.00151604
342.47673415,0.00391268
342.69025357,0.00787026
342.90378856,-0.00188900
343.11733911,0.00416133
343.33090522,0.00123977
343.54448688,0.00169561
343.75808410,-0.00122595
343.97169687,0.00016231
344.18532519,-0.00016922
344.39896906,0.00424421
344.61262847,-0.00066650
344.82630341,0.00503158
345.03999390,0.00327036
345.25369992,0.00534239
345.46742147,0.00741442
345.68115855,0.00364332
345.89491115,0.00024519
346.10867928,-0.00147460
346.32246293,0.00202714
346.53626210,-0.00286286
346.75007679,0.00005871
346.96390698,0.00262803
347.17775269,0.00150913
347.39161390,0.00152985
347.60549061,0.00123977
347.81938283,0.00115688
348.03329055,0.00190281
348.24721376,0.00078392
348.46115246,0.00213074
348.67510665,0.00053527
348.88907634,0.00117760
349.10306150,-0.00074938
349.31706215,-0.00217909
349.53107828,0.00177849
349.74510988,0.00123977
349.95915696,0.00275235
350.17321950,0.00256586
350.38729752,0.00675137
350.60139100,-0.00004489
350.81549994,0.00105328
351.02962435,-0.00060434
351.24376421,0.00256586
351.45791952,0.00109472
351.67209028,-0.00081155
351.88627650,-0.00101875
352.10047816,0.00068032
352.31469526,0.00362260
352.52892780,0.00225506
352.74317578,0.00331180
352.95743919,0.00206858
353.17171804,0.00184065
353.38601232,0.00345684
353.60032202,-0.00014850
353.81464714,0.00550815
354.02898769,-0.00275925
354.24334365,-0.00083227
354.45771503,-0.00282142
354.67210182,0.00358116
354.88650403,0.00465862
355.10092164,0.00329108
355.31535465,-0.00031426
355.52980306,0.00847115
355.74426687,0.00306315
355.95874608,0.00223434
356.17324069,0.00291811
356.38775068,-0.00004489
356.60227606,0.00090824
356.81681682,-0.00309078
357.03137297,-0.00224125
357.24594449,0.00065960
357.46053139,0.00457573
357.67513367,0.00525950
357.88975132,0.00308387
358.10438433,-0.00186828
358.31903271,0.00090824
358.53369645,0.00157129
358.74837556,-0.00447904
358.96307002,0.00246226
359.17777983,-0.00222053
359.39250499,-0.00008633
359.60724551,0.00269019
359.82200137,0.00271091
360.03677257,-0.00143315
360.25155911,-0.00257277
360.46636100,0.00070104
360.68117821,-0.00394031
360.89601076,-0.00037642
361.11085864,0.00364332
361.32572184,-0.00259349
361.54060037,0.00219290
361.75549422,0.00115688
361.97040338,0.00507302
362.18532786,0.00385052
362.40026766,-0.00101875
362.61522276,0.00246226
362.83019318,0.00550815
363.04517889,-0.00012778
363.26017991,0.00059744
363.47519623,0.00152985
363.69022784,0.00360188
363.90527474,0.00014159
364.12033694,0.00509374
364.33541442,-0.00172324
364.55050719,-0.00122595
364.76561524,-0.00122595
364.98073857,0.00028663
365.19587718,-0.00130883
365.41103106,0.00082536
365.62620021,-0.00213764
365.84138463,0.00078392
366.05658432,0.00196498
366.27179927,0.00403701
366.48702948,-0.00021066
366.70227494,-0.00106019
366.91753566,-0.00039714
367.13281163,-0.00126739
367.34810285,-0.00307006
367.56340932,0.00192354
367.77873103,0.00155057
367.99406798,0.00349828
368.20942017,-0.00153676
368.42478759,0.00134337
368.64017025,0.00012087
368.85556813,0.00370548
369.07098125,0.00204786
369.28640958,0.00273163
369.50185314,0.00103256
369.71731191,0.00134337
369.93278590,-0.00452048
370.14827511,0.00061816
370.36377952,-0.00280069
370.57929914,-0.00045930
370.79483397,0.00318747
371.01038400,0.00136409
371.22594922,-0.00108091
371.44152965,-0.00014850
371.65712526,0.00130193
371.87273607,-0.00236557
372.08836206,0.00217218
372.30400324,0.00414061
372.51965960,-0.00039714
372.73533114,0.00327036
372.95101786,-0.00151604
373.16671976,0.00544599
373.38243682,0.00244154
373.59816905,0.00181993
373.81391645,-0.00217909
374.02967901,0.00411989
374.24545673,-0.00106019
374.46124961,-0.00093587
374.67705764,0.00065960
374.89288082,-0.00147460
375.10871916,-0.00172324
375.32457264,0.00101184
375.54044126,-0.00079083
375.75632503,0.00360188
375.97222393,0.00155057
376.18813797,-0.00236557
376.40406713,-0.00048002
376.62001143,-0.00114307
376.83597086,-0.00329798
377.05194541,0.00061816
377.26793508,0.00211002
377.48393987,0.00215146
377.69995978,0.00505230
377.91599480,-0.00014850
378.13204493,-0.00004489
378.34811016,0.00445141
378.56419050,0.00422349
378.78028595,0.00422349
378.99639649,0.00041095
379.21252213,-0.00178540
379.42866286,0.00094968
379.64481868,-0.00182684
379.86098960,0.00559103
380.07717559,0.00103256
380.29337667,0.00090824
380.50959283,0.00034879
380.72582407,0.00287667
380.94207038,0.00281451
381.15833176,0.00173705
381.37460821,-0.00081155
381.59089972,0.00144697
381.80720630,0.00312531
382.02352794,-0.00014850
382.23986464,-0.00072866
382.45621639,0.00070104
382.67258319,0.00126049
382.88896505,-0.00143315
383.10536195,0.00229650
383.32177389,0.00001727
383.53820087,0.00148841
383.75464289,0.00090824
383.97109995,0.00142625
384.18757204,-0.00048002
384.40405916,-0.00014850
384.62056131,-0.00358807
384.83707848,0.00076320
385.05361067,0.00229650
385.27015788,0.00049383
385.48672011,0.00393340
385.70329735,0.00279379
385.91988960,0.00138481
386.13649686,0.00086680
386.35311912,0.00368476
386.56975639,0.00109472
386.78640865,0.00200642
387.00307592,0.00076320
387.21975817,0.00041095
387.43645542,0.00233794
387.65316765,0.00018303
387.86989487,0.00258658
388.08663707,0.00020375
388.30339426,0.00155057
388.52016641,0.00314603
388.73695355,0.00434781
388.95375565,0.00150913
389.17057273,-0.00025210
389.38740477,0.00577751
389.60425177,0.00152985
389.82111374,-0.00128811
390.03799066,0.00519734
390.25488253,0.00316675
390.47178936,0.00068032
390.68871114,0.00034879
390.90564787,-0.00010705
391.12259954,0.00134337
391.33956614,0.00221362
391.55654769,-0.00041786
391.77354418,0.00235866
391.99055559,0.00018303
392.20758194,0.00181993
392.42462321,0.00387124
392.64167941,0.00258658
392.85875053,0.00358116
393.07583657,-0.00031426
393.29293752,0.00414061
393.51005339,0.00399557
393.72718417,0.00250370
393.94432986,0.00507302
394.16149045,0.00053527
394.37866594,-0.00064578
394.59585634,0.00349828
394.81306163,0.00426493
395.03028181,0.00372620
395.24751689,0.00664777
395.46476685,0.00202714
395.68203170,0.00289739
395.89931143,0.00542527
396.11660604,0.00293883
396.33391553,0.00333252
396.55123990,0.00248298
396.76857913,0.00391268
396.98593324,0.00426493
397.20330221,-0.00280069
397.42068604,0.00293883
397.63808474,-0.00147460
397.85549829,0.00472078
398.07292670,0.00449285
398.29036996,0.00407845
398.50782807,0.00430637
398.72530103,0.00509374
398.94278883,0.00339468
399.16029147,0.00563247
399.37780895,0.00146769
399.59534127,0.00575679
399.81288841,0.00542527
400.03045039,0.00393340
400.24802720,0.00631624
400.46561883,0.00082536
400.68322529,0.00099112
400.90084656,0.00134337
401.11848265,0.00501086
401.33613355,0.00148841
401.55379926,0.00155057
401.77147978,0.00581895
401.98917511,0.00724865
402.20688524,0.00175777
402.42461017,0.00198570
402.64234989,0.00565319
402.86010441,-0.00037642
403.07787372,0.00494870
403.29565782,0.00501086
403.51345670,0.00150913
403.73127037,0.00554959
403.94909882,0.00208930
404.16694205,0.00639912
404.38480005,0.00289739
404.60267282,0.00213074
404.82056036,0.00109472
405.03846267,0.00476222
405.25637974,0.00876124
405.47431157,0.00590183
405.69225816,0.00318747
405.91021951,0.00513518
406.12819561,0.00150913
406.34618645,0.00331180
406.56419205,0.00459645
406.78221239,0.00378836
407.00024747,0.00619192
407.21829729,0.00065960
407.43636184,0.00762162
407.65444113,0.00581895
407.87253515,0.00768378
408.09064390,0.00372620
408.30876737,0.00409917
408.52690556,0.00710361
408.74505847,0.00240010
408.96322610,0.00677209
409.18140844,0.00401629
409.39960550,0.00250370
409.61781726,0.00666849
409.83604372,0.00416133
410.05428489,0.00793242
410.27254076,0.00213074
410.49081133,0.00913420
410.70909659,0.00600544
410.92739654,0.00414061
411.14571118,0.00797386
411.36404051,0.00600544
411.58238452,0.00932068
411.80074321,0.00432709
412.01911658,0.00803603
412.23750462,0.00778738
412.45590734,0.00608832
412.67432472,0.00596400
412.89275677,0.00592255
413.11120349,0.00559103
413.32966486,0.00217218
413.54814090,0.00482438
413.76663159,0.00683425
413.98513693,0.00291811
414.20365692,0.00167489
414.42219156,0.00627480
414.64074084,0.00161273
414.85930477,0.00376764
415.07788333,0.00188209
415.29647653,0.00509374
415.51508437,0.00341540
415.73370683,0.00467934
415.95234392,0.00333252
416.17099564,0.00476222
416.38966198,0.00693785
416.60834294,0.00488654
416.82703851,0.00480366
417.04574870,0.00061816
417.26447350,0.00453429
417.48321291,0.00457573
417.70196692,0.00117760
417.92073554,0.00592255
418.13951875,0.00662704
418.35831657,0.00231722
418.57712898,0.00188209
418.79595598,0.00905132
419.01479757,0.00768378
419.23365374,0.00385052
419.45252450,0.00208930
419.67140984,0.00787026
419.89030975,0.00760090
420.10922425,0.01139272
420.32815331,0.00337396
420.54709694,0.00760090
420.76605514,0.00499014
420.98502791,0.00499014
421.20401523,0.00285595
421.42301712,0.00457573
421.64203356,0.00743514
421.86106455,0.00505230
422.08011009,0.00358116
422.29917018,0.00666849
422.51824482,0.00530095
422.73733399,0.00467934
422.95643771,0.00758018
423.17555596,0.00287667
423.39468875,0.00345684
423.61383606,0.00418205
423.83299790,0.00544599
424.05217427,0.00615048
424.27136516,0.00641984
424.49057057,0.00405773
424.70979050,0.00474150
424.92902494,0.00842971
425.14827390,0.00380908
425.36753736,0.00695857
425.58681532,0.00751802
425.80610779,0.00575679
426.02541476,0.00985941
426.24473623,0.00356044
426.46407219,0.00793242
426.68342265,0.00237938
426.90278759,0.00561175
427.12216702,0.00739370
427.34156093,0.00532167
427.56096933,0.00857475
427.78039220,0.01064678
427.99982955,0.00755946
428.21928137,0.00617120
428.43874766,0.00387124
428.65822841,0.00712433
428.87772363,0.00799459
429.09723331,0.00434781
429.31675745,0.00349828
429.53629605,0.00337396
429.75584910,0.00635768
429.97541660,0.00778738
430.19499854,0.00542527
430.41459494,0.01023238
430.63420577,0.00861619
430.85383104,0.00774594
431.07347075,0.00749730
431.29312489,0.01114407
431.51279347,0.00776666
431.73247647,0.00534239
431.95217390,0.00600544
432.17188574,0.00869908
432.39161201,0.00418205
432.61135270,0.00608832
432.83110780,0.00770450
433.05087731,0.01085399
433.27066123,0.00438925
433.49045956,0.00710361
433.71027229,0.00604688
433.93009942,0.00791170
434.14994095,0.00677209
434.36979687,0.00637840
434.58966718,0.00741442
434.80955189,0.00940357
435.02945098,0.01017022
435.24936445,0.01423140
435.46929230,0.00700001
435.68923454,0.00758018
435.90919115,0.00919636
436.12916213,0.00735226
436.34914748,0.01323682
436.56914720,0.00900988
436.78916128,0.00954861
437.00918972,0.00776666
437.22923252,0.00890628
437.44928968,0.01099903
437.66936119,0.00874052
437.88944706,0.01267737
438.10954727,0.01120623
438.32966182,0.01116479
438.54979072,0.00992157
438.76993395,0.01510165
438.99009153,0.01460436
439.21026343,0.01493589
439.43044967,0.01323682
439.65065024,0.01870698
439.87086513,0.01247017
440.09109434,0.01006662
440.31133788,0.01143416
440.53159573,0.01520525
440.75186789,0.01025310
440.97215437,0.01392059
441.19245516,0.01452148
441.41277025,0.01234585
441.63309964,0.01273954
441.85344334,0.01439716
442.07380133,0.01271882
442.29417362,0.01331970
442.51456020,0.01369267
442.73496107,0.01267737
442.95537623,0.01483229
443.17580567,0.01657279
443.39624939,0.01443860
443.61670739,0.01406564
443.83717967,0.01472868
444.05766622,0.01342331
444.27816704,0.01881059
444.49868212,0.00956933
444.71921147,0.01234585
444.93975509,0.01503949
445.16031296,0.01535029
445.38088508,0.01648991
445.60147147,0.01466652
445.82207210,0.00973509
446.04268698,0.01410708
446.26331610,0.01762953
446.48395947,0.01033598
446.70461707,0.01259449
446.92528892,0.01251161
447.14597499,0.01512237
447.36667530,0.01043958
447.58738984,0.01642775
447.80811860,0.01392059
448.02886158,0.01292602
448.24961879,0.01489445
448.47039021,0.01441788
448.69117585,0.01941147
448.91197570,0.01810609
449.13278975,0.01118551
449.35361802,0.01423140
449.57446049,0.01410708
449.79531715,0.01062606
450.01618802,0.01050174
450.23707308,0.01043958
450.45797234,0.01719440
450.67888578,0.01394131
450.89981341,0.01021166
451.12075522,0.01508093
451.34171122,0.01632415
451.56268139,0.01713224
451.78366574,0.01876914
452.00466426,0.01773313
452.22567696,0.01126839
452.44670382,0.01302962
452.66774484,0.01046030
452.88880003,0.01870698
453.10986938,0.01265665
453.33095288,0.01595118
453.55205053,0.01445932
453.77316234,0.01133055
453.99428830,0.01622055
454.21542840,0.01396203
454.43658264,0.01690432
454.65775102,0.01257377
454.87893354,0.01769169
455.10013019,0.01491517
455.32134098,0.01899707
455.54256589,0.02088262
455.76380493,0.01458364
455.98505809,0.01572326
456.20632537,0.01939075
456.42760677,0.01727728
456.64890229,0.01406564
456.87021191,0.01914211
457.09153565,0.01479085
457.31287349,0.01901779
457.53422544,0.02171143
457.75559149,0.02131774
457.97697163,0.01537101
458.19836587,0.02046821
458.41977420,0.01914211
458.64119663,0.02409426
458.86263313,0.01800249
459.08408373,0.02372130
459.30554840,0.02121414
459.52702716,0.02780320
459.74851999,0.01655207
459.97002689,0.02573117
460.19154786,0.01920427
460.41308290,0.02276816
460.63463201,0.01972228
460.85619518,0.01767097
461.07777241,0.01990876
461.29936369,0.02061325
461.52096903,0.02278888
461.74258841,0.02322401
461.96422185,0.02262312
462.18586933,0.02127630
462.40753086,0.02481947
462.62920642,0.02142134
462.85089602,0.02247808
463.07259966,0.02214655
463.29431733,0.01852050
463.51604902,0.02200151
463.73779475,0.01928715
463.95955449,0.02365914
464.18132826,0.02624918
464.40311604,0.02181503
464.62491784,0.02117270
464.84673365,0.02135918
465.06856347,0.02556541
465.29040730,0.02283032
465.51226513,0.02222944
465.73413696,0.02032317
465.95602279,0.02616629
466.17792261,0.02469515
466.39983643,0.02915002
466.62176424,0.02614557
466.84370603,0.03074548
467.06566181,0.02682934
467.28763157,0.02714015
467.50961531,0.02666358
467.73161303,0.02714015
467.95362472,0.02508884
468.17565038,0.02827977
468.39769001,0.02693295
468.61974360,0.02827977
468.84181116,0.02685006
469.06389267,0.03232023
469.28598814,0.02900498
469.50809757,0.03335624
469.73022094,0.03348056
469.95235827,0.03078692
470.17450954,0.02589693
470.39667475,0.02769960
470.61885390,0.02970947
470.84104699,0.02975091
471.06325402,0.03422649
471.28547498,0.02745095
471.50770986,0.03002027
471.72995867,0.02720231
471.95222141,0.02096550
472.17449806,0.02515100
472.39678864,0.02266456
472.61909313,0.02755455
472.84141153,0.02620773
473.06374384,0.03263103
473.28609005,0.02861129
473.50845017,0.02523388
473.73082420,0.02854913
473.95321212,0.02624918
474.17561393,0.03053828
474.39802964,0.02734735
474.62045924,0.02846625
474.84290273,0.02525460
475.06536010,0.03033108
475.28783136,0.03093196
475.51031649,0.02738879
475.73281550,0.02177359
475.95532838,0.02171143
476.17785513,0.02481947
476.40039575,0.02751311
476.62295024,0.02639422
476.84551859,0.02904642
477.06810080,0.02888065
477.29069686,0.02950226
477.51330678,0.02788608
477.73593055,0.03186438
477.95856817,0.02856985
478.18121963,0.03136709
478.40388494,0.03250671
478.62656409,0.03176078
478.84925707,0.02832121
479.07196389,0.02999955
479.29468455,0.02981307
479.51741903,0.03213374
479.74016733,0.02396994
479.96292946,0.02838337
480.18570542,0.02807256
480.40849519,0.02434291
480.63129877,0.02917074
480.85411617,0.02817616
481.07694738,0.02504740
481.29979239,0.02670502
481.52265121,0.02471587
481.74552383,0.02604197
481.96841025,0.02492308
482.19131046,0.02807256
482.41422447,0.02479875
482.63715227,0.02769960
482.86009385,0.02421859
483.08304922,0.02210511
483.30601837,0.02384562
483.52900130,0.02788608
483.75199801,0.02336905
483.97500849,0.02492308
484.19803274,0.02674646
484.42107076,0.02260240
484.64412255,0.02888065
484.86718810,0.02622846
485.09026741,0.01874842
485.31336047,0.02123486
485.53646729,0.02264384
485.75958786,0.01862410
485.98272218,0.02098622
486.20587024,0.02001236
486.42903205,0.02531676
486.65220760,0.02270600
486.87539689,0.02832121
487.09859991,0.02415642
487.32181666,0.02544108
487.54504715,0.02786536
487.76829136,0.02411498
487.99154929,0.02836265
488.21482094,0.02606269
488.43810631,0.02620773
488.66140540,0.03433010
488.88471820,0.02908786
489.10804471,0.03186438
489.33138493,0.03265175
489.55473885,0.03190582
489.77810647,0.03443370
490.00148780,0.03513819
490.22488281,0.03553187
490.44829153,0.04087771
490.67171393,0.03721022
490.89515002,0.04015250
491.11859979,0.04220381
491.34206325,0.04236957
491.56554038,0.03822551
491.78903120,0.04079483
492.01253568,0.03922009
492.23605384,0.04077411
492.45958567,0.04089843
492.68313116,0.03940657
492.90669031,0.03633996
493.13026312,0.03406073
493.35384960,0.03252743
493.57744972,0.03180222
493.80106350,0.02881849
494.02469092,0.03366705
494.24833200,0.03470306
494.47198671,0.03528323
494.69565507,0.03629852
494.91933706,0.03785255
495.14303269,0.03381209
495.36674195,0.03078692
495.59046484,0.03333552
495.81420136,0.03178150
496.03795150,0.02939866
496.26171526,0.02728519
496.48549264,0.02925362
496.70928364,0.03103557
496.93308825,0.03482738
497.15690647,0.03517963
497.38073830,0.03540755
497.60458373,0.04052547
497.82844276,0.04680372
498.05231539,0.04156148
498.27620162,0.03633996
498.50010144,0.03785255
498.72401485,0.03980026
498.94794185,0.04299118
499.17188244,0.03810119
499.39583661,0.04011106
499.61980435,0.03696157
499.84378568,0.04185157
500.06778058,0.04292902
500.29178904,0.04272182
500.51581108,0.03878496
500.73984668,0.04214165
500.96389585,0.03839128
501.18795858,0.04013178
501.41203486,0.04390288
501.63612470,0.04019394
501.86022809,0.04344703
502.08434503,0.04508393
502.30847551,0.04340559
502.53261954,0.04096059
502.75677711,0.03607060
502.98094822,0.04029754
503.20513286,0.03982098
503.42933104,0.03764534
503.65354274,0.03702374
503.87776797,0.03621564
504.10200673,0.03151213
504.32625901,0.03459946
504.55052480,0.03580124
504.77480411,0.03186438
504.99909694,0.02890137
505.22340327,0.03383281
505.44772312,0.02834193
505.67205646,0.02933650
505.89640331,0.03109773
506.12076366,0.02730591
506.34513750,0.03035180
506.56952484,0.02533748
506.79392567,0.02954370
507.01833999,0.03115989
507.24276779,0.03236167
507.46720907,0.03186438
507.69166384,0.03161574
507.91613208,0.03190582
508.14061380,0.03312832
508.36510898,0.03174006
508.58961764,0.03205086
508.81413976,0.03464090
509.03867534,0.03706518
509.26322439,0.03553187
509.48778689,0.03459946
509.71236285,0.03944801
509.93695226,0.03963449
510.16155512,0.03762462
510.38617142,0.03609132
510.61080117,0.03737598
510.83544436,0.03636069
511.06010099,0.03745886
511.28477105,0.03930297
511.50945454,0.04212093
511.73415147,0.03888856
511.95886182,0.03799759
512.18358560,0.03418505
512.40832280,0.02915002
512.63307341,0.03327336
512.85783745,0.03047612
513.08261489,0.03118061
513.30740575,0.03147069
513.53221001,0.03381209
513.75702768,0.03441298
513.98185875,0.02975091
514.20670322,0.03022747
514.43156109,0.02867345
514.65643235,0.02747167
514.88131700,0.02558613
515.10621504,0.03491026
515.33112647,0.02948154
515.55605128,0.03037252
515.78098946,0.03037252
516.00594103,0.02863201
516.23090597,0.02927434
516.45588428,0.03459946
516.68087596,0.02401138
516.90588100,0.03022747
517.13089941,0.02730591
517.35593118,0.02767888
517.58097631,0.02658070
517.80603479,0.02896354
518.03110663,0.02328617
518.25619181,0.02761672
518.48129034,0.02403210
518.70640222,0.02674646
518.93152743,0.02554469
519.15666598,0.02701583
519.38181787,0.02573117
519.60698310,0.02881849
519.83216165,0.02581405
520.05735353,0.02135918
520.28255873,0.02175287
520.50777726,0.02198079
520.73300910,0.02446723
520.95825426,0.02637350
521.18351273,0.02854913
521.40878452,0.02643566
521.63406961,0.02481947
521.85936801,0.02556541
522.08467971,0.02200151
522.31000471,0.02419787
522.53534300,0.02722303
522.76069459,0.02896354
522.98605947,0.02885993
523.21143764,0.03151213
523.43682910,0.03225806
523.66223383,0.03111845
523.88765185,0.03198870
524.11308315,0.03252743
524.33852772,0.03474450
524.56398556,0.02863201
524.78945667,0.03383281
525.01494104,0.03596700
525.24043868,0.03741742
525.46594959,0.04021466
525.69147374,0.04643075
525.91701116,0.04205877
526.14256182,0.03663005
526.36812574,0.03687869
526.59370290,0.03880568
526.81929331,0.03772823
527.04489696,0.03453730
527.27051384,0.03694085
527.49614396,0.03627780
527.72178732,0.03159501
527.94744390,0.03196798
528.17311372,0.03169862
528.39879675,0.03611204
528.62449301,0.03420577
528.85020249,0.04098131
529.07592518,0.04015250
529.30166109,0.03752102
529.52741021,0.04301190
529.75317254,0.04746677
529.97894807,0.04120924
530.20473680,0.04725957
530.43053874,0.04696948
530.65635387,0.05967103
530.88218219,0.04748749
531.10802371,0.05434591
531.33387841,0.05345494
531.55974630,0.05500896
531.78562738,0.05604498
532.01152163,0.05534049
532.23742906,0.05328918
532.46334967,0.05198380
532.68928344,0.05330990
532.91523039,0.05687379
533.14119051,0.05886294
533.36716378,0.05376574
533.59315022,0.05351710
533.81914982,0.04931088
534.04516257,0.06126649
534.27118847,0.05546481
534.49722752,0.05730892
534.72327973,0.05790980
534.94934507,0.05629362
535.17542356,0.05981607
535.40151518,0.05755756
535.62761994,0.05258469
535.85373784,0.05424231
536.07986886,0.05886294
536.30601301,0.05674947
536.53217029,0.05685307
536.75834069,0.05275045
536.98452420,0.05447023
537.21072084,0.05853141
537.43693059,0.06195026
537.66315345,0.05902870
537.88938941,0.05633506
538.11563848,0.05811701
538.34190066,0.06045840
538.56817593,0.05757828
538.79446431,0.05685307
539.02076577,0.05291621
539.24708033,0.05973319
539.47340798,0.05793052
539.69974871,0.05782692
539.92610252,0.05774404
540.15246942,0.05757828
540.37884939,0.05531977
540.60524244,0.06648801
540.83164856,0.06176378
541.05806775,0.06317276
541.28450001,0.06377365
541.51094533,0.07034199
541.73740371,0.06982398
541.96387515,0.06833212
542.19035965,0.06731682
542.41685719,0.07345003
542.64336779,0.07413380
542.86989144,0.07773914
543.09642813,0.06673666
543.32297786,0.07260050
543.54954063,0.06858076
543.77611643,0.07357436
544.00270527,0.07063207
544.22930714,0.07537702
544.45592204,0.06899517
544.68254996,0.06957534
544.90919091,0.06739971
545.13584487,0.07009334
545.36251185,0.06800059
545.58919184,0.06425022
545.81588485,0.06464390
546.04259086,0.06667449
546.26930988,0.06414662
546.49604191,0.06565920
546.72278693,0.06250971
546.94954495,0.06306916
547.17631596,0.06279980
547.40309997,0.06538984
547.62989696,0.06000256
547.85670694,0.06501687
548.08352991,0.07626800
548.31036585,0.06507903
548.53721477,0.07139872
548.76407667,0.07902380
548.99095154,0.07769770
549.21783938,0.07577071
549.44474018,0.07910668
549.67165395,0.07759410
549.89858069,0.07485902
550.12552038,0.07496262
550.35247302,0.07531486
550.57943862,0.07734545
550.80641717,0.07523198
551.03340866,0.07773914
551.26041310,0.08109583
551.48743048,0.08296066
551.71446081,0.08308498
551.94150406,0.08640023
552.16856025,0.08766417
552.39562937,0.09311361
552.62271142,0.08507413
552.84980640,0.08476332
553.07691429,0.08911459
553.30403511,0.09278208
553.53116884,0.09754775
553.75831549,0.09769279
553.98547505,0.09885313
554.21264752,0.10109092
554.43983289,0.10032427
554.66703116,0.10587732
554.89424234,0.10734846
555.12146641,0.11068443
555.34870338,0.10620884
555.57595324,0.11524289
555.80321599,0.11636179
556.03049162,0.11520145
556.25778014,0.11385463
556.48508154,0.11592666
556.71239582,0.11975992
556.93972297,0.11474561
557.16706300,0.11271502
557.39441589,0.11325374
557.62178165,0.11760501
557.84916028,0.11184476
558.07655177,0.11360599
558.30395611,0.11665187
558.53137331,0.12228780
558.75880337,0.12137610
558.98624627,0.12118962
559.21370202,0.12479496
559.44117062,0.11812302
559.66865206,0.11998784
559.89614634,0.12268148
560.12365345,0.12232924
560.35117340,0.11779149
560.57870618,0.12106530
560.80625179,0.11615459
561.03381022,0.11356455
561.26138148,0.11810230
561.48896555,0.12133466
561.71656244,0.12118962
561.94417215,0.12377966
562.17179467,0.12150043
562.39942999,0.11729420
562.62707812,0.12050585
562.85473906,0.12125178
563.08241279,0.11812302
563.31009933,0.11074659
563.53779866,0.12199771
563.76551078,0.11312942
563.99323568,0.11358527
564.22097338,0.11399968
564.44872386,0.11008354
564.67648712,0.11389607
564.90426316,0.11205197
565.13205197,0.11165828
565.35985356,0.11565730
565.58766792,0.12073378
565.81549504,0.12214276
566.04333493,0.12264004
566.27118758,0.11029074
566.49905298,0.11008354
566.72693115,0.10977273
566.95482207,0.11455912
567.18272573,0.10662325
567.41064215,0.11126459
567.63857131,0.10654036
567.86651321,0.10817727
568.09446785,0.10523499
568.32243523,0.10842591
568.55041534,0.10741062
568.77840819,0.11310870
569.00641376,0.10554579
569.23443206,0.10799079
569.46246308,0.10964841
569.69050682,0.11010426
569.91856327,0.11180332
570.14663244,0.11080875
570.37471433,0.10581515
570.60280892,0.11087091
570.83091622,0.11182404
571.05903622,0.11281862
571.28716892,0.11114027
571.51531432,0.11493209
571.74347241,0.11462128
571.97164320,0.10525571
572.19982667,0.10691333
572.42802284,0.10672685
572.65623168,0.10446833
572.88445321,0.11035290
573.11268742,0.10701693
573.34093430,0.10312151
573.56919385,0.11043578
573.79746608,0.11035290
574.02575097,0.11373031
574.25404853,0.11441408
574.48235874,0.11623747
574.71068162,0.11903471
574.93901715,0.11495281
575.16736534,0.12406974
575.39572618,0.11837166
575.62409966,0.12307517
575.85248579,0.12143827
576.08088456,0.12063017
576.30929597,0.12160403
576.53772002,0.11882751
576.76615671,0.12792372
576.99460602,0.12937414
577.22306796,0.12881469
577.45154253,0.13339388
577.68002972,0.13186058
577.90852953,0.12833813
578.13704196,0.12676338
578.36556700,0.13281371
578.59410465,0.12709491
578.82265492,0.13188130
579.05121779,0.12699131
579.27979326,0.12249500
579.50838133,0.12160403
579.73698201,0.12274364
579.96559527,0.12390398
580.19422113,0.12141755
580.42285958,0.12127250
580.65151062,0.11994640
580.88017424,0.12160403
581.10885044,0.11621675
581.33753922,0.12029865
581.56624057,0.11306726
581.79495450,0.10915112
582.02368100,0.10471698
582.25242007,0.10316295
582.48117170,0.10554579
582.70993589,0.11000066
582.93871264,0.11445552
583.16750195,0.10604308
583.39630381,0.10297647
583.62511822,0.10401249
583.85394518,0.10173325
584.08278469,0.10482058
584.31163674,0.10424041
584.54050133,0.10243774
584.76937845,0.10828087
584.99826811,0.11091235
585.22717030,0.11727348
585.45608502,0.11582306
585.68501226,0.12736427
585.91395203,0.13188130
586.14290432,0.13948565
586.37186912,0.13602536
586.60084644,0.13888476
586.82983628,0.14027302
587.05883862,0.14516302
587.28785347,0.14545310
587.51688082,0.14764945
587.74592067,0.14798098
587.97497302,0.14597111
588.20403787,0.14300811
588.43311520,0.15009445
588.66220503,0.15865194
588.89130735,0.15479796
589.12042215,0.15307817
589.34954943,0.16236087
589.57868919,0.15776096
589.80784142,0.16503379
590.03700613,0.16611125
590.26618331,0.16455722
590.49537296,0.16213295
590.72457507,0.15123407
590.95378964,0.14522518
591.18301667,0.14897555
591.41225616,0.14858187
591.64150811,0.14748369
591.87077250,0.15046742
592.10004934,0.15034309
592.32933863,0.14632335
592.55864036,0.14526662
592.78795453,0.14155768
593.01728114,0.14402340
593.24662018,0.14168201
593.47597165,0.13517583
593.70533555,0.13714426
593.93471188,0.14184777
594.16410063,0.14539094
594.39350180,0.15059174
594.62291539,0.14514230
594.85234140,0.15021877
595.08177981,0.15446643
595.31123064,0.14597111
595.54069387,0.14512158
595.77016951,0.14789810
595.99965755,0.14955572
596.22915798,0.15519165
596.45867081,0.14970076
596.68819604,0.14603327
596.91773365,0.14503870
597.14728365,0.14045951
597.37684603,0.14000366
597.60642080,0.14922420
597.83600795,0.15560605
598.06560747,0.16144918
598.29521936,0.15846545
598.52484363,0.16764455
598.75448026,0.17079404
598.98412926,0.16745807
599.21379062,0.17311471
599.44346434,0.17367416
599.67315042,0.17564259
599.90284885,0.18152716
600.13255963,0.19155578
600.36228276,0.19130714
600.59201824,0.19103778
600.82176606,0.19099634
601.05152622,0.18875854
601.28129871,0.18656219
601.51108354,0.19207379
601.74088070,0.19671514
601.97069019,0.20608072
602.20051201,0.20282763
602.43034615,0.21242113
602.66019261,0.22054349
602.89005139,0.23038564
603.11992249,0.22920458
603.34980589,0.23861160
603.57970161,0.23859088
603.80960963,0.24499346
604.03952996,0.25406895
604.26946259,0.26152826
604.49940751,0.27402261
604.72936474,0.27273795
604.95933425,0.27068664
605.18931606,0.27313163
605.41931015,0.26913261
605.64931653,0.27429197
605.87933519,0.27130825
606.10936612,0.28158552
606.33940934,0.28684848
606.56946483,0.29739511
606.79953259,0.29507444
607.02961261,0.30075180
607.25970490,0.31150564
607.48980946,0.31100835
607.71992627,0.31185789
607.95005534,0.31660284
608.18019667,0.32205228
608.41035024,0.32252884
608.64051607,0.32383422
608.87069414,0.34314555
609.10088445,0.33949878
609.33108700,0.34561127
609.56130179,0.35512189
609.79152882,0.36523340
610.02176808,0.36212535
610.25201956,0.37246478
610.48228328,0.37534491
610.71255921,0.37366656
610.94284737,0.36854865
611.17314775,0.37631876
611.40346034,0.36993691
611.63378514,0.34148793
611.86412215,0.32820621
612.09447137,0.32053969
612.32483280,0.30997234
612.55520642,0.29294025
612.78559225,0.27027223
613.01599027,0.25891750
613.24640048,0.25228700
613.47682288,0.23807287
613.70725747,0.23092437
613.93770425,0.21509405
614.16816321,0.21760121
614.39863434,0.21412020
614.62911766,0.21832642
614.85961314,0.22197319
615.09012080,0.22522628
615.32064063,0.22033629
615.55117262,0.22493620
615.78171677,0.22470828
616.01227308,0.23057212
616.24284156,0.22876946
616.47342218,0.22934962
616.70401496,0.22539205
616.93461988,0.21677240
617.16523695,0.21633727
617.39586617,0.20224746
617.62650752,0.20579064
617.85716101,0.19449807
618.08782664,0.19246748
618.31850440,0.18399287
618.54919429,0.18134067
618.77989630,0.17864703
619.01061044,0.17226518
619.24133670,0.16580044
619.47207508,0.16254735
619.70282557,0.16263024
619.93358818,0.16211223
620.16436289,0.15365834
620.39514972,0.15753304
620.62594864,0.14810530
620.85675967,0.14820890
621.08758280,0.14346395
621.31841802,0.13851180
621.54926534,0.13273083
621.78012475,0.13016151
622.01099624,0.12568593
622.24187982,0.12305445
622.47277549,0.12591385
622.70368323,0.12195627
622.93460305,0.11638251
623.16553494,0.11636179
623.39647890,0.11219701
623.62743493,0.10751422
623.85840303,0.10413681
624.08938319,0.09781712
624.32037541,0.09879097
624.55137968,0.10009635
624.78239602,0.09603517
625.01342440,0.09792072
625.24446483,0.09823152
625.47551731,0.09748559
625.70658183,0.09932970
625.93765839,0.10430257
626.16874699,0.10811511
626.39984763,0.09734055
626.63096029,0.10312151
626.86208499,0.10237558
627.09322171,0.10264495
627.32437046,0.11072587
627.55553123,0.11540866
627.78670401,0.11971848
628.01788882,0.11988424
628.24908563,0.12338597
628.48029446,0.12087882
628.71151529,0.12520936
628.94274813,0.12798588
629.17399296,0.13567312
629.40524980,0.13308308
629.63651863,0.13662625
629.86779946,0.13409837
630.09909228,0.14149552
630.33039709,0.15055030
630.56171388,0.16855624
630.79304265,0.17400568
631.02438340,0.18018034
631.25573613,0.18591986
631.48710084,0.19217739
631.71847751,0.19735747
631.94986615,0.20632936
632.18126676,0.21358147
632.41267933,0.21441028
632.64410387,0.22205608
632.87554035,0.22937034
633.10698880,0.23834224
633.33844919,0.24764566
633.56992154,0.26243995
633.80140583,0.26393182
634.03290207,0.26072017
634.26441024,0.25406895
634.49593035,0.25572657
634.72746240,0.25189332
634.95900638,0.25440048
635.19056229,0.26034720
635.42213013,0.26494711
635.65370989,0.25373743
635.88530158,0.25446264
636.11690518,0.25765356
636.34852069,0.26933982
636.58014812,0.28705568
636.81178746,0.29714647
637.04343871,0.30531027
637.27510187,0.29932210
637.50677692,0.31376415
637.73846387,0.31133988
637.97016272,0.31606411
638.20187347,0.32741884
638.43359610,0.32859989
638.66533062,0.33272324
638.89707703,0.33044400
639.12883532,0.31865415
639.36060549,0.31985592
639.59238754,0.31783016
639.82418146,0.32444070
640.05598725,0.31819006
640.28780491,0.31670687
640.51963444,0.31631253
640.75147583,0.31033416
640.98332908,0.30949297
641.21519419,0.31365073
641.44707115,0.31489222
641.67895997,0.30764973
641.91086063,0.29363498
642.14277314,0.28918989
642.37469750,0.29023878
642.60663369,0.28687113
642.83858172,0.29231974
643.07054159,0.29523231
643.30251329,0.28995298
643.53449683,0.30644798
643.76649218,0.29707441
643.99849937,0.28801083
644.23051837,0.29283799
644.46254919,0.28712943
644.69459183,0.28813170
644.92664628,0.27530900
645.15871254,0.27267352
645.39079061,0.25825321
645.62288049,0.26251763
645.85498217,0.24931536
646.08709564,0.23649180
646.31922091,0.23694706
646.55135798,0.23850010
646.78350684,0.24205264
647.01566748,0.23284835
647.24783991,0.23061180
647.48002413,0.23105739
647.71222012,0.23502597
647.94442789,0.23730515
648.17664744,0.23952610
648.40887875,0.23738427
648.64112184,0.23303791
648.87337669,0.23478248
649.10564331,0.22362902
649.33792168,0.23260344
649.57021181,0.22442149
649.80251370,0.23190910
650.03482734,0.23104015
650.26715273,0.23891611
650.49948987,0.23549010
650.73183875,0.23868098
650.96419937,0.23664557
651.19657173,0.24006373
651.42895582,0.24247260
651.66135165,0.25398599
651.89375921,0.24261059
652.12617849,0.24964908
652.35860950,0.24897507
652.59105224,0.24851780
652.82350669,0.24962225
653.05597285,0.25030578
653.28845073,0.24559950
653.52094032,0.24358007
653.75344162,0.25368841
653.98595462,0.25271428
654.21847933,0.25218112
654.45101573,0.24495967
654.68356383,0.25094722
654.91612363,0.25921034
655.14869511,0.25113384
655.38127829,0.26639991
655.61387315,0.25854298
655.84647969,0.26124504
656.07909792,0.26368926
656.31172782,0.26042902
656.54436939,0.25317015
656.77702264,0.24874232
657.00968756,0.25410044
657.24236414,0.26558324
657.47505238,0.27252544
657.70775229,0.27250531
657.94046385,0.27835806
658.17318707,0.28490227
658.40592195,0.28759153
658.63866847,0.30145860
658.87142663,0.29812455
659.10419645,0.30288463
659.33697790,0.29241116
659.56977099,0.30352138
659.80257572,0.29942393
660.03539208,0.29141312
660.26822007,0.29288697
660.50105969,0.28149822
660.73391093,0.29111721
660.96677380,0.28757052
661.19964828,0.29379127
661.43253438,0.29868866
661.66543209,0.29970138
661.89834142,0.30205412
662.13126235,0.29528255
662.36419489,0.29029467
662.59713903,0.30115668
662.83009477,0.28874447
663.06306210,0.27875231
663.29604103,0.28132995
663.52903155,0.28839409
663.76203367,0.27221929
663.99504736,0.27246540
664.22807264,0.27293721
664.46110950,0.26468267
664.69415794,0.26341483
664.92721795,0.25908704
665.16028953,0.25496095
665.39337269,0.25599177
665.62646740,0.24717623
665.85957369,0.24396896
666.09269153,0.23856222
666.32582093,0.25004621
666.55896189,0.24616325
666.79211440,0.24534570
667.02527846,0.25632746
667.25845406,0.24145028
667.49164121,0.24468265
667.72483991,0.24341871
667.95805014,0.24362592
668.19127190,0.24988345
668.42450520,0.24302503
668.65775003,0.24163677
668.89100639,0.23386665
669.12427427,0.23819720
669.35755368,0.23612516
669.59084460,0.23040636
669.82414704,0.23635309
670.05746099,0.23757559
670.29078646,0.24534570
670.52412343,0.23989626
670.75747191,0.25120955
670.99083189,0.25680403
671.22420337,0.24470337
671.45758635,0.24868167
671.69098082,0.25232844
671.92438678,0.24859879
672.15780424,0.25518785
672.39123317,0.25170684
672.62467360,0.26177690
672.85812550,0.26505071
673.09158888,0.27911980
673.32506373,0.28059094
673.55855006,0.29550956
673.79204785,0.29631766
674.02555712,0.31069755
674.25907784,0.31162996
674.49261003,0.33106561
674.72615367,0.32882782
674.95970878,0.33351061
675.19327533,0.34726889
675.42685333,0.36075781
675.66044278,0.37300351
675.89404368,0.39181755
676.12765601,0.37847367
676.36127979,0.39129954
676.59491500,0.38444112
676.82856165,0.37631876
677.06221972,0.36399018
677.29588922,0.34894724
677.52957015,0.34312483
677.76326250,0.32905574
677.99696627,0.31473801
678.23068146,0.30798319
678.46440806,0.29764376
678.69814607,0.28614399
678.93189549,0.27217850
679.16565631,0.27050015
679.39942854,0.26072017
679.63321217,0.26378677
679.86700720,0.25719772
680.10081361,0.24476553
680.33463143,0.24256918
680.56846063,0.24571867
680.80230121,0.23807287
681.03615318,0.24507634
681.27001653,0.24227910
681.50389126,0.24843303
681.73777736,0.24520066
681.97167484,0.24435113
682.20558368,0.24412320
682.43950390,0.24242414
682.67343547,0.24126380
682.90737841,0.24084939
683.14133270,0.23272703
683.37529836,0.22207680
683.60927536,0.21486613
683.84326371,0.21229681
684.07726341,0.20558343
684.31127446,0.20690953
684.54529685,0.20804915
684.77933057,0.20912660
685.01337564,0.21242113
685.24743203,0.21840930
685.48149976,0.23392881
685.71557881,0.24876455
685.94966919,0.26078233
686.18377090,0.26086521
686.41788392,0.26652185
686.65200826,0.27232354
686.88614391,0.27385684
687.12029088,0.28266297
687.35444915,0.27692345
687.58861873,0.27323523
687.82279961,0.27157761
688.05699179,0.26484351
688.29119527,0.25962199
688.52541004,0.26235707
688.75963611,0.25481488
688.99387346,0.26237779
689.22812210,0.26517503
689.46238203,0.27710993
689.69665323,0.27822883
689.93093571,0.29625550
690.16522947,0.31196149
690.39953450,0.31596051
690.63385080,0.32683867
690.86817837,0.33131425
691.10251720,0.33612137
691.33686730,0.34530046
691.57122865,0.34608783
691.80560125,0.34751753
692.03998511,0.34639864
692.27438023,0.35887226
692.50878658,0.35551557
692.74320419,0.36533700
692.97763303,0.36363793
693.21207312,0.38835726
693.44652444,0.37014411
693.68098699,0.37787278
693.91546077,0.37155309
694.14994579,0.38386095
694.38444203,0.36792704
694.61894949,0.38504201
694.85346817,0.39194187
695.08799806,0.38997344
695.32253918,0.38315646
695.55709150,0.39123738
695.79165503,0.40505783
696.02622977,0.40706770
696.26081571,0.41270362
696.49541285,0.40654969
696.73002119,0.41009286
696.96464072,0.41077663
697.19927145,0.40400109
697.43391336,0.40329660
697.66856647,0.40748210
697.90323075,0.42401691
698.13790622,0.41757289
698.37259286,0.44741013
698.60729068,0.44865335
698.84199967,0.46164499
699.07671984,0.47963021
699.31145117,0.48928587
699.54619366,0.51955824
699.78094731,0.51937176
700.01571213,0.55184048
700.25048810,0.55414044
700.48527522,0.58290022
700.72007349,0.57113109
700.95488292,0.58424704
701.18970348,0.59239012
701.42453519,0.60156922
701.65937804,0.60461510
701.89423202,0.60498807
702.12909714,0.60946365
702.36397339,0.59222436
702.59886077,0.59319821
702.83375927,0.56810592
703.06866889,0.55753857
703.30358964,0.53868309
703.53852150,0.54183257
703.77346448,0.54502350
704.00841857,0.55434764
704.24338376,0.56199343
704.47836007,0.55865746
704.71334748,0.56342313
704.94834598,0.55857458
705.18335559,0.55501069
705.41837629,0.54417397
705.65340808,0.54083800
705.88845096,0.54581087
706.12350493,0.54579015
706.35856998,0.54075512
706.59364612,0.54616312
706.82873333,0.55409899
707.06383161,0.57038516
707.29894097,0.57834175
707.53406141,0.59100186
707.76919290,0.60855196
708.00433546,0.62502461
708.23948909,0.63979818
708.47465377,0.65293486
708.70982951,0.64763046
708.94501630,0.64906016
709.18021414,0.64771334
709.41542303,0.65177452
709.65064297,0.61957516
709.88587395,0.60210795
710.12111597,0.59122978
710.35636902,0.56684198
710.59163311,0.56068805
710.82690823,0.54918828
711.06219437,0.52577434
711.29749155,0.51489617
711.53279974,0.51688532
711.76811896,0.52641666
712.00344920,0.51792134
712.23879044,0.54326227
712.47414270,0.55097023
712.70950597,0.57635260
712.94488025,0.59757020
713.18026553,0.61234378
713.41566181,0.61768962
713.65106908,0.62943803
713.88648736,0.61161857
714.12191662,0.60743306
714.35735688,0.60038816
714.59280812,0.58656772
714.82827034,0.57017795
715.06374355,0.55532149
715.29922774,0.53379309
715.53472290,0.52981479
715.77022903,0.50822424
716.00574614,0.51653308
716.24127421,0.50482610
716.47681324,0.50294056
716.71236324,0.48669584
716.94792420,0.48230313
717.18349611,0.45978016
717.41907898,0.45312894
717.65467280,0.43483291
717.89027757,0.42954923
718.12589328,0.42354034
718.36151993,0.41804946
718.59715752,0.41386396
718.83280605,0.40033360
719.06846552,0.40168042
719.30413591,0.39728771
719.53981724,0.39618954
719.77550949,0.40499567
720.01121266,0.40887036
720.24692676,0.41340811
720.48265177,0.41827738
720.71838769,0.42132327
720.95413453,0.42200704
721.18989228,0.42271153
721.42566093,0.40482990
721.66144049,0.40159754
721.89723095,0.38667891
722.13303231,0.39206619
722.36884456,0.39235628
722.60466770,0.39987775
722.84050173,0.40223987
723.07634666,0.40002279
723.31220246,0.39585801
723.54806915,0.39768140
723.78394671,0.37979977
724.01983515,0.37679533
724.25573447,0.36732615
724.49164465,0.36307849
724.72756571,0.35133007
724.96349762,0.33962310
725.19944040,0.33278540
725.43539404,0.32706659
725.67135854,0.32225948
725.90733388,0.31917215
726.14332008,0.32027033
726.37931713,0.31347407
726.61532503,0.30178782
726.85134376,0.29310601
727.08737334,0.29316817
727.32341375,0.28823674
727.55946500,0.28019726
727.79552708,0.28589534
728.03159998,0.28999796
728.26768372,0.29559245
728.50377827,0.30700933
728.73988365,0.31484161
728.97599985,0.31337047
729.21212686,0.31585691
729.44826468,0.32598914
729.68441331,0.31898567
729.92057275,0.31639563
730.15674299,0.31712084
730.39292403,0.32219732
730.62911587,0.30721654
730.86531851,0.29455643
731.10153194,0.28427916
731.33775616,0.27539015
731.57399117,0.26648041
731.81023696,0.24750061
732.04649353,0.24420608
732.28276088,0.22495692
732.51903901,0.21942460
732.75532791,0.20751042
732.99162758,0.20363572
733.22793802,0.18780541
733.46425923,0.18299830
733.70059119,0.17970377
733.93693392,0.17110484
734.17328740,0.16967514
734.40965164,0.16868057
734.64602662,0.16312752
734.88241236,0.16368697
735.11880884,0.16517883
735.35521607,0.16173926
735.59163403,0.16333473
735.82806273,0.16747879
736.06450217,0.17435793
736.30095234,0.17839839
736.53741323,0.18436584
736.77388486,0.19625929
737.01036720,0.20661945
737.24686027,0.21859578
737.48336406,0.22961899
737.71987856,0.24486913
737.95640377,0.26855244
738.19293969,0.27984501
738.42948632,0.28844394
738.66604365,0.30155989
738.90261169,0.29269160
739.13919042,0.29847257
739.37577985,0.29463931
739.61237997,0.30141485
739.84899078,0.30528955
740.08561228,0.29368618
740.32224446,0.28295306
740.55888732,0.27669553
740.79554087,0.26407686
741.03220509,0.25522929
741.26887998,0.24377096
741.50556555,0.23287208
741.74226178,0.22454251
741.97896868,0.22265696
742.21568624,0.21635799
742.45241446,0.20284835
742.68915333,0.19362781
742.92590286,0.19501608
743.16266304,0.19485031
743.39943387,0.18384783
743.63621535,0.18832342
743.87300747,0.18297758
744.10981023,0.17139493
744.34662363,0.16965442
744.58344766,0.17535250
744.82028232,0.17601555
745.05712761,0.17978665
745.29398353,0.17732093
745.53085007,0.17050395
745.76772724,0.17212014
746.00461502,0.16737519
746.24151341,0.15993660
746.47842242,0.15896274
746.71534204,0.15902490
746.95227227,0.15836185
747.18921310,0.15581325
747.42616453,0.15689071
747.66312656,0.16472299
747.90009918,0.15778168
748.13708240,0.17042107
748.37407621,0.17160213
748.61108061,0.16675358
748.84809559,0.17110484
749.08512115,0.16996522
749.32215730,0.16033028
749.55920401,0.16681574
749.79626131,0.16963370
750.03332917,0.17613988
750.27040760,0.17756958
750.50749660,0.17908216
750.74459616,0.18734956
750.98170628,0.18724596
751.21882695,0.19114138
751.45595818,0.19056121
751.69309997,0.19547192
751.93025230,0.19068553
752.16741517,0.18343342
752.40458859,0.18144427
752.64177256,0.17311471
752.87896705,0.17319759
753.11617209,0.17775606
753.35338765,0.18299830
753.59061374,0.17738309
753.82785037,0.18627211
754.06509751,0.19246748
754.30235518,0.19996823
754.53962336,0.21492829
754.77690206,0.21706248
755.01419127,0.22224256
755.25149099,0.23065500
755.48880122,0.22990907
755.72612195,0.24113948
755.96345319,0.24047643
756.20079492,0.23365945
756.43814715,0.22992979
756.67550987,0.22970187
756.91288309,0.22460467
757.15026679,0.22680103
757.38766097,0.22309209
757.62506564,0.21855434
757.86248079,0.21741473
758.09990641,0.20761402
758.33734251,0.20794555
758.57478908,0.20759330
758.81224612,0.21399588
759.04971362,0.20259971
759.28719159,0.19837277
759.52468001,0.18739100
759.76217889,0.18679011
759.99968823,0.18059474
760.23720802,0.17325975
760.47473826,0.16105549
760.71227894,0.16447434
760.94983007,0.16149062
761.18739164,0.15469436
761.42496364,0.14640624
761.66254608,0.15386555
761.90013895,0.15502588
762.13774226,0.15943931
762.37535598,0.15490156
762.61298014,0.15187640
762.85061471,0.15394843
763.08825970,0.16099333
763.32591511,0.16615269
763.56358093,0.16140774
763.80125716,0.16890849
764.03894380,0.18507033
764.27664084,0.19337917
764.51434829,0.19893221
764.75206613,0.20541767
764.98979437,0.20869148
765.22753300,0.20425733
765.46528203,0.20879508
765.70304144,0.21391300
765.94081124,0.21443100
766.17859142,0.21768409
766.41638197,0.22298849
766.65418291,0.21857506
766.89199422,0.22259480
767.12981590,0.20713746
767.36764795,0.20543839
767.60549036,0.20272403
767.84334314,0.20293123
768.08120628,0.19816556
768.31907977,0.19149362
768.55696362,0.18884142
768.79485782,0.18299830
769.03276238,0.17307327
769.27067727,0.17506242
769.50860251,0.16561396
769.74653809,0.17272103
769.98448401,0.17396424
770.22244027,0.17294895
770.46040685,0.18523609
770.69838377,0.18533969
770.93637101,0.18161004
771.17436858,0.18751532
771.41237647,0.19652866
771.65039468,0.20046552
771.88842320,0.19557552
772.12646204,0.20396725
772.36451118,0.20251683
772.60257064,0.19356565
772.84064039,0.18652075
773.07872045,0.18415863
773.31681081,0.18496673
773.55491147,0.17628492
773.79302242,0.18235597
774.03114366,0.17564259
774.26927519,0.17390208
774.50741700,0.16897065
774.74556910,0.16522027
774.98373147,0.16783103
775.22190413,0.16505451
775.46008705,0.17338408
775.69828025,0.16936434
775.93648372,0.17620204
776.17469745,0.17280391
776.41292145,0.17122916
776.65115570,0.16799680
776.88940022,0.17473090
777.12765499,0.16700222
777.36592001,0.17164357
777.60419528,0.16132486
777.84248079,0.16287888
778.08077655,0.15369978
778.31908256,0.15309889
778.55739879,0.14058383
778.79572527,0.14354683
779.03406198,0.13811811
779.27240891,0.13538303
779.51076608,0.12668050
779.74913346,0.12622466
779.98751107,0.12322021
780.22589890,0.14172345
780.46429695,0.12083738
780.70270520,0.12222564
780.94112367,0.11806086
781.17955235,0.12651474
781.41799123,0.12054729
781.65644031,0.12172835
781.89489959,0.12054729
782.13336907,0.12044369
782.37184874,0.11598882
782.61033861,0.11855814
782.84883866,0.12164547
783.08734890,0.11518073
783.32586931,0.11830950
783.56439991,0.11806086
783.80294069,0.11652755
784.04149164,0.12261932
784.28005276,0.12715707
784.51862406,0.14209641
784.75720551,0.13737218
784.99579713,0.14437565
785.23439891,0.15361690
785.47301085,0.15444571
785.71163295,0.15647630
785.95026519,0.16213295
786.18890759,0.15892130
786.42756013,0.15867266
786.66622282,0.15479796
786.90489564,0.15763664
787.14357861,0.14756657
787.38227171,0.14677920
787.62097494,0.13778659
787.85968831,0.14420988
788.09841180,0.13505151
788.33714541,0.13801451
788.57588915,0.12871109
788.81464301,0.12920838
789.05340698,0.12655618
789.29218106,0.12336525
789.53096526,0.12502288
789.76975956,0.12568593
790.00856397,0.12597601
790.24737848,0.12900118
790.48620309,0.12313733
790.72503780,0.13389117
790.96388260,0.13515511
791.20273749,0.13426414
791.44160247,0.13190202
791.68047754,0.12518864
791.91936269,0.12245356
792.15825792,0.12342742
792.39716323,0.12674266
792.63607861,0.11777077
792.87500406,0.11685908
793.11393958,0.12775796
793.35288517,0.11797797
793.59184082,0.11623747
793.83080653,0.11482849
794.06978230,0.11772933
794.30876813,0.12098242
794.54776401,0.11673476
794.78676993,0.11283934
795.02578591,0.12038153
795.26481193,0.11590594
795.50384798,0.11754285
795.74289408,0.11464200
795.98195022,0.11957344
796.22101638,0.11696268
796.46009258,0.11267358
796.69917880,0.12015361
796.93827505,0.11698340
797.17738132,0.11932479
797.41649761,0.12234996
797.65562392,0.13231643
797.89476024,0.13341460
798.13390657,0.13277227
798.37306290,0.13830460
798.61222925,0.13107321
798.85140559,0.13672985
799.09059194,0.13268939
799.32978828,0.14333963
799.56899462,0.13886404
799.80821094,0.14232433
800.04743726,0.14095679
800.28667356,0.14441709
800.52591985,0.14615759
800.76517611,0.14891339
801.00444236,0.15326466
801.24371857,0.16265096
801.48300476,0.16499235
801.72230092,0.16196719
801.96160705,0.15999876
802.20092314,0.16884633
802.44024919,0.16799680
802.67958519,0.17524890
802.91893116,0.18026322
803.15828707,0.18380639
803.39765294,0.18790901
803.63702875,0.19746107
803.87641450,0.18821981
804.11581020,0.19671514
804.35521584,0.19041617
804.59463141,0.18577482
804.83405692,0.18148572
805.07349235,0.18252173
805.31293772,0.17603627
805.55239300,0.17367416
805.79185821,0.17460657
806.03133334,0.17553899
806.27081839,0.17112556
806.51031335,0.16725086
806.74981822,0.16426714
806.98933300,0.16026812
807.22885768,0.15502588
807.46839227,0.14856115
807.70793675,0.14624047
807.94749114,0.14201353
808.18705542,0.13869828
808.42662959,0.13478214
808.66621364,0.12840029
808.90580759,0.12840029
809.14541141,0.12951919
809.38502512,0.12369678
809.62464871,0.12910478
809.86428217,0.12707419
810.10392550,0.11955272
810.34357870,0.11323302
810.58324177,0.11615459
810.82291470,0.10535931
811.06259749,0.09767207
811.30229015,0.10206478
811.54199265,0.09004700
811.78170501,0.08443180
812.02142722,0.07442389
812.26115928,0.07255906
812.50090118,0.06860148
812.74065292,0.06582496
812.98041450,0.05979535
813.22018592,0.06725466
813.45996717,0.05260541
813.69975825,0.05374502
813.93955916,0.05233604
814.17936989,0.04848206
814.41919045,0.04607851
814.65902083,0.05208740
814.89886102,0.04705236
815.13871102,0.04833702
815.37857084,0.04740461
815.61844047,0.04891719
815.85831990,0.04939376
816.09820913,0.04792262
816.33810817,0.04692804
816.57801700,0.04678300
816.81793562,0.04533258
817.05786404,0.04290830
817.29780225,0.03762462
817.53775024,0.03586340
817.77770801,0.03549043
818.01767557,0.03325264
818.25765290,0.03178150
818.49764001,0.02995811
818.73763689,0.02997883
818.97764354,0.02682934
819.21765996,0.02908786
819.45768614,0.02508884
819.69772209,0.02127630
819.93776779,0.02343121
820.17782324,0.02067541
820.41788845,0.02303753
820.65796341,0.01800249
820.89804812,0.01626199
821.13814257,0.01972228
821.37824677,0.01953580
821.61836070,0.01966012
821.85848437,0.01891419
822.09861777,0.02687078
822.33876090,0.03178150
822.57891376,0.03499315
822.81907635,0.03816335
823.05924866,0.04479385
823.29943069,0.05507112
823.53962243,0.06895373
823.77982389,0.08627590
824.02003506,0.09653246
824.26025594,0.11627891
824.50048652,0.13355965
824.74072681,0.14188921
824.98097680,0.15734656
825.22123648,0.16577972
825.46150586,0.19068553
825.70178493,0.18971168
825.94207369,0.19433231
826.18237214,0.19897365
826.42268027,0.21447244
826.66299808,0.21455532
826.90332557,0.22961899
827.14366273,0.22512268
827.38400957,0.23075860
827.62436608,0.23251983
827.86473225,0.22961899
828.10510809,0.22837577
828.34549359,0.23140093
828.58588874,0.23581436
828.82629356,0.24004130
829.06670802,0.23728550
829.30713214,0.24207189
829.54756590,0.22949467
829.78800931,0.22746408
830.02846236,0.22901810
830.26892505,0.22879018
830.50939738,0.23109013
830.74987934,0.22172455
830.99037093,0.22340290
831.23087215,0.22659382
831.47138299,0.22222184
831.71190346,0.21824354
831.95243355,0.21254546
832.19297325,0.20976893
832.43352257,0.20514831
832.67408150,0.20011327
832.91465003,0.19889077
833.15522818,0.18909007
833.39581592,0.19039545
833.63641327,0.18757749
833.87702022,0.17910288
834.11763676,0.16965442
834.35826289,0.16677430
834.59889861,0.15952219
834.83954392,0.14860259
835.08019881,0.14404412
835.32086328,0.13538303
835.56153733,0.13749650
835.80222095,0.12636970
836.04291415,0.11683836
836.28361692,0.11149252
836.52432926,0.10544219
836.76505116,0.10055220
837.00578262,0.10053148
837.24652364,0.09199471
837.48727421,0.08857586
837.72803434,0.08090935
837.96880402,0.07999765
838.20958325,0.07662024
838.45037202,0.07651664
838.69117033,0.07473469
838.93197819,0.07676528
839.17279558,0.07500406
839.41362250,0.08372731
839.65445896,0.07950036
839.89530494,0.08494981
840.13616045,0.08476332
840.37702548,0.08994340
840.61790003,0.09228479
840.85878410,0.09980627
841.09967768,0.09203615
841.34058078,0.09481267
841.58149338,0.09572436
841.82241549,0.09696758
842.06334710,0.09750631
842.30428821,0.09673966
842.54523883,0.09665678
842.78619893,0.09804504
843.02716853,0.09064789
843.26814762,0.09087581
843.50913619,0.08526061
843.75013425,0.08870018
843.99114179,0.08451468
844.23215881,0.08720832
844.47318530,0.07848507
844.71422127,0.09369377
844.95526670,0.08434892
845.19632161,0.08186248
845.43738597,0.07732473
845.67845980,0.08184176
845.91954309,0.07709681
846.16063584,0.07657880
846.40173803,0.07218610
846.64284968,0.07392660
846.88397078,0.06762763
847.12510132,0.07369868
847.36624130,0.06576280
847.60739073,0.06914021
847.84854959,0.07222754
848.08971788,0.07417525
848.33089561,0.07034199
848.57208276,0.07286987
848.81327934,0.08287777
849.05448534,0.08333362
849.29570076,0.08312642
849.53692560,0.09566220
849.77815986,0.10003419
850.01940353,0.10774214
850.26065660,0.10852951
850.50191908,0.12150043
850.74319097,0.11770861
850.98447225,0.12311661
851.22576294,0.13256507
851.46706301,0.13312452
851.70837248,0.13654337
851.94969135,0.14887195
852.19101959,0.14611615
852.43235722,0.16350049
852.67370424,0.16664998
852.91506063,0.16737519
853.15642640,0.17549755
853.39780154,0.18028394
853.63918605,0.18784685
853.88057992,0.19375214
854.12198317,0.19027113
854.36339577,0.19828988
854.60481773,0.19696378
854.84624905,0.19913942
855.08768973,0.20052768
855.32913975,0.19242604
855.57059912,0.19294404
855.81206784,0.19816556
856.05354590,0.18917295
856.29503330,0.19014680
856.53653004,0.18053258
856.77803611,0.17541467
857.01955151,0.16932289
857.26107624,0.19789620
857.50261030,0.16546892
857.74415367,0.16337617
857.98570637,0.14595039
858.22726839,0.14988725
858.46883972,0.14963860
858.71042037,0.15042597
858.95201032,0.14249010
859.19360958,0.14325675
859.43521814,0.14232433
859.67683601,0.13911269
859.91846317,0.15166919
860.16009963,0.13391189
860.40174538,0.13316596
860.64340042,0.13121825
860.88506474,0.12715707
861.12673835,0.12618322
861.36842125,0.12052657
861.61011342,0.12245356
861.85181487,0.12152115
862.09352559,0.11998784
862.33524558,0.11891039
862.57697484,0.11472489
862.81871336,0.12110674
863.06046114,0.12145899
863.30221819,0.11327446
863.54398449,0.11795725
863.78576004,0.11029074
864.02754485,0.10622956
864.26933890,0.10107020
864.51114220,0.10355664
864.75295474,0.10631244
864.99477653,0.11516001
865.23660755,0.10550435
865.47844780,0.10167109
865.72029728,0.10073868
865.96215600,0.10011707
866.20402394,0.09742343
866.44590110,0.09920538
866.68778748,0.09044069
866.92968308,0.09642886
867.17158790,0.09414962
867.41350193,0.09116590
867.65542516,0.09247128
867.89735761,0.09719551
868.13929926,0.09779640
868.38125011,0.09696758
868.62321015,0.10022067
868.86517940,0.10610524
869.10715783,0.10239630
869.34914546,0.10569083
869.59114227,0.11140964
869.83314827,0.10473770
870.07516344,0.10738990
870.31718780,0.10330800
870.55922133,0.10921328
870.80126404,0.10869528
871.04331592,0.10430257
871.28537696,0.10223054
871.52744717,0.09676038
871.76952655,0.09580725
872.01161508,0.10160893
872.25371277,0.09541356
872.49581961,0.08588222
872.73793560,0.09224335
872.98006075,0.08654527
873.22219503,0.08675247
873.46433846,0.08325074
873.70649103,0.08097151
873.94865274,0.07353292
874.19082358,0.07904452
874.43300356,0.07769770
874.67519266,0.07630944
874.91739089,0.06737898
875.15959824,0.06588712
875.40181471,0.06060344
875.64404031,0.06246827
875.88627501,0.05664587
876.12851883,0.05743324
876.37077176,0.05306125
876.61303379,0.04906223
876.85530493,0.05024329
877.09758517,0.04541546
877.33987451,0.04578842
877.58217294,0.04821270
877.82448047,0.04746677
878.06679709,0.05579633
878.30912279,0.05405583
878.55145758,0.05921518
878.79380145,0.05797197
879.03615440,0.05799269
879.27851643,0.06447814
879.52088753,0.06688170
879.76326770,0.06371149
880.00565694,0.07243474
880.24805524,0.07079784
880.49046260,0.07349148
880.73287903,0.06990686
880.97530451,0.07581215
881.21773905,0.07237258
881.46018264,0.06996902
881.70263527,0.07662024
881.94509695,0.07506622
882.18756768,0.07320139
882.43004744,0.07388516
882.67253625,0.07722113
882.91503409,0.07674456
883.15754095,0.07284915
883.40005685,0.07295275
883.64258178,0.07612295
883.88511573,0.07156449
884.12765869,0.07355364
884.37021068,0.07247618
884.61277168,0.07415453
884.85534170,0.06613577
885.09792072,0.06333852
885.34050876,0.06095569
885.58310579,0.06694386
885.82571183,0.06273764
886.06832686,0.05973319
886.31095090,0.06253043
886.55358392,0.05828277
886.79622594,0.05525761
887.03887694,0.05465672
887.28153693,0.05739180
887.52420589,0.05735036
887.76688384,0.05364142
888.00957077,0.05001537
888.25226667,0.04607851
888.49497154,0.04558122
888.73768537,0.04806766
888.98040818,0.04100203
889.22313994,0.04118852
889.46588067,0.04315695
889.70863035,0.03675437
889.95138899,0.03814263
890.19415657,0.03849488
890.43693311,0.03509675
890.67971859,0.03161574
890.92251302,0.02687078
891.16531639,0.02647710
891.40812869,0.02494380
891.65094993,0.02380418
891.89378010,0.02283032
892.13661920,0.02291321
892.37946723,0.02765816
892.62232418,0.02324473
892.86519005,0.02664286
893.10806484,0.02664286
893.35094854,0.03356344
893.59384116,0.02699511
893.83674269,0.03364633
894.07965312,0.03107701
894.32257246,0.03397785
894.56550070,0.03350128
894.80843784,0.04442088
895.05138388,0.04056691
895.29433881,0.04730101
895.53730263,0.04268038
895.78027533,0.05105138
896.02325692,0.04605779
896.26624740,0.04933160
896.50924675,0.05169371
896.75225498,0.05652154
896.99527208,0.05465672
897.23829806,0.05519544
897.48133290,0.05871790
897.72437661,0.05509184
897.96742918,0.05447023
898.21049061,0.05567201
898.45356090,0.05281261
898.69664005,0.05565129
898.93972804,0.05011897
899.18282488,0.05720531
899.42593057,0.05467744
899.66904511,0.05596210
899.91216848,0.05851069
900.15530069,0.05556841
900.39844174,0.05969175
900.64159162,0.05803413
900.88475033,0.06114217
901.12791786,0.06632225
901.37109422,0.06847716
901.61427940,0.06284124
901.85747340,0.07187529
902.10067621,0.07193745
902.34388784,0.07910668
902.58710827,0.07863011
902.83033752,0.07502478
903.07357557,0.08101295
903.31682242,0.08012197
903.56007807,0.07863011
903.80334251,0.07863011
904.04661575,0.08358226
904.28989778,0.08534349
904.53318860,0.08824433
904.77648820,0.08426603
905.01979659,0.09068933
905.26311375,0.08596510
905.50643969,0.09213975
905.74977441,0.09327937
905.99311789,0.09211903
906.23647015,0.09526852
906.47983117,0.09334153
906.72320095,0.08830649
906.96657950,0.09068933
907.20996680,0.08439036
907.45336285,0.08739480
907.69676766,0.08646239
907.94018122,0.09062717
908.18360352,0.09008844
908.42703457,0.09155958
908.67047435,0.08430748
908.91392288,0.08517773
909.15738014,0.08366515
909.40084613,0.08001837
909.64432085,0.08014269
909.88780430,0.08416243
910.13129648,0.08165528
910.37479737,0.07877515
910.61830699,0.07695177
910.86182531,0.07662024
911.10535236,0.06735826
911.34888811,0.07444461
911.59243257,0.06899517
911.83598573,0.06951318
912.07954760,0.06638441
912.32311816,0.06914021
912.56669743,0.07307707
912.81028538,0.06659161
913.05388203,0.06990686
913.29748736,0.06940957
913.54110138,0.06806275
913.78472408,0.06963750
914.02835547,0.06739971
914.27199552,0.07075639
914.51564426,0.06690242
914.75930166,0.06746187
915.00296774,0.07162665
915.24664247,0.07664096
915.49032588,0.07407164
915.73401794,0.07560495
915.97771866,0.07442389
916.22142803,0.08532277
916.46514606,0.08809929
916.70887274,0.08573718
916.95260806,0.08331290
917.19635202,0.09309289
917.44010463,0.09404602
917.68386588,0.10030355
917.92763576,0.09814864
918.17141427,0.11064299
918.41520141,0.11528433
918.65899718,0.11513929
918.90280158,0.12338597
919.14661459,0.12987143
919.39043623,0.13486502
919.63426648,0.14242794
919.87810534,0.14897555
920.12195281,0.15299529
920.36580890,0.14897555
920.60967358,0.15214576
920.85354687,0.15552317
921.09742876,0.15357546
921.34131924,0.15361690
921.58521832,0.15440427
921.82912599,0.15096470
922.07304225,0.15139983
922.31696709,0.13869828
922.56090052,0.13704066
922.80484252,0.13465782
923.04879310,0.12875253
923.29275226,0.11855814
923.53671999,0.11534650
923.78069629,0.10028283
924.02468115,0.10028283
924.26867458,0.08573718
924.51267656,0.08078502
924.75668711,0.07465181
925.00070621,0.07479685
925.24473386,0.06733754
925.48877006,0.06775195
925.73281481,0.06290340
925.97686810,0.05753684
926.22092994,0.05517472
926.46500031,0.05188020
926.70907921,0.04663796
926.95316665,0.04570554
927.19726262,0.04297046
927.44136712,0.04120924
927.68548014,0.03814263
927.92960168,0.03977954
928.17373175,0.03339768
928.41787032,0.03404001
928.66201741,0.03198870
928.90617302,0.03006171
929.15033713,0.03086980
929.39450974,0.02875633
929.63869086,0.02790680
929.88288047,0.02871489
930.12707859,0.02817616
930.37128520,0.03287967
930.61550029,0.02989595
930.85972388,0.03321120
931.10395595,0.03136709
931.34819651,0.03080764
931.59244554,0.03099413
931.83670306,0.03234095
932.08096904,0.03462018
932.32524350,0.04004890
932.56952643,0.04236957
932.81381782,0.04440016
933.05811768,0.03930297
933.30242600,0.04790190
933.54674278,0.04516682
933.79106801,0.05181803
934.03540169,0.05028473
934.27974382,0.05275045
934.52409440,0.05954671
934.76845343,0.06253043
935.01282089,0.05486392
935.25719680,0.05766116
935.50158114,0.05929807
935.74597391,0.05540265
935.99037511,0.05326846
936.23478474,0.05573417
936.47920279,0.05602426
936.72362927,0.06719250
936.96806417,0.06039624
937.21250748,0.06435382
937.45695920,0.06824924
937.70141934,0.06039624
937.94588788,0.06271692
938.19036483,0.06203315
938.43485019,0.06526551
938.67934394,0.06153586
938.92384608,0.06012688
939.16835663,0.05896654
939.41287556,0.06290340
939.65740288,0.06605289
939.90193859,0.05952599
940.14648268,0.05853141
940.39103515,0.05724675
940.63559600,0.05730892
940.88016523,0.05289549
941.12474282,0.05436663
941.36932879,0.05275045
941.61392312,0.05629362
941.85852581,0.05486392
942.10313687,0.05065770
942.34775628,0.05190092
942.59238405,0.04844062
942.83702017,0.04908295
943.08166464,0.05148651
943.32631746,0.05266757
943.57097862,0.04900007
943.81564813,0.04703164
944.06032597,0.05092706
944.30501215,0.04514610
944.54970666,0.05173515
944.79440950,0.04765325
945.03912067,0.04761181
945.28384016,0.05076130
945.52856798,0.04591275
945.77330412,0.04661724
946.01804857,0.03756246
946.26280133,0.03750030
946.50756241,0.04122996
946.75233179,0.04270110
946.99710948,0.04087771
947.24189548,0.04178941
947.48668977,0.03934441
947.73149236,0.04278398
947.97630324,0.03658861
948.22112242,0.03905433
948.46594988,0.04319839
948.71078563,0.03669221
948.95562966,0.04568482
949.20048198,0.03685797
949.44534257,0.03791471
949.69021144,0.03756246
949.93508857,0.03982098
950.17997398,0.03948945
950.42486766,0.04023538
950.66976959,0.04692804
950.91467979,0.04201733
951.15959825,0.04249390
951.40452496,0.03816335
951.64945993,0.03919937
951.89440314,0.03980026
952.13935461,0.03534539
952.38431431,0.03372921
952.62928226,0.03182294
952.87425845,0.03144997
953.11924287,0.03267247
953.36423553,0.02991667
953.60923642,0.02925362
953.85424553,0.03269319
954.09926287,0.02811400
954.34428843,0.02591765
954.58932222,0.02500596
954.83436421,0.02701583
955.07941443,0.02515100
955.32447285,0.02137990
955.56953948,0.02498524
955.81461432,0.02564829
956.05969736,0.02189791
956.30478860,0.01769169
956.54988803,0.01661423
956.79499567,0.01854122
957.04011149,0.01947364
957.28523550,0.01385843
957.53036770,0.01549534
957.77550808,0.01437644
958.02065664,0.01524669
958.26581338,0.01282242
958.51097830,0.01456292
958.75615139,0.01433500
959.00133264,0.01551606
959.24652207,0.01247017
959.49171965,0.01673855
959.73692540,0.01435572
959.98213931,0.01377555
960.22736137,0.01477013
960.47259159,0.01930787
960.71782995,0.04949736
960.96307647,0.02142134
961.20833112,0.02494380
961.45359392,0.03041396
961.69886486,0.02568973
961.94414394,0.02788608
962.18943115,0.02867345
962.43472648,0.02819688
962.68002995,0.03321120
962.92534154,0.03051756
963.17066126,0.02811400
963.41598909,0.03089052
963.66132504,0.03200942
963.90666911,0.03306616
964.15202128,0.03198870
964.39738157,0.03768678
964.64274996,0.03725166
964.88812645,0.04139572
965.13351104,0.03640213
965.37890374,0.03872280
965.62430452,0.03917865
965.86971340,0.03886784
966.11513036,0.04110564
966.36055542,0.04075339
966.60598855,0.04257678
966.85142977,0.04189301
967.09687907,0.04139572
967.34233644,0.04164436
967.58780188,0.04359207
967.83327539,0.04284614
968.07875697,0.05034689
968.32424661,0.05631434
968.56974432,0.04815054
968.81525008,0.04978744
969.06076390,0.05001537
969.30628577,0.04684516
969.55181570,0.05250180
969.79735367,0.05436663
970.04289968,0.04684516
970.28845374,0.05117570
970.53401583,0.05067842
970.77958597,0.05726747
971.02516413,0.04804694
971.27075033,0.05059554
971.51634455,0.05071986
971.76194680,0.05674947
972.00755708,0.05366214
972.25317537,0.05465672
972.49880168,0.05550625
972.74443600,0.05507112
972.99007834,0.05297837
973.23572868,0.05838637
973.48138703,0.06089353
973.72705338,0.05712243
973.97272774,0.06466462
974.21841009,0.06708890
974.46410043,0.07396804
974.70979877,0.06771051
974.95550510,0.06468534
975.20121941,0.06468534
975.44694171,0.06545200
975.69267199,0.06545200
975.93841024,0.06574208
976.18415647,0.07187529
976.42991068,0.06742043
976.67567285,0.06528623
976.92144299,0.06064489
977.16722110,0.05894582
977.41300717,0.06273764
977.65880119,0.05900798
977.90460317,0.05337206
978.15041311,0.06195026
978.39623099,0.05403511
978.64205683,0.05670803
978.88789061,0.05523688
979.13373233,0.05376574
979.37958199,0.04686588
979.62543958,0.04603707
979.87130511,0.04987033
980.11717857,0.04769469
980.36305996,0.04659652
980.60894928,0.04473169
980.85484651,0.04288758
981.10075167,0.04357135
981.34666475,0.04239029
981.59258573,0.04220381
981.83851463,0.03725166
982.08445144,0.04131284
982.33039616,0.03509675
982.57634878,0.03319048
982.82230930,0.03256887
983.06827771,0.03561475
983.31425403,0.03379137
983.56023823,0.03163646
983.80623032,0.03265175
984.05223031,0.02651854
984.29823817,0.03051756
984.54425391,0.02759600
984.79027754,0.02370058
985.03630904,0.02714015
985.28234841,0.02548252
985.52839565,0.03128421
985.77445076,0.02794824
986.02051374,0.03091124
986.26658457,0.02805184
986.51266327,0.03528323
986.75874982,0.03350128
987.00484422,0.03337696
987.25094647,0.03998674
987.49705658,0.03737598
987.74317452,0.03729310
987.98930031,0.03737598
988.23543394,0.03826695
988.48157541,0.03984170
988.72772471,0.04222453
988.97388184,0.04684516
989.22004680,0.03739670
989.46621959,0.04483529
989.71240020,0.04168580
989.95858862,0.04750821
990.20478487,0.04423440
990.45098893,0.05051265
990.69720080,0.04705236
990.94342048,0.04392360
991.18964797,0.04232813
991.43588326,0.04377856
991.68212635,0.04268038
991.92837724,0.04270110
992.17463593,0.04110564
992.42090240,0.03948945
992.66717667,0.03758318
992.91345872,0.03302472
993.15974856,0.03300400
993.40604618,0.03372921
993.65235158,0.03283823
993.89866475,0.03144997
994.14498570,0.03016531
994.39131441,0.02910858
994.63765090,0.02898426
994.88399515,0.02987523
995.13034716,0.03045540
995.37670693,0.03105629
995.62307445,0.02759600
995.86944973,0.02301681
996.11583276,0.02357626
996.36222354,0.02444651
996.60862206,0.02378346
996.85502833,0.02560685
997.10144233,0.02204295
997.34786408,0.02065469
997.59429355,0.01976372
997.84073076,0.01957724
998.08717570,0.01302962
998.33362836,0.01816826
998.58008875,0.01228369
998.82655685,0.01503949
999.07303267,0.02260240
999.31951621,0.01787817
999.56600746,0.01392059
999.81250642,0.01414852
1000.05901309,0.01412780
1000.30552746,0.01472868
1000.55204953,0.01137200
1000.79857929,0.01549534
1001.04511676,0.01611695
1001.29166191,0.01798177
1001.53821476,0.00940357
1001.78477529,0.01557822
1002.03134351,0.01220081
1002.27791941,0.01431428
1002.52450299,0.01663495
1002.77109424,0.01510165
1003.01769317,0.01387915
1003.26429976,0.01690432
1003.51091403,0.01425212
1003.75753596,0.01586830
1004.00416555,0.01381699
1004.25080280,0.01943219
1004.49744771,0.01634487
1004.74410027,0.01481157
1004.99076048,0.01452148
1005.23742834,0.01493589
1005.48410384,0.02017813
1005.73078699,0.01392059
1005.97747778,0.01729800
1006.22417620,0.01532957
1006.47088226,0.01491517
1006.71759595,0.01769169
1006.96431727,0.01800249
1007.21104622,0.01765025
1007.45778279,0.01941147
1007.70452698,0.01477013
1007.95127879,0.01464580
1008.19803821,0.01845834
1008.44480524,0.02102766
1008.69157988,0.02123486
1008.93836213,0.02090334
1009.18515199,0.01642775
1009.43194944,0.01820970
1009.67875450,0.01711152
1009.92556715,0.01520525
1010.17238739,0.01765025
1010.41921522,0.01841690
1010.66605064,0.01568182
1010.91289364,0.01584758
1011.15974422,0.01392059
1011.40660239,0.01489445
1011.65346813,0.01265665
1011.90034144,0.02108982
1012.14722232,0.01767097
1012.39411078,0.01427284
1012.64100679,0.01733944
1012.88791037,0.01910067
1013.13482151,0.01731872
1013.38174020,0.01885203
1013.62866645,0.02106910
1013.87560025,0.02463299
1014.12254160,0.01982588
1014.36949049,0.02370058
1014.61644693,0.02647710
1014.86341091,0.02370058
1015.11038242,0.02270600
1015.35736147,0.02430147
1015.60434805,0.02256096
1015.85134216,0.02092406
1016.09834379,0.02121414
1016.34535295,0.02055109
1016.59236963,0.01997092
1016.83939383,0.01893491
1017.08642554,0.01802321
1017.33346476,0.01905923
1017.58051150,0.01709080
1017.82756574,0.01510165
1018.07462748,0.01271882
1018.32169673,0.01777457
1018.56877347,0.01157920
1018.81585771,0.01738088
1019.06294945,0.01394131
1019.31004867,0.01079183
1019.55715538,0.00838827
1019.80426957,0.01564038
1020.05139125,0.01452148
1020.29852041,0.01593046
1020.54565704,0.01110263
1020.79280114,0.01046030
1021.03995272,0.00693785
1021.28711177,0.01404491
1021.53427828,0.00973509
1021.78145225,0.01325754
1022.02863368,0.00811891
1022.27582257,0.00685497
1022.52301891,0.01477013
1022.77022270,0.01056390
1023.01743395,0.01025310
1023.26465263,0.01017022
1023.51187876,0.00314603
1023.75911234,0.00675137
1024.00635335,0.00673065
1024.25360179,0.00612976
1024.50085766,0.00519734
1024.74812097,0.00811891
1024.99539170,0.00563247
1025.24266985,0.00845043
1025.48995543,0.00660632
1025.73724842,0.00488654
1025.98454883,0.00840899
1026.23185665,0.00227578
1026.47917188,0.00244154
1026.72649452,0.00743514
1026.97382456,0.00747658
1027.22116200,0.00165417
1027.46850685,0.00416133
1027.71585908,0.00372620
1027.96321872,0.00530095
1028.21058574,0.00169561
1028.45796014,-0.01260140
1028.70534194,-0.01096450
1028.95273111,-0.01318157
1029.20012767,-0.01142034
1029.44753160,-0.01098522
1029.69494290,-0.01268428
