199.82001468,0.00221920
200.02220309,0.00431233
200.22440896,-0.00014334
200.42663230,0.00223993
200.62887310,0.00358699
200.83113136,0.00563867
201.03340708,0.00147314
201.23570025,0.00333830
201.43801087,0.00530709
201.64033894,0.00456102
201.84268445,0.00398075
202.04504741,0.00325541
202.24742780,0.00404292
202.44982564,0.00223993
202.65224090,-0.00120027
202.85467360,0.00456102
203.05712372,0.00371133
203.25959128,0.00041621
203.46207625,0.00219848
203.66457864,0.00275803
203.86709846,0.00590809
204.06963568,0.00590809
204.27219032,0.00348337
204.47476237,0.00362844
204.67735182,0.00085141
204.87995868,0.01046738
205.08258293,0.00522419
205.28522459,0.00296527
205.48788364,0.00271658
205.69056008,0.00286165
205.89325391,0.00644691
206.09596513,0.00207413
206.29869374,0.00816701
206.50143972,0.00354554
206.70420308,0.00313106
206.90698382,0.00153531
207.10978194,0.00089286
207.31259742,0.00679922
207.51543027,0.00043693
207.71828048,0.00242644
207.92114806,0.00120372
208.12403299,0.00887163
208.32693528,0.00101721
208.52985493,0.00329685
208.73279193,-0.00144896
208.93574627,0.00725515
209.13871796,0.00524492
209.34170699,0.00364916
209.54471336,-0.00008117
209.74773707,0.00379423
209.95077811,0.00039548
210.15383649,0.00269586
210.35691219,0.00331758
210.56000522,0.00501695
210.76311557,-0.00049565
210.96624324,0.00740022
211.16938823,-0.00032986
211.37255053,0.00346265
211.57573015,-0.00068217
211.77892707,0.00369061
211.98214130,0.00226065
212.18537284,0.00425016
212.38862167,0.00279948
212.59188781,0.00000173
212.79517124,0.00288237
212.99847196,0.00006390
213.20178997,0.00228137
213.40512527,0.00646764
213.60847785,0.00304816
213.81184772,0.00404292
214.01523486,-0.00115882
214.21863928,0.00472681
214.42206097,0.00688212
214.62549993,0.00572157
214.82895616,0.00097576
215.03242966,0.00194979
215.23592042,0.00027114
215.43942843,0.00389785
215.64295370,0.00439523
215.84649623,0.00462319
216.05005601,0.00541071
216.25363303,0.00271658
216.45722731,0.00174255
216.66083882,0.00010535
216.86446757,0.00238499
217.06811356,-0.00016407
217.27177679,0.00684067
217.47545724,0.00381495
217.67915493,0.00110010
217.88286984,0.00234355
218.08660198,0.00302744
218.29035133,0.00611533
218.49411790,0.00752456
218.69790169,0.00282020
218.90170269,0.00308961
219.10552090,0.00700646
219.30935632,0.00443668
219.51320894,0.00029186
219.71707876,-0.00049565
219.92096578,0.00561795
220.12486999,0.00058200
220.32879140,0.00400147
220.53272999,-0.00059927
220.73668578,0.00474754
220.94065875,0.00371133
221.14464890,-0.00047493
221.34865623,0.00255079
221.55268073,0.00045766
221.75672241,-0.00003972
221.96078126,0.00114155
222.16485728,-0.00194634
222.36895046,0.00099648
222.57306080,0.00292382
222.77718831,0.00311034
222.98133297,-0.00182199
223.18549478,0.00296527
223.38967375,-0.00001900
223.59386986,-0.00032986
223.79808312,-0.00024696
224.00231352,0.00263368
224.20656106,0.00613605
224.41082574,0.00449885
224.61510756,0.00827063
224.81940650,-0.00188416
225.02372258,0.00029186
225.22805578,-0.00043348
225.43240610,-0.00138679
225.63677355,0.00398075
225.84115811,-0.00198778
226.04555979,0.00323468
226.24997858,0.00022969
226.45441448,0.00387713
226.65886748,0.00470609
226.86333759,0.00250934
227.06782480,0.00242644
227.27232911,0.00107938
227.47685052,0.00184617
227.68138902,0.00458175
227.88594461,0.00068562
228.09051728,0.00375278
228.29510704,0.00439523
228.49971389,0.00831208
228.70433781,0.00404292
228.90897881,0.00325541
229.11363688,0.00118300
229.31831202,0.00555578
229.52300423,0.00132807
229.72771350,0.00240572
229.93243984,-0.00018479
230.13718324,0.00223993
230.34194369,0.00176327
230.54672120,0.00800122
230.75151576,0.00010535
230.95632737,0.00524492
231.16115602,0.00201196
231.36600172,0.00047838
231.57086446,0.00250934
231.77574423,0.00188762
231.98064104,-0.00254733
232.18555488,0.00155603
232.39048575,0.00375278
232.59543365,0.00000173
232.80039857,-0.00003972
233.00538051,0.00472681
233.21037947,0.00373206
233.41539544,0.01799021
233.62042843,0.00223993
233.82547842,0.00292382
234.03054543,0.00816701
234.23562943,0.00188762
234.44073044,0.00058200
234.64584845,0.00385640
234.85098345,0.00163893
235.05613545,0.00559722
235.26130444,0.00371133
235.46649041,0.00255079
235.67169337,0.00559722
235.87691331,0.00742094
236.08215023,0.00161820
236.28740413,0.00364916
236.49267500,0.00321396
236.69796284,0.00000173
236.90326765,0.00335903
237.10858942,0.00170110
237.31392816,0.00449885
237.51928386,0.00636401
237.72465651,0.00292382
237.93004612,0.00022969
238.13545268,0.00022969
238.34087619,0.00445740
238.54631664,0.00259224
238.75177404,0.00340047
238.95724838,-0.00059927
239.16273965,0.00354554
239.36824786,0.00586664
239.57377300,0.00016752
239.77931508,0.00665415
239.98487407,0.00298599
240.19045000,0.00472681
240.39604284,0.00259224
240.60165260,0.00000173
240.80727928,0.00337975
241.01292287,0.00226065
241.21858337,0.00543143
241.42426077,0.00159748
241.62995508,0.00584591
241.83566630,-0.00041275
242.04139441,0.00261296
242.24713941,0.00161820
242.45290131,0.00253006
242.65868010,0.00369061
242.86447578,0.00078924
243.07028835,0.00460247
243.27611779,0.00634329
243.48196412,0.00451957
243.68782732,0.00064417
243.89370739,0.00182544
244.09960434,-0.00039203
244.30551816,0.00512057
244.51144884,0.00431233
244.71739638,0.00159748
244.92336078,0.00099648
245.12934204,0.00302744
245.33534016,0.00286165
245.54135512,0.00002245
245.74738694,0.00143169
245.95343560,0.00070635
246.15950110,0.00462319
246.36558345,0.00130734
246.57168263,0.00433306
246.77779865,0.00362844
246.98393150,0.00592881
247.19008118,0.00132807
247.39624769,0.00454030
247.60243102,0.00269586
247.80863117,0.00706863
248.01484814,0.00259224
248.22108192,0.00389785
248.42733252,-0.00182199
248.63359993,0.00080997
248.83988415,-0.00099303
249.04618517,0.00445740
249.25250299,0.00091359
249.45883761,0.00043693
249.66518903,0.00292382
249.87155724,0.00302744
250.07794224,0.00650908
250.28434403,0.00335903
250.49076260,0.00754529
250.69719796,-0.00312761
250.90365009,-0.00016407
251.11011901,-0.00006045
251.31660469,0.00282020
251.52310715,0.00255079
251.72962638,0.00412582
251.93616237,0.00174255
252.14271513,0.00306889
252.34928464,0.00118300
252.55587091,0.00151458
252.76247394,0.00141096
252.96909372,0.00139024
253.17573025,0.00143169
253.38238352,0.00147314
253.58905354,0.00259224
253.79574030,0.00000173
254.00244380,0.00240572
254.20916403,0.00648836
254.41590099,0.00516202
254.62265469,0.00060272
254.82942511,0.00124517
255.03621225,-0.00003972
255.24301612,0.00143169
255.44983670,0.00089286
255.65667400,0.00221920
255.86352802,0.00190834
256.07039874,0.00062345
256.27728617,0.00025042
256.48419031,0.00445740
256.69111115,0.00389785
256.89804868,0.00240572
257.10500292,0.00062345
257.31197384,0.00325541
257.51896146,0.00779398
257.72596577,-0.00097230
257.93298676,0.00091359
258.14002443,0.00356627
258.34707878,0.00253006
258.55414981,0.00221920
258.76123752,0.00014680
258.96834190,0.00574229
259.17546294,-0.00186344
259.38260065,0.00012607
259.58975502,0.00076852
259.79692606,0.00375278
260.00411375,0.00373206
260.21131810,-0.00333485
260.41853909,0.00503767
260.62577674,0.00110010
260.83303103,0.00085141
261.04030197,-0.00281675
261.24758955,0.00132807
261.45489377,0.00091359
261.66221462,0.00290310
261.86955210,0.00416726
262.07690622,0.00325541
262.28427696,-0.00120027
262.49166433,-0.00072362
262.69906831,0.00485116
262.90648892,-0.00229864
263.11392614,0.00016752
263.32137998,0.00607388
263.52885042,0.00306889
263.73633747,0.00592881
263.94384113,-0.00070289
264.15136139,0.00431233
264.35889825,0.00771108
264.56645171,0.00389785
264.77402176,0.00466464
264.98160840,0.00337975
265.18921163,0.00130734
265.39683144,0.00041621
265.60446784,0.00837425
265.81212081,0.00054055
266.01979037,0.00335903
266.22747650,0.00151458
266.43517920,0.00315178
266.64289847,-0.00076506
266.85063430,0.00062345
267.05838670,-0.00032986
267.26615566,0.00371133
267.47394117,-0.00256806
267.68174324,0.00054055
267.88956187,0.00605315
268.09739704,0.00348337
268.30524876,0.00308961
268.51311702,0.00657126
268.72100183,-0.00343847
268.92890317,0.00025042
269.13682105,-0.00053710
269.34475546,-0.00173909
269.55270640,0.00078924
269.76067387,0.00095503
269.96865786,-0.00101375
270.17665838,0.00070635
270.38467541,-0.00030913
270.59270896,0.00317251
270.80075902,-0.00095158
271.00882560,0.00244717
271.21690868,0.00157676
271.42500826,0.00302744
271.63312435,0.00180472
271.84125694,0.00031259
272.04940602,0.00810484
272.25757160,0.00265441
272.46575367,0.00422944
272.67395223,0.00143169
272.88216727,-0.00086868
273.09039880,0.00785615
273.29864681,0.00047838
273.50691129,0.00286165
273.71519225,0.00223993
273.92348968,0.00099648
274.13180358,-0.00003972
274.34013395,-0.00032986
274.54848077,0.00358699
274.75684406,0.00275803
274.96522381,0.00246789
275.17362001,-0.00337630
275.38203267,0.00464392
275.59046177,0.00159748
275.79890732,0.00107938
276.00736932,0.00141096
276.21584776,-0.00014334
276.42434263,0.00188762
276.63285394,-0.00223647
276.84138169,-0.00008117
277.04992586,0.00236427
277.25848646,0.00070635
277.46706349,0.00051983
277.67565694,-0.00229864
277.88426680,-0.00039203
278.09289309,-0.00227792
278.30153578,-0.00136606
278.51019489,0.00431233
278.71887041,0.00097576
278.92756233,0.00257151
279.13627065,0.00437450
279.34499537,0.00315178
279.55373649,0.00431233
279.76249401,0.00943118
279.97126791,0.00325541
280.18005820,0.00130734
280.38886488,0.00253006
280.59768795,-0.00041275
280.80652739,0.00217775
281.01538321,0.00089286
281.22425540,0.00118300
281.43314397,0.00236427
281.64204891,0.00018824
281.85097021,0.00360771
282.05990788,0.00306889
282.26886190,0.00105865
282.47783229,-0.00078579
282.68681903,0.00458175
282.89582212,0.00105865
283.10484156,0.00255079
283.31387735,0.00006390
283.52292949,0.00062345
283.73199796,0.00122445
283.94108277,0.00296527
284.15018392,-0.00157330
284.35930141,0.00087214
284.56843522,0.00265441
284.77758536,0.00197051
284.98675183,0.00182544
285.19593461,0.00665415
285.40513372,0.00555578
285.61434914,0.00551433
285.82358088,-0.00408091
286.03282893,-0.00024696
286.24209328,0.00443668
286.45137395,-0.00016407
286.66067091,0.00217775
286.86998417,0.00248861
287.07931373,0.00371133
287.28865959,0.00284092
287.49802174,0.00259224
287.70740017,0.00010535
287.91679489,0.00292382
288.12620590,0.00074779
288.33563318,-0.00113810
288.54507675,0.00497550
288.75453658,0.00157676
288.96401269,-0.00126244
289.17350507,0.00039548
289.38301372,0.00410509
289.59253863,0.00159748
289.80207980,0.00599098
290.01163723,0.00041621
290.22121091,0.00248861
290.43080085,0.00460247
290.64040703,0.00217775
290.85002947,0.00369061
291.05966815,0.00360771
291.26932307,0.00462319
291.47899422,0.00240572
291.68868162,0.00458175
291.89838525,0.00054055
292.10810511,0.00561795
292.31784119,0.00242644
292.52759350,-0.00161475
292.73736204,0.00313106
292.94714679,0.00215703
293.15694776,0.00147314
293.36676494,-0.00020551
293.57659834,0.00176327
293.78644794,-0.00204996
293.99631375,-0.00030913
294.20619576,0.00215703
294.41609397,0.00806339
294.62600838,0.00124517
294.83593898,0.00406364
295.04588578,-0.00022624
295.25584876,-0.00122099
295.46582793,-0.00144896
295.67582328,0.00321396
295.88583481,-0.00167692
296.09586253,0.00014680
296.30590641,0.00213631
296.51596647,0.00201196
296.72604270,-0.00026769
296.93613509,0.00418799
297.14624365,-0.00441250
297.35636837,0.00016752
297.56650925,0.00130734
297.77666629,0.00049910
297.98683947,-0.00061999
298.19702881,0.00182544
298.40723429,0.00207413
298.61745592,0.00273730
298.82769369,0.00512057
299.03794760,0.00694429
299.24821765,0.00002245
299.45850383,0.00425016
299.66880614,0.00159748
299.87912458,-0.00082724
300.08945914,-0.00014334
300.29980983,0.00480971
300.51017663,0.00350409
300.72055955,0.00808411
300.93095859,0.00203269
301.14137374,0.00085141
301.35180499,-0.00140751
301.56225235,0.00207413
301.77271582,-0.00238154
301.98319538,0.01158648
302.19369105,-0.00279602
302.40420280,-0.00001900
302.61473065,0.00605315
302.82527459,0.00385640
303.03583461,-0.00028841
303.24641072,-0.00076506
303.45700291,0.00317251
303.66761117,0.00292382
303.87823552,0.00538998
304.08887593,0.00124517
304.29953241,-0.00003972
304.51020496,-0.00217430
304.72089358,0.00474754
304.93159825,0.00194979
305.14231899,-0.00030913
305.35305578,0.00516202
305.56380862,0.00180472
305.77457752,0.00236427
305.98536246,0.00279948
306.19616344,0.00422944
306.40698047,0.00375278
306.61781354,0.00197051
306.82866264,0.00234355
307.03952778,0.00404292
307.25040895,0.00416726
307.46130614,0.00207413
307.67221937,0.00101721
307.88314861,-0.00140751
308.09409387,0.00232282
308.30505515,0.00124517
308.51603245,0.00244717
308.72702576,0.00147314
308.93803507,-0.00078579
309.14906039,0.00219848
309.36010172,0.00161820
309.57115904,0.00454030
309.78223236,0.00161820
309.99332168,-0.00039203
310.20442699,0.00389785
310.41554829,0.00321396
310.62668557,-0.00008117
310.83783884,0.00391858
311.04900809,-0.00339702
311.26019332,0.00294454
311.47139452,0.00130734
311.68261169,0.00151458
311.89384484,0.00352482
312.10509395,0.00203269
312.31635903,0.00406364
312.52764007,0.00192906
312.73893706,-0.00074434
312.95025002,0.00151458
313.16157892,-0.00107592
313.37292378,0.00418799
313.58428458,0.00168038
313.79566133,0.00060272
314.00705402,0.00244717
314.21846266,0.00054055
314.42988722,-0.00227792
314.64132772,0.00275803
314.85278416,0.00068562
315.06425652,0.00926538
315.27574480,-0.00130389
315.48724901,0.00377351
315.69876914,-0.00124172
315.91030518,0.00157676
316.12185715,0.00045766
316.33342502,0.00215703
316.54500880,0.00234355
316.75660848,0.00451957
316.96822407,0.00178400
317.17985556,0.00124517
317.39150295,0.00002245
317.60316624,0.00379423
317.81484541,0.00134879
318.02654048,0.00223993
318.23825143,0.00551433
318.44997826,0.00080997
318.66172098,0.00275803
318.87347957,0.00379423
319.08525404,0.00151458
319.29704439,0.00340047
319.50885060,0.00012607
319.72067268,0.00304816
319.93251063,0.00286165
320.14436443,0.00159748
320.35623410,0.00748311
320.56811962,0.00306889
320.78002100,-0.00128316
320.99193822,0.00010535
321.20387130,-0.00200851
321.41582021,0.00122445
321.62778498,0.00671632
321.83976558,0.00344192
322.05176201,0.00331758
322.26377428,0.00033331
322.47580239,0.00615677
322.68784632,0.00483043
322.89990607,0.00045766
323.11198165,-0.00182199
323.32407305,0.00352482
323.53618027,0.00259224
323.74830330,0.00066490
323.96044215,0.00439523
324.17259680,0.00590809
324.38476726,0.00385640
324.59695352,0.00080997
324.80915558,0.00089286
325.02137344,0.00068562
325.23360710,0.00128662
325.44585655,0.00495478
325.65812178,0.00454030
325.87040281,-0.00097230
326.08269962,0.00354554
326.29501221,-0.00099303
326.50734058,0.00381495
326.71968472,-0.00032986
326.93204464,0.00590809
327.14442032,0.00304816
327.35681178,0.00279948
327.56921900,-0.00043348
327.78164198,0.00226065
327.99408072,-0.00035058
328.20653522,0.00300672
328.41900547,-0.00086868
328.63149147,0.00350409
328.84399322,0.00051983
329.05651071,0.00275803
329.26904395,0.00217775
329.48159293,0.00420871
329.69415764,-0.00061999
329.90673809,0.00242644
330.11933427,0.00290310
330.33194617,0.00466464
330.54457381,0.00041621
330.75721716,-0.00086868
330.96987624,-0.00024696
331.18255104,0.00445740
331.39524154,0.00609460
331.60794777,0.00130734
331.82066970,0.00085141
332.03340733,0.00149386
332.24616067,0.00505840
332.45892971,0.00315178
332.67171445,0.00319323
332.88451489,0.00060272
333.09733102,0.00155603
333.31016283,-0.00039203
333.52301034,0.00051983
333.73587352,-0.00088941
333.94875239,-0.00238154
334.16164694,0.00157676
334.37455717,-0.00238154
334.58748306,0.00373206
334.80042463,0.00439523
335.01338187,-0.00269240
335.22635477,0.00393930
335.43934333,0.00066490
335.65234755,0.00509985
335.86536743,0.00356627
336.07840296,0.00209486
336.29145415,-0.00047493
336.50452098,0.00035404
336.71760345,0.00120372
336.93070157,0.00445740
337.14381533,0.00114155
337.35694473,0.00018824
337.57008976,0.00524492
337.78325042,0.00039548
337.99642671,-0.00008117
338.20961863,0.00282020
338.42282617,0.00331758
338.63604933,-0.00186344
338.84928810,-0.00113810
339.06254250,0.00315178
339.27581250,0.00149386
339.48909812,0.00228137
339.70239934,0.00375278
339.91571616,0.00049910
340.12904859,0.00250934
340.34239661,-0.00136606
340.55576023,0.00294454
340.76913945,0.00458175
340.98253425,0.00369061
341.19594464,0.00350409
341.40937061,0.00029186
341.62281217,0.00027114
341.83626930,0.00795977
342.04974201,0.00070635
342.26323030,-0.00061999
342.47673415,0.00358699
342.69025357,0.00843642
342.90378856,-0.00140751
343.11733911,0.00447812
343.33090522,0.00333830
343.54448688,0.00159748
343.75808410,0.00134879
343.97169687,0.00022969
344.18532519,0.00116227
344.39896906,0.00184617
344.61262847,-0.00066144
344.82630341,0.00377351
345.03999390,0.00433306
345.25369992,0.00557650
345.46742147,0.00814628
345.68115855,0.00348337
345.89491115,0.00236427
346.10867928,0.00209486
346.32246293,0.00416726
346.53626210,-0.00171837
346.75007679,-0.00142823
346.96390698,0.00213631
347.17775269,0.00387713
347.39161390,-0.00082724
347.60549061,0.00246789
347.81938283,-0.00022624
348.03329055,0.00209486
348.24721376,0.00197051
348.46115246,0.00447812
348.67510665,-0.00105520
348.88907634,0.00116227
349.10306150,-0.00128316
349.31706215,0.00066490
349.53107828,0.00337975
349.74510988,0.00250934
349.95915696,0.00522419
350.17321950,0.00398075
350.38729752,0.00592881
350.60139100,0.00087214
350.81549994,0.00008462
351.02962435,-0.00263023
351.24376421,0.00201196
351.45791952,0.00035404
351.67209028,0.00246789
351.88627650,0.00136952
352.10047816,0.00308961
352.31469526,0.00201196
352.52892780,0.00474754
352.74317578,0.00352482
352.95743919,0.00265441
353.17171804,0.00362844
353.38601232,0.00514129
353.60032202,-0.00076506
353.81464714,0.00679922
354.02898769,-0.00163547
354.24334365,-0.00003972
354.45771503,-0.00308616
354.67210182,0.00240572
354.88650403,0.00354554
355.10092164,0.00352482
355.31535465,0.00087214
355.52980306,0.00963842
355.74426687,0.00296527
355.95874608,0.00308961
356.17324069,0.00333830
356.38775068,-0.00122099
356.60227606,0.00352482
356.81681682,-0.00227792
357.03137297,0.00020897
357.24594449,0.00360771
357.46053139,0.00723443
357.67513367,0.00435378
357.88975132,0.00387713
358.10438433,-0.00122099
358.31903271,0.00358699
358.53369645,0.00151458
358.74837556,-0.00207068
358.96307002,0.00302744
359.17777983,-0.00122099
359.39250499,0.00161820
359.60724551,0.00126589
359.82200137,0.00236427
360.03677257,0.00072707
360.25155911,-0.00078579
360.46636100,0.00358699
360.68117821,-0.00271313
360.89601076,-0.00047493
361.11085864,0.00410509
361.32572184,-0.00287892
361.54060037,0.00282020
361.75549422,0.00186689
361.97040338,0.00507912
362.18532786,0.00373206
362.40026766,-0.00008117
362.61522276,0.00246789
362.83019318,0.00675777
363.04517889,0.00217775
363.26017991,-0.00037131
363.47519623,-0.00072362
363.69022784,0.00273730
363.90527474,0.00172182
364.12033694,0.00648836
364.33541442,0.00062345
364.55050719,0.00006390
364.76561524,0.00018824
364.98073857,0.00215703
365.19587718,-0.00184271
365.41103106,0.00103793
365.62620021,0.00035404
365.84138463,0.00275803
366.05658432,0.00180472
366.27179927,0.00439523
366.48702948,-0.00064072
366.70227494,0.00029186
366.91753566,0.00091359
367.13281163,0.00145241
367.34810285,-0.00229864
367.56340932,0.00250934
367.77873103,0.00300672
367.99406798,0.00271658
368.20942017,-0.00292037
368.42478759,0.00134879
368.64017025,0.00033331
368.85556813,0.00375278
369.07098125,0.00223993
369.28640958,0.00188762
369.50185314,0.00058200
369.71731191,0.00323468
369.93278590,-0.00314833
370.14827511,0.00184617
370.36377952,-0.00182199
370.57929914,0.00190834
370.79483397,0.00478899
371.01038400,0.00209486
371.22594922,-0.00074434
371.44152965,0.00157676
371.65712526,0.00244717
371.87273607,-0.00190489
372.08836206,0.00516202
372.30400324,0.00439523
372.51965960,-0.00035058
372.73533114,0.00447812
372.95101786,0.00089286
373.16671976,0.00534854
373.38243682,0.00383568
373.59816905,0.00223993
373.81391645,-0.00175982
374.02967901,0.00323468
374.24545673,0.00122445
374.46124961,-0.00182199
374.67705764,0.00122445
374.89288082,-0.00045420
375.10871916,0.00000173
375.32457264,0.00012607
375.54044126,0.00136952
375.75632503,0.00536926
375.97222393,0.00089286
376.18813797,-0.00055782
376.40406713,-0.00039203
376.62001143,0.00145241
376.83597086,-0.00265095
377.05194541,0.00130734
377.26793508,0.00302744
377.48393987,0.00284092
377.69995978,0.00290310
377.91599480,0.00037476
378.13204493,0.00228137
378.34811016,0.00483043
378.56419050,0.00398075
378.78028595,0.00468537
378.99639649,0.00083069
379.21252213,-0.00136606
379.42866286,0.00110010
379.64481868,-0.00045420
379.86098960,0.00449885
380.07717559,0.00161820
380.29337667,0.00197051
380.50959283,-0.00101375
380.72582407,0.00184617
380.94207038,0.00369061
381.15833176,0.00029186
381.37460821,0.00132807
381.59089972,0.00031259
381.80720630,0.00186689
382.02352794,0.00016752
382.23986464,0.00300672
382.45621639,0.00155603
382.67258319,0.00112083
382.88896505,0.00054055
383.10536195,0.00253006
383.32177389,0.00085141
383.53820087,0.00143169
383.75464289,0.00022969
383.97109995,0.00215703
384.18757204,0.00014680
384.40405916,0.00095503
384.62056131,-0.00300326
384.83707848,0.00203269
385.05361067,0.00223993
385.27015788,0.00292382
385.48672011,0.00449885
385.70329735,0.00524492
385.91988960,0.00223993
386.13649686,0.00016752
386.35311912,0.00317251
386.56975639,0.00159748
386.78640865,0.00232282
387.00307592,0.00060272
387.21975817,-0.00078579
387.43645542,0.00221920
387.65316765,0.00101721
387.86989487,0.00402220
388.08663707,-0.00070289
388.30339426,0.00045766
388.52016641,0.00261296
388.73695355,0.00493405
388.95375565,0.00373206
389.17057273,-0.00064072
389.38740477,0.00655053
389.60425177,0.00350409
389.82111374,-0.00099303
390.03799066,0.00640546
390.25488253,0.00045766
390.47178936,0.00145241
390.68871114,0.00246789
390.90564787,0.00130734
391.12259954,-0.00041275
391.33956614,0.00139024
391.55654769,-0.00014334
391.77354418,0.00157676
391.99055559,0.00025042
392.20758194,0.00039548
392.42462321,0.00267513
392.64167941,0.00356627
392.85875053,0.00259224
393.07583657,0.00029186
393.29293752,0.00350409
393.51005339,0.00561795
393.72718417,0.00290310
393.94432986,0.00207413
394.16149045,0.00118300
394.37866594,0.00261296
394.59585634,0.00396002
394.81306163,0.00398075
395.03028181,0.00391858
395.24751689,0.00965914
395.46476685,0.00242644
395.68203170,0.00393930
395.89931143,0.00644691
396.11660604,0.00553505
396.33391553,0.00366989
396.55123990,0.00174255
396.76857913,0.00412582
396.98593324,0.00507912
397.20330221,-0.00167692
397.42068604,0.00449885
397.63808474,-0.00144896
397.85549829,0.00594953
398.07292670,0.00528636
398.29036996,0.00356627
398.50782807,0.00495478
398.72530103,0.00592881
398.94278883,0.00414654
399.16029147,0.00568012
399.37780895,0.00180472
399.59534127,0.00621895
399.81288841,0.00427088
400.03045039,0.00555578
400.24802720,0.00972131
400.46561883,0.00449885
400.68322529,0.00116227
400.90084656,0.00286165
401.11848265,0.00454030
401.33613355,0.00317251
401.55379926,0.00414654
401.77147978,0.00445740
401.98917511,0.00711008
402.20688524,0.00157676
402.42461017,0.00333830
402.64234989,0.00435378
402.86010441,0.00120372
403.07787372,0.00586664
403.29565782,0.00538998
403.51345670,0.00422944
403.73127037,0.00632257
403.94909882,0.00083069
404.16694205,0.00690284
404.38480005,0.00308961
404.60267282,0.00414654
404.82056036,0.00213631
405.03846267,0.00721370
405.25637974,0.00887163
405.47431157,0.00582519
405.69225816,0.00153531
405.91021951,0.00447812
406.12819561,0.00114155
406.34618645,0.00279948
406.56419205,0.00364916
406.78221239,0.00265441
407.00024747,0.00466464
407.21829729,0.00141096
407.43636184,0.00864366
407.65444113,0.00572157
407.87253515,0.00841570
408.09064390,0.00878873
408.30876737,0.00512057
408.52690556,0.00785615
408.74505847,0.00400147
408.96322610,0.00795977
409.18140844,0.00489261
409.39960550,0.00248861
409.61781726,0.00597026
409.83604372,0.00652981
410.05428489,0.00671632
410.27254076,0.00327613
410.49081133,0.00833280
410.70909659,0.00605315
410.92739654,0.00495478
411.14571118,0.00744167
411.36404051,0.00576302
411.58238452,0.00837425
411.80074321,0.00675777
412.01911658,0.00936900
412.23750462,0.00735877
412.45590734,0.00673705
412.67432472,0.00694429
412.89275677,0.00561795
413.11120349,0.00462319
413.32966486,0.00319323
413.54814090,0.00391858
413.76663159,0.01096476
413.98513693,0.00522419
414.20365692,0.00259224
414.42219156,0.00715153
414.64074084,0.00136952
414.85930477,0.00568012
415.07788333,0.00242644
415.29647653,0.00505840
415.51508437,0.00097576
415.73370683,0.00485116
415.95234392,0.00364916
416.17099564,0.00700646
416.38966198,0.00876801
416.60834294,0.00609460
416.82703851,0.00696501
417.04574870,0.00145241
417.26447350,0.00501695
417.48321291,0.00582519
417.70196692,0.00223993
417.92073554,0.00628112
418.13951875,0.00916176
418.35831657,0.00275803
418.57712898,0.00134879
418.79595598,0.00959697
419.01479757,0.00961769
419.23365374,0.00601171
419.45252450,0.00288237
419.67140984,0.00903742
419.89030975,0.00905814
420.10922425,0.01162793
420.32815331,0.00476826
420.54709694,0.00775253
420.76605514,0.00686139
420.98502791,0.00472681
421.20401523,0.00238499
421.42301712,0.00480971
421.64203356,0.00878873
421.86106455,0.00383568
422.08011009,0.00514129
422.29917018,0.00737949
422.51824482,0.00615677
422.73733399,0.00383568
422.95643771,0.00717225
423.17555596,0.00468537
423.39468875,0.00636401
423.61383606,0.00551433
423.83299790,0.00375278
424.05217427,0.00623967
424.27136516,0.00688212
424.49057057,0.00592881
424.70979050,0.00557650
424.92902494,0.00617750
425.14827390,0.00781470
425.36753736,0.00690284
425.58681532,0.00866439
425.80610779,0.00806339
426.02541476,0.00876801
426.24473623,0.00509985
426.46407219,0.00721370
426.68342265,0.00335903
426.90278759,0.00802194
427.12216702,0.00619822
427.34156093,0.00532781
427.56096933,0.00798049
427.78039220,0.01237399
427.99982955,0.00679922
428.21928137,0.00665415
428.43874766,0.00192906
428.65822841,0.00895452
428.87772363,0.00924466
429.09723331,0.00655053
429.31675745,0.00157676
429.53629605,0.00288237
429.75584910,0.00640546
429.97541660,0.01131707
430.19499854,0.00503767
430.41459494,0.00781470
430.63420577,0.00930683
430.85383104,0.00851932
431.07347075,0.00885090
431.29312489,0.01160720
431.51279347,0.00719298
431.73247647,0.00779398
431.95217390,0.00605315
432.17188574,0.00897525
432.39161201,0.00648836
432.61135270,0.00470609
432.83110780,0.00669560
433.05087731,0.01169010
433.27066123,0.00425016
433.49045956,0.00769035
433.71027229,0.00779398
433.93009942,0.00957624
434.14994095,0.00773180
434.36979687,0.00590809
434.58966718,0.00686139
434.80955189,0.00829135
435.02945098,0.00943118
435.24936445,0.01413554
435.46929230,0.00909959
435.68923454,0.01048810
435.90919115,0.01137924
436.12916213,0.00907887
436.34914748,0.01158648
436.56914720,0.00798049
436.78916128,0.00829135
437.00918972,0.00978349
437.22923252,0.00922394
437.44928968,0.00970059
437.66936119,0.01071607
437.88944706,0.01081969
438.10954727,0.01224965
438.32966182,0.01146213
438.54979072,0.01040521
438.76993395,0.01608360
438.99009153,0.01280920
439.21026343,0.01307861
439.43044967,0.01357599
439.65065024,0.01799021
439.87086513,0.01102693
440.09109434,0.01110983
440.31133788,0.00918249
440.53159573,0.01676749
440.75186789,0.01001145
440.97215437,0.01376251
441.19245516,0.01471581
441.41277025,0.01372106
441.63309964,0.01291282
441.85344334,0.01513029
442.07380133,0.01370033
442.29417362,0.01307861
442.51456020,0.01270558
442.73496107,0.01401119
442.95537623,0.01322368
443.17580567,0.01353454
443.39624939,0.01643591
443.61670739,0.01359671
443.83717967,0.01616650
444.05766622,0.01510957
444.27816704,0.01801094
444.49868212,0.01270558
444.71921147,0.01316151
444.93975509,0.01513029
445.16031296,0.01481943
445.38088508,0.01666387
445.60147147,0.01382468
445.82207210,0.01117200
446.04268698,0.01473654
446.26331610,0.02000045
446.48395947,0.01100621
446.70461707,0.01179372
446.92528892,0.00992855
447.14597499,0.01510957
447.36667530,0.01046738
447.58738984,0.01784515
447.80811860,0.01475726
448.02886158,0.01005290
448.24961879,0.01359671
448.47039021,0.01786587
448.69117585,0.02228010
448.91197570,0.01832180
449.13278975,0.01071607
449.35361802,0.01413554
449.57446049,0.01452930
449.79531715,0.00955552
450.01618802,0.01245689
450.23707308,0.01044666
450.45797234,0.01910931
450.67888578,0.01301644
450.89981341,0.01150358
451.12075522,0.01656025
451.34171122,0.01618722
451.56268139,0.01635301
451.78366574,0.01587636
452.00466426,0.01643591
452.22567696,0.01119272
452.44670382,0.01421844
452.66774484,0.00941045
452.88880003,0.02070507
453.10986938,0.01270558
453.33095288,0.01407337
453.55205053,0.01457074
453.77316234,0.01086114
453.99428830,0.01467436
454.21542840,0.01386613
454.43658264,0.01728560
454.65775102,0.01519247
454.87893354,0.01527536
455.10013019,0.01778297
455.32134098,0.01968959
455.54256589,0.01950307
455.76380493,0.01303716
455.98505809,0.01780370
456.20632537,0.02064290
456.42760677,0.01535826
456.64890229,0.01585564
456.87021191,0.01840470
457.09153565,0.01734777
457.31287349,0.01801094
457.53422544,0.02414526
457.75559149,0.02252878
457.97697163,0.01641519
458.19836587,0.01865338
458.41977420,0.02155475
458.64119663,0.02041493
458.86263313,0.01801094
459.08408373,0.02337847
459.30554840,0.02138896
459.52702716,0.02729532
459.74851999,0.01703691
459.97002689,0.02437323
460.19154786,0.01780370
460.41308290,0.02319195
460.63463201,0.01662243
460.85619518,0.01854976
461.07777241,0.01892280
461.29936369,0.01913004
461.52096903,0.02514002
461.74258841,0.02172055
461.96422185,0.02024914
462.18586933,0.02236299
462.40753086,0.02586536
462.62920642,0.02385512
462.85089602,0.02140969
463.07259966,0.01767935
463.29431733,0.01913004
463.51604902,0.02091231
463.73779475,0.02087086
463.95955449,0.02213503
464.18132826,0.02812428
464.40311604,0.02176199
464.62491784,0.02161693
464.84673365,0.02128534
465.06856347,0.02466336
465.29040730,0.02145113
465.51226513,0.02209358
465.73413696,0.01888135
465.95602279,0.02333702
466.17792261,0.02381368
466.39983643,0.02843514
466.62176424,0.02563739
466.84370603,0.02702591
467.06566181,0.02387585
467.28763157,0.02648708
467.50961531,0.02536798
467.73161303,0.02528509
467.95362472,0.02412454
468.17565038,0.02814501
468.39769001,0.02453902
468.61974360,0.02613477
468.84181116,0.02891180
469.06389267,0.03266285
469.28598814,0.02839370
469.50809757,0.03206185
469.73022094,0.03061117
469.95235827,0.03009307
470.17450954,0.02555450
470.39667475,0.02555450
470.61885390,0.02911904
470.84104699,0.03054900
471.06325402,0.03388557
471.28547498,0.02839370
471.50770986,0.02775125
471.72995867,0.02439395
471.95222141,0.02196924
472.17449806,0.02269458
472.39678864,0.02225937
472.61909313,0.02368933
472.84141153,0.02215575
473.06374384,0.03160593
473.28609005,0.02723315
473.50845017,0.02534726
473.73082420,0.02555450
473.95321212,0.02439395
474.17561393,0.02804139
474.39802964,0.02505712
474.62045924,0.02468409
474.84290273,0.02312978
475.06536010,0.02723315
475.28783136,0.02518147
475.51031649,0.02545088
475.73281550,0.02437323
475.95532838,0.02041493
476.17785513,0.02420743
476.40039575,0.02621767
476.62295024,0.02385512
476.84551859,0.02671505
477.06810080,0.02625912
477.29069686,0.02559595
477.51330678,0.02652853
477.73593055,0.02940917
477.95856817,0.02849732
478.18121963,0.02895324
478.40388494,0.02942990
478.62656409,0.03322240
478.84925707,0.02534726
479.07196389,0.02615550
479.29468455,0.02702591
479.51741903,0.03050755
479.74016733,0.02499495
479.96292946,0.02572029
480.18570542,0.02762690
480.40849519,0.02441467
480.63129877,0.02727460
480.85411617,0.02435250
481.07694738,0.02435250
481.29979239,0.02849732
481.52265121,0.02348209
481.74552383,0.02598970
481.96841025,0.02453902
482.19131046,0.02580319
482.41422447,0.02252878
482.63715227,0.02453902
482.86009385,0.02339920
483.08304922,0.02107810
483.30601837,0.02279820
483.52900130,0.02574101
483.75199801,0.02174127
483.97500849,0.02480843
484.19803274,0.02777197
484.42107076,0.02039421
484.64412255,0.02565812
484.86718810,0.02497422
485.09026741,0.01759646
485.31336047,0.02070507
485.53646729,0.02097448
485.75958786,0.01950307
485.98272218,0.02039421
486.20587024,0.01879845
486.42903205,0.02215575
486.65220760,0.01966886
486.87539689,0.02497422
487.09859991,0.02420743
487.32181666,0.02308833
487.54504715,0.02764763
487.76829136,0.02493278
487.99154929,0.02768908
488.21482094,0.02652853
488.43810631,0.02437323
488.66140540,0.02965786
488.88471820,0.02893252
489.10804471,0.03071479
489.33138493,0.03233127
489.55473885,0.03034176
489.77810647,0.03492178
490.00148780,0.03595798
490.22488281,0.03371978
490.44829153,0.03829980
490.67171393,0.03523264
490.89515002,0.03879718
491.11859979,0.04031003
491.34206325,0.04115972
491.56554038,0.03705635
491.78903120,0.04095248
492.01253568,0.03595798
492.23605384,0.03923238
492.45958567,0.04134624
492.68313116,0.03898369
492.90669031,0.03440367
493.13026312,0.03465236
493.35384960,0.03009307
493.57744972,0.03009307
493.80106350,0.02872528
494.02469092,0.03197896
494.24833200,0.03218620
494.47198671,0.03394774
494.69565507,0.03009307
494.91933706,0.03780242
495.14303269,0.03170955
495.36674195,0.02793777
495.59046484,0.03052827
495.81420136,0.03036248
496.03795150,0.02866311
496.26171526,0.02667360
496.48549264,0.03069407
496.70928364,0.03324313
496.93308825,0.03359544
497.15690647,0.03728432
497.38073830,0.03454874
497.60458373,0.03852776
497.82844276,0.04553250
498.05231539,0.03923238
498.27620162,0.03711853
498.50010144,0.03970903
498.72401485,0.03865211
498.94794185,0.04586408
499.17188244,0.03838269
499.39583661,0.04018569
499.61980435,0.03672477
499.84378568,0.04285909
500.06778058,0.04188506
500.29178904,0.04602987
500.51581108,0.03813401
500.73984668,0.04290054
500.96389585,0.04074524
501.18795858,0.04047582
501.41203486,0.04484860
501.63612470,0.03964686
501.86022809,0.04350154
502.08434503,0.04762563
502.30847551,0.04314923
502.53261954,0.04124261
502.75677711,0.03917021
502.98094822,0.04055872
503.20513286,0.04196796
503.42933104,0.04169854
503.65354274,0.03840342
503.87776797,0.03662115
504.10200673,0.03488033
504.32625901,0.03742939
504.55052480,0.03535698
504.77480411,0.03119144
504.99909694,0.02739894
505.22340327,0.03575074
505.44772312,0.03241416
505.67205646,0.02812428
505.89640331,0.03032103
506.12076366,0.02969931
506.34513750,0.03071479
506.56952484,0.02876673
506.79392567,0.03146086
507.01833999,0.03125362
507.24276779,0.03459019
507.46720907,0.03359544
507.69166384,0.03264213
507.91613208,0.03224837
508.14061380,0.03376123
508.36510898,0.03046610
508.58961764,0.03367833
508.81413976,0.03425861
509.03867534,0.03734649
509.26322439,0.03585436
509.48778689,0.03552277
509.71236285,0.04319068
509.93695226,0.03691129
510.16155512,0.03570929
510.38617142,0.03713925
510.61080117,0.03736721
510.83544436,0.03904586
511.06010099,0.03848631
511.28477105,0.04122189
511.50945454,0.04412326
511.73415147,0.04062089
511.95886182,0.03832052
512.18358560,0.03645536
512.40832280,0.03056972
512.63307341,0.03506684
512.85783745,0.03394774
513.08261489,0.03249706
513.30740575,0.03289082
513.53221001,0.03197896
513.75702768,0.03606160
513.98185875,0.03208258
514.20670322,0.03173027
514.43156109,0.03166810
514.65643235,0.03100493
514.88131700,0.02932628
515.10621504,0.03359544
515.33112647,0.02976148
515.55605128,0.03090131
515.78098946,0.03307733
516.00594103,0.03003090
516.23090597,0.03001017
516.45588428,0.03272502
516.68087596,0.02911904
516.90588100,0.03141941
517.13089941,0.03025886
517.35593118,0.02766835
517.58097631,0.02824863
517.80603479,0.03115000
518.03110663,0.02646636
518.25619181,0.02843514
518.48129034,0.02460119
518.70640222,0.02582391
518.93152743,0.02758546
519.15666598,0.02789632
519.38181787,0.02474626
519.60698310,0.02781342
519.83216165,0.02621767
520.05735353,0.02522291
520.28255873,0.02611405
520.50777726,0.02259096
520.73300910,0.02540943
520.95825426,0.02696373
521.18351273,0.02887035
521.40878452,0.02613477
521.63406961,0.02507784
521.85936801,0.02708808
522.08467971,0.02416599
522.31000471,0.02385512
522.53534300,0.02522291
522.76069459,0.03083913
522.98605947,0.02864238
523.21143764,0.03226910
523.43682910,0.03063189
523.66223383,0.02942990
523.88765185,0.03038321
524.11308315,0.03309806
524.33852772,0.03226910
524.56398556,0.03027958
524.78945667,0.03496322
525.01494104,0.03423788
525.24043868,0.03668332
525.46594959,0.04035148
525.69147374,0.04571901
525.91701116,0.03682839
526.14256182,0.03525336
526.36812574,0.03380268
526.59370290,0.03711853
526.81929331,0.03347109
527.04489696,0.03423788
527.27051384,0.03342964
527.49614396,0.03007234
527.72178732,0.03119144
527.94744390,0.03170955
528.17311372,0.03150230
528.39879675,0.03438295
528.62449301,0.03183389
528.85020249,0.03813401
529.07592518,0.03568857
529.30166109,0.03972976
529.52741021,0.04229954
529.75317254,0.04663087
529.97894807,0.03722215
530.20473680,0.04743911
530.43053874,0.04366733
530.65635387,0.05533498
530.88218219,0.04669304
531.10802371,0.05539715
531.33387841,0.05603960
531.55974630,0.05278592
531.78562738,0.05463036
532.01152163,0.05746956
532.23742906,0.05249578
532.46334967,0.05255795
532.68928344,0.05222637
532.91523039,0.05214347
533.14119051,0.05792549
533.36716378,0.05257868
533.59315022,0.05123161
533.81914982,0.05083786
534.04516257,0.06366605
534.27118847,0.05272375
534.49722752,0.05691001
534.72327973,0.05856793
534.94934507,0.05448529
535.17542356,0.06341736
535.40151518,0.05666132
535.62761994,0.05334547
535.85373784,0.05218492
536.07986886,0.05962486
536.30601301,0.05767680
536.53217029,0.05421588
536.75834069,0.05276519
536.98452420,0.05446457
537.21072084,0.05778042
537.43693059,0.05902386
537.66315345,0.05568729
537.88938941,0.05496195
538.11563848,0.05804983
538.34190066,0.05918965
538.56817593,0.05647480
538.79446431,0.05450602
539.02076577,0.05481688
539.24708033,0.05921038
539.47340798,0.05918965
539.69974871,0.05856793
539.92610252,0.05606032
540.15246942,0.05842286
540.37884939,0.06032948
540.60524244,0.06538615
540.83164856,0.05819490
541.05806775,0.06476443
541.28450001,0.06437067
541.51094533,0.06706480
541.73740371,0.06851548
541.96387515,0.06706480
542.19035965,0.06766580
542.41685719,0.07668076
542.64336779,0.07510574
542.86989144,0.07728176
543.09642813,0.06524108
543.32297786,0.07328202
543.54954063,0.06685756
543.77611643,0.07636990
544.00270527,0.06803883
544.22930714,0.07761335
544.45592204,0.06787304
544.68254996,0.07073296
544.90919091,0.06393547
545.13584487,0.06604932
545.36251185,0.06625656
545.58919184,0.06474370
545.81588485,0.06331374
546.04259086,0.06387329
546.26930988,0.06294071
546.49604191,0.06613222
546.72278693,0.06124134
546.94954495,0.06343809
547.17631596,0.06461936
547.40309997,0.06376967
547.62989696,0.06277492
547.85670694,0.07031848
548.08352991,0.07587253
548.31036585,0.06841186
548.53721477,0.07170699
548.76407667,0.08190323
548.99095154,0.07634918
549.21783938,0.07413170
549.44474018,0.07786204
549.67165395,0.08032820
549.89858069,0.07900186
550.12552038,0.07811073
550.35247302,0.07435967
550.57943862,0.07734393
550.80641717,0.07527153
551.03340866,0.07750973
551.26041310,0.08055616
551.48743048,0.07910548
551.71446081,0.08136440
551.94150406,0.08153020
552.16856025,0.08608949
552.39562937,0.09406825
552.62271142,0.08530198
552.84980640,0.08882507
553.07691429,0.08865927
553.30403511,0.09164354
553.53116884,0.09413043
553.75831549,0.09448274
553.98547505,0.09638935
554.21264752,0.10208847
554.43983289,0.10049271
554.66703116,0.10816062
554.89424234,0.10884451
555.12146641,0.11327946
555.34870338,0.11050244
555.57595324,0.11473015
555.80321599,0.12047071
556.03049162,0.11696835
556.25778014,0.11278208
556.48508154,0.11723776
556.71239582,0.11895786
556.93972297,0.11367322
557.16706300,0.11135212
557.39441589,0.11197385
557.62178165,0.12175560
557.84916028,0.11079257
558.07655177,0.11800455
558.30395611,0.12107171
558.53137331,0.12171416
558.75880337,0.12314412
558.98624627,0.12428394
559.21370202,0.12395236
559.44117062,0.11794238
559.66865206,0.12469842
559.89614634,0.13141302
560.12365345,0.12548594
560.35117340,0.12308194
560.57870618,0.12107171
560.80625179,0.11686473
561.03381022,0.12355860
561.26138148,0.12453263
561.48896555,0.12382801
561.71656244,0.12614911
561.94417215,0.12925772
562.17179467,0.12689517
562.39942999,0.12658431
562.62707812,0.12393163
562.85473906,0.13108143
563.08241279,0.12606621
563.31009933,0.11955885
563.53779866,0.12697807
563.76551078,0.12142402
563.99323568,0.11796310
564.22097338,0.11920654
564.44872386,0.11400480
564.67648712,0.11821179
564.90426316,0.11640880
565.13205197,0.11620156
565.35985356,0.11914437
565.58766792,0.12436684
565.81549504,0.12602476
566.04333493,0.12610766
566.27118758,0.11338308
566.49905298,0.11682328
566.72693115,0.11412915
566.95482207,0.12022202
567.18272573,0.11149719
567.41064215,0.11719631
567.63857131,0.11359032
567.86651321,0.11746572
568.09446785,0.11489594
568.32243523,0.11881279
568.55041534,0.11102054
568.77840819,0.12030492
569.00641376,0.11151792
569.23443206,0.11609794
569.46246308,0.11576635
569.69050682,0.11506173
569.91856327,0.11740355
570.14663244,0.11875062
570.37471433,0.11788020
570.60280892,0.12217009
570.83091622,0.11570418
571.05903622,0.11810817
571.28716892,0.11584925
571.51531432,0.11897858
571.74347241,0.11667821
571.97164320,0.11122778
572.19982667,0.11195312
572.42802284,0.11224326
572.65623168,0.11010868
572.88445321,0.11259557
573.11268742,0.10623328
573.34093430,0.11012940
573.56919385,0.11539332
573.79746608,0.11128995
574.02575097,0.11904075
574.25404853,0.11431567
574.48235874,0.11611866
574.71068162,0.11771441
574.93901715,0.11182878
575.16736534,0.12227371
575.39572618,0.12065723
575.62409966,0.11951741
575.85248579,0.12115461
576.08088456,0.12092664
576.30929597,0.12063651
576.53772002,0.11877134
576.76615671,0.12490566
576.99460602,0.12828368
577.22306796,0.12668793
577.45154253,0.12766196
577.68002972,0.13133012
577.90852953,0.12786920
578.13704196,0.12722676
578.36556700,0.12847020
578.59410465,0.12376584
578.82265492,0.12797282
579.05121779,0.12834586
579.27979326,0.12225298
579.50838133,0.12103026
579.73698201,0.12283326
579.96559527,0.12515435
580.19422113,0.12196285
580.42285958,0.11939306
580.65151062,0.11365250
580.88017424,0.11692690
581.10885044,0.11624300
581.33753922,0.12065723
581.56624057,0.11504101
581.79495450,0.10834713
582.02368100,0.10283453
582.25242007,0.10264802
582.48117170,0.10411943
582.70993589,0.10722804
582.93871264,0.10903103
583.16750195,0.10565301
583.39630381,0.10082430
583.62511822,0.10538359
583.85394518,0.10078285
584.08278469,0.10331119
584.31163674,0.10223354
584.54050133,0.10219209
584.76937845,0.11133140
584.99826811,0.11257484
585.22717030,0.11240905
585.45608502,0.11473015
585.68501226,0.12971365
585.91395203,0.12687445
586.14290432,0.13617955
586.37186912,0.12902975
586.60084644,0.13358905
586.82983628,0.13329891
587.05883862,0.14044871
587.28785347,0.13549566
587.51688082,0.14345370
587.74592067,0.14351587
587.97497302,0.14525669
588.20403787,0.14343298
588.43311520,0.15452035
588.66220503,0.15827141
588.89130735,0.15541148
589.12042215,0.15373284
589.34954943,0.16332808
589.57868919,0.15893458
589.80784142,0.16598076
590.03700613,0.16403270
590.26618331,0.16349387
590.49537296,0.16208463
590.72457507,0.14931861
590.95378964,0.14894558
591.18301667,0.15031337
591.41225616,0.14645869
591.64150811,0.14600276
591.87077250,0.14996106
592.10004934,0.14658303
592.32933863,0.14989888
592.55864036,0.13829341
592.78795453,0.14055233
593.01728114,0.14355732
593.24662018,0.14353660
593.47597165,0.13667693
593.70533555,0.14270763
593.93471188,0.14542249
594.16410063,0.15068640
594.39350180,0.15373284
594.62291539,0.15126667
594.85234140,0.15412659
595.08177981,0.15646841
595.31123064,0.14761924
595.54069387,0.14851037
595.77016951,0.15128740
595.99965755,0.15054133
596.22915798,0.15514207
596.45867081,0.15663420
596.68819604,0.14979526
596.91773365,0.14247967
597.14728365,0.14067668
597.37684603,0.14407542
597.60642080,0.15435456
597.83600795,0.16183594
598.06560747,0.16720348
598.29521936,0.16283070
598.52484363,0.17375228
598.75448026,0.17342070
598.98412926,0.16583569
599.21379062,0.17194929
599.44346434,0.17856026
599.67315042,0.18249784
599.90284885,0.18500545
600.13255963,0.19942940
600.36228276,0.19381318
600.59201824,0.19445562
600.82176606,0.19252828
601.05152622,0.18852854
601.28129871,0.18479821
601.51108354,0.19308783
601.74088070,0.20038270
601.97069019,0.20351204
602.20051201,0.21221615
602.43034615,0.22270252
602.66019261,0.22898191
602.89005139,0.23677416
603.11992249,0.23486755
603.34980589,0.24272197
603.57970161,0.24265980
603.80960963,0.25130173
604.03952996,0.26073118
604.26946259,0.27430544
604.49940751,0.27813939
604.72936474,0.27944501
604.95933425,0.28659481
605.18931606,0.28866722
605.41931015,0.28920604
605.64931653,0.29223176
605.87933519,0.28723726
606.10936612,0.29861477
606.33940934,0.29753712
606.56946483,0.31098704
606.79953259,0.30922549
607.02961261,0.31743222
607.25970490,0.32035431
607.48980946,0.31676905
607.71992627,0.31857204
607.95005534,0.32717253
608.18019667,0.32742122
608.41035024,0.32781498
608.64051607,0.32858177
608.87069414,0.34236327
609.10088445,0.34677749
609.33108700,0.36016524
609.56130179,0.35985438
609.79152882,0.36534626
610.02176808,0.36949107
610.25201956,0.36897297
610.48228328,0.38256795
610.71255921,0.37997745
610.94284737,0.37527308
611.17314775,0.38258868
611.40346034,0.37272402
611.63378514,0.34267413
611.86412215,0.33326540
612.09447137,0.31687267
612.32483280,0.30914259
612.55520642,0.29111266
612.78559225,0.27217086
613.01599027,0.26207824
613.24640048,0.25186128
613.47682288,0.23909526
613.70725747,0.22964508
613.93770425,0.21553200
614.16816321,0.21621589
614.39863434,0.21760440
614.62911766,0.22025708
614.85961314,0.22239166
615.09012080,0.22956219
615.32064063,0.23180039
615.55117262,0.23366555
615.78171677,0.23814195
616.01227308,0.23443234
616.24284156,0.23420438
616.47342218,0.22514796
616.70401496,0.22564534
616.93461988,0.21586358
617.16523695,0.21803961
617.39586617,0.19980243
617.62650752,0.20718020
617.85716101,0.19292204
618.08782664,0.19198946
618.31850440,0.18699496
618.54919429,0.18508834
618.77989630,0.17911981
619.01061044,0.17207363
619.24133670,0.16455080
619.47207508,0.16490311
619.70282557,0.16129712
619.93358818,0.16647814
620.16436289,0.15754606
620.39514972,0.15939051
620.62594864,0.15619900
620.85675967,0.14983671
621.08758280,0.14598204
621.31841802,0.14100826
621.54926534,0.13630390
621.78012475,0.13257357
622.01099624,0.12878106
622.24187982,0.12652214
622.47277549,0.13452163
622.70368323,0.12876034
622.93460305,0.11991116
623.16553494,0.11493739
623.39647890,0.11410842
623.62743493,0.10892741
623.85840303,0.10878234
624.08938319,0.10304177
624.32037541,0.10252367
624.55137968,0.10096937
624.78239602,0.09875189
625.01342440,0.09597487
625.24446483,0.09956013
625.47551731,0.09935289
625.70658183,0.10596387
625.93765839,0.10915537
626.16874699,0.11083402
626.39984763,0.10515563
626.63096029,0.10818134
626.86208499,0.10712442
627.09322171,0.11116561
627.32437046,0.11462653
627.55553123,0.11626373
627.78670401,0.11640880
628.01788882,0.12233588
628.24908563,0.13016957
628.48029446,0.12519580
628.71151529,0.12739255
628.94274813,0.12892613
629.17399296,0.13576507
629.40524980,0.13234560
629.63651863,0.14036581
629.86779946,0.13684272
630.09909228,0.14710114
630.33039709,0.15052061
630.56171388,0.16821896
630.79304265,0.17024991
631.02438340,0.18235277
631.25573613,0.18564789
631.48710084,0.19047660
631.71847751,0.19511879
631.94986615,0.20235149
632.18126676,0.20948057
632.41267933,0.21041315
632.64410387,0.21495172
632.87554035,0.23045332
633.10698880,0.24261835
633.33844919,0.25078363
633.56992154,0.26593292
633.80140583,0.26593292
634.03290207,0.26249272
634.26441024,0.24866977
634.49593035,0.24755067
634.72746240,0.24927077
634.95900638,0.25258662
635.19056229,0.26122856
635.42213013,0.26073118
635.65370989,0.25799560
635.88530158,0.25109449
636.11690518,0.25923905
636.34852069,0.26019235
636.58014812,0.28157959
636.81178746,0.30054211
637.04343871,0.29900853
637.27510187,0.30222076
637.50677692,0.30773336
637.73846387,0.30773336
637.97016272,0.31279003
638.20187347,0.32737977
638.43359610,0.32572185
638.66533062,0.33386640
638.89707703,0.33183544
639.12883532,0.32356654
639.36060549,0.32708963
639.59238754,0.32374499
639.82418146,0.32907022
640.05598725,0.32039343
640.28780491,0.32144826
640.51963444,0.32338089
640.75147583,0.31680272
640.98332908,0.31687928
641.21519419,0.31847527
641.44707115,0.31399140
641.67895997,0.30629434
641.91086063,0.29809890
642.14277314,0.29179027
642.37469750,0.29303132
642.60663369,0.28913951
642.83858172,0.29588492
643.07054159,0.29484715
643.30251329,0.29834337
643.53449683,0.29444711
643.76649218,0.29360887
643.99849937,0.29115437
644.23051837,0.28926235
644.46254919,0.28398397
644.69459183,0.28385777
644.92664628,0.27294392
645.15871254,0.27241473
645.39079061,0.25472933
645.62288049,0.26327993
645.85498217,0.25309502
646.08709564,0.24495866
646.31922091,0.23161561
646.55135798,0.24238536
646.78350684,0.24776321
647.01566748,0.24079708
647.24783991,0.23207096
647.48002413,0.22792395
647.71222012,0.23345431
647.94442789,0.23580244
648.17664744,0.23734180
648.40887875,0.23682680
648.64112184,0.22836143
648.87337669,0.22830435
649.10564331,0.21794326
649.33792168,0.22605542
649.57021181,0.22517252
649.80251370,0.22937308
650.03482734,0.22529972
650.26715273,0.23287771
650.49948987,0.22633216
650.73183875,0.23693401
650.96419937,0.23646599
651.19657173,0.23090123
651.42895582,0.23823152
651.66135165,0.24770579
651.89375921,0.23838887
652.12617849,0.24611119
652.35860950,0.24949769
652.59105224,0.24271818
652.82350669,0.25368103
653.05597285,0.24994392
653.28845073,0.24286230
653.52094032,0.24422106
653.75344162,0.25033963
653.98595462,0.25745871
654.21847933,0.25341797
654.45101573,0.25452661
654.68356383,0.26194966
654.91612363,0.26321169
655.14869511,0.26376166
655.38127829,0.27910370
655.61387315,0.27901624
655.84647969,0.27931155
656.07909792,0.27454333
656.31172782,0.26852885
656.54436939,0.26537435
656.77702264,0.26395453
657.00968756,0.26559216
657.24236414,0.27946408
657.47505238,0.28764556
657.70775229,0.28274698
657.94046385,0.29203872
658.17318707,0.29986210
658.40592195,0.30088960
658.63866847,0.30913138
658.87142663,0.31661916
659.10419645,0.32217871
659.33697790,0.31745729
659.56977099,0.32691276
659.80257572,0.32131388
660.03539208,0.31577810
660.26822007,0.31078771
660.50105969,0.30401269
660.73391093,0.30766040
660.96677380,0.30670971
661.19964828,0.31264089
661.43253438,0.32026294
661.66543209,0.31543323
661.89834142,0.32100506
662.13126235,0.31795396
662.36419489,0.31102571
662.59713903,0.31999489
662.83009477,0.30441478
663.06306210,0.29675360
663.29604103,0.29466025
663.52903155,0.30324387
663.76203367,0.28996511
663.99504736,0.29191607
664.22807264,0.29245889
664.46110950,0.28226380
664.69415794,0.28079046
664.92721795,0.27411405
665.16028953,0.27251690
665.39337269,0.27080583
665.62646740,0.25863404
665.85957369,0.25434876
666.09269153,0.25525057
666.32582093,0.25801754
666.55896189,0.25520066
666.79211440,0.26512468
667.02527846,0.25944629
667.25845406,0.25621333
667.49164121,0.25109449
667.72483991,0.25749823
667.95805014,0.26328024
668.19127190,0.25455541
668.42450520,0.24639013
668.65775003,0.24390324
668.89100639,0.24207952
669.12427427,0.24711547
669.35755368,0.24593420
669.59084460,0.24168576
669.82414704,0.24794443
670.05746099,0.25418238
670.29078646,0.25824429
670.52412343,0.24659737
670.75747191,0.26037887
670.99083189,0.26058611
671.22420337,0.25631695
671.45758635,0.26073118
671.69098082,0.26236838
671.92438678,0.26587075
672.15780424,0.27498934
672.39123317,0.26790171
672.62467360,0.28207697
672.85812550,0.27917560
673.09158888,0.30317406
673.32506373,0.30796132
673.55855006,0.32822946
673.79204785,0.33220848
674.02555712,0.33583519
674.25907784,0.33272658
674.49261003,0.35048710
674.72615367,0.35597898
674.95970878,0.35883890
675.19327533,0.37021641
675.42685333,0.38304461
675.66044278,0.39462936
675.89404368,0.40822434
676.12765601,0.39570701
676.36127979,0.41367477
676.59491500,0.41222409
676.82856165,0.39788304
677.06221972,0.38731376
677.29588922,0.37104537
677.52957015,0.36086986
677.76326250,0.35137824
677.99696627,0.34095403
678.23068146,0.32895480
678.46440806,0.31573285
678.69814607,0.30344348
678.93189549,0.28514413
679.16565631,0.29148569
679.39942854,0.27206724
679.63321217,0.27714464
679.86700720,0.27728971
680.10081361,0.26902081
680.33463143,0.26209897
680.56846063,0.26029597
680.80230121,0.25631695
681.03615318,0.26402631
681.27001653,0.26307300
681.50389126,0.26982904
681.73777736,0.26354965
681.97167484,0.25874167
682.20558368,0.26572568
682.43950390,0.25979860
682.67343547,0.25658637
682.90737841,0.25293893
683.14133270,0.24290848
683.37529836,0.23712647
683.60927536,0.22616344
683.84326371,0.22087880
684.07726341,0.22253673
684.31127446,0.21781164
684.54529685,0.21544910
684.77933057,0.22481638
685.01337564,0.22854671
685.24743203,0.23530275
685.48149976,0.24945729
685.71557881,0.26458586
685.94966919,0.27828446
686.18377090,0.27747622
686.41788392,0.27853315
686.65200826,0.28920604
686.88614391,0.28723726
687.12029088,0.29196234
687.35444915,0.29090542
687.58861873,0.28305100
687.82279961,0.27776636
688.05699179,0.27018135
688.29119527,0.26808822
688.52541004,0.27065801
688.75963611,0.27065801
688.99387346,0.27772491
689.22812210,0.27362155
689.46238203,0.28402503
689.69665323,0.28953763
689.93093571,0.30607543
690.16522947,0.31956680
690.39953450,0.32431261
690.63385080,0.32646791
690.86817837,0.34509885
691.10251720,0.34646663
691.33686730,0.36012379
691.57122865,0.35774052
691.80560125,0.36227909
692.03998511,0.36099420
692.27438023,0.37467208
692.50878658,0.37005062
692.74320419,0.38196696
692.97763303,0.37734549
693.21207312,0.39344809
693.44652444,0.37347009
693.68098699,0.37948007
693.91546077,0.38171827
694.14994579,0.39222537
694.38444203,0.37711752
694.61894949,0.40028703
694.85346817,0.40590325
695.08799806,0.40913620
695.32253918,0.40095020
695.55709150,0.41900086
695.79165503,0.42606776
696.02622977,0.42163281
696.26081571,0.43213992
696.49541285,0.42679311
696.73002119,0.42693817
696.96464072,0.42310422
697.19927145,0.41935317
697.43391336,0.42575690
697.66856647,0.41456591
697.90323075,0.42739410
698.13790622,0.41508401
698.37259286,0.44983827
698.60729068,0.45914337
698.84199967,0.47423049
699.07671984,0.49856054
699.31145117,0.50724392
699.54619366,0.54367683
699.78094731,0.54241266
700.01571213,0.58375717
700.25048810,0.58042059
700.48527522,0.61308172
700.72007349,0.60317562
700.95488292,0.62348520
701.18970348,0.62083252
701.42453519,0.63971214
701.65937804,0.64128717
701.89423202,0.64468592
702.12909714,0.64103848
702.36397339,0.62870766
702.59886077,0.63446895
702.83375927,0.60943428
703.06866889,0.59579785
703.30358964,0.57770574
703.53852150,0.57909425
703.77346448,0.57795443
704.00841857,0.58008901
704.24338376,0.59171521
704.47836007,0.59443006
704.71334748,0.59664754
704.94834598,0.59880284
705.18335559,0.59349748
705.41837629,0.58270024
705.65340808,0.57544682
705.88845096,0.57971598
706.12350493,0.57416193
706.35856998,0.55884684
706.59364612,0.57747778
706.82873333,0.58444106
707.06383161,0.60356937
707.29894097,0.61096787
707.53406141,0.62630367
707.76919290,0.63656208
708.00433546,0.66132734
708.23948909,0.67177227
708.47465377,0.68499422
708.70982951,0.68321195
708.94501630,0.69243416
709.18021414,0.68234154
709.41542303,0.68605115
709.65064297,0.65836380
709.88587395,0.63633412
710.12111597,0.62004501
710.35636902,0.60247100
710.59163311,0.59132145
710.82690823,0.57339514
711.06219437,0.54139718
711.29749155,0.52956374
711.53279974,0.53292104
711.76811896,0.54800816
712.00344920,0.54063039
712.23879044,0.56983060
712.47414270,0.57588202
712.70950597,0.61301955
712.94488025,0.63848942
713.18026553,0.65579402
713.41566181,0.66273658
713.65106908,0.67645591
713.88648736,0.66704718
714.12191662,0.66192834
714.35735688,0.65894407
714.59280812,0.64491388
714.82827034,0.63223076
715.06374355,0.61111293
715.29922774,0.59443006
715.53472290,0.58313545
715.77022903,0.56172749
716.00574614,0.56006956
716.24127421,0.56035970
716.47681324,0.55389379
716.71236324,0.54145935
716.94792420,0.53173977
717.18349611,0.51476676
717.41907898,0.50637351
717.65467280,0.48401225
717.89027757,0.48494483
718.12589328,0.47688317
718.36151993,0.46382701
718.59715752,0.46044899
718.83280605,0.44397336
719.06846552,0.44871917
719.30413591,0.43989072
719.53981724,0.43058561
719.77550949,0.43444029
720.01121266,0.43568373
720.24692676,0.43879234
720.48265177,0.44177660
720.71838769,0.44275064
720.95413453,0.44853265
721.18989228,0.44938234
721.42566093,0.43526925
721.66144049,0.42965303
721.89723095,0.41576790
722.13303231,0.41019313
722.36884456,0.41408926
722.60466770,0.42888624
722.84050173,0.43315539
723.07634666,0.44136212
723.31220246,0.43518635
723.54806915,0.43593242
723.78394671,0.41871072
724.01983515,0.40928127
724.25573447,0.40111599
724.49164465,0.39009079
724.72756571,0.37537670
724.96349762,0.36750156
725.19944040,0.36151230
725.43539404,0.35664215
725.67135854,0.34872556
725.90733388,0.34029086
726.14332008,0.34569984
726.37931713,0.33763818
726.61532503,0.32427116
726.85134376,0.31865494
727.08737334,0.31109066
727.32341375,0.30068718
727.55946500,0.30012763
727.79552708,0.29967170
728.03159998,0.30748467
728.26768372,0.30980576
728.50377827,0.32242672
728.73988365,0.33104793
728.97599985,0.32932783
729.21212686,0.33566940
729.44826468,0.33983493
729.68441331,0.34526464
729.92057275,0.33127589
730.15674299,0.33353482
730.39292403,0.33492333
730.62911587,0.31956680
730.86531851,0.30431389
731.10153194,0.29979604
731.33775616,0.29003501
731.57399117,0.27536237
731.81023696,0.25834791
732.04649353,0.26222331
732.28276088,0.24079463
732.51903901,0.23644258
732.75532791,0.23010101
732.99162758,0.21443362
733.22793802,0.20877595
733.46425923,0.20340842
733.70059119,0.19571979
733.93693392,0.19140918
734.17328740,0.18919171
734.40965164,0.18645613
734.64602662,0.17868461
734.88241236,0.18552355
735.11880884,0.18645613
735.35521607,0.18699496
735.59163403,0.18637324
735.82806273,0.19066312
736.06450217,0.19163715
736.30095234,0.19366811
736.53741323,0.19911854
736.77388486,0.21772875
737.01036720,0.21878567
737.24686027,0.22632923
737.48336406,0.24168576
737.71987856,0.25683506
737.95640377,0.27183928
738.19293969,0.28514413
738.42948632,0.29032514
738.66604365,0.30638629
738.90261169,0.30267669
739.13919042,0.30566095
739.37577985,0.30325696
739.61237997,0.30292537
739.84899078,0.30661426
740.08561228,0.30230365
740.32224446,0.29256334
740.55888732,0.28269869
740.79554087,0.26796388
741.03220509,0.26048249
741.26887998,0.24425555
741.50556555,0.23816267
741.74226178,0.23001812
741.97896868,0.22904409
742.21568624,0.22423610
742.45241446,0.20718020
742.68915333,0.19659020
742.92590286,0.20284887
743.16266304,0.19930505
743.39943387,0.19298421
743.63621535,0.19138846
743.87300747,0.18888085
744.10981023,0.18073629
744.34662363,0.17356577
744.58344766,0.18139946
744.82028232,0.18421793
745.05712761,0.18405214
745.29398353,0.18206263
745.53085007,0.17393880
745.76772724,0.17209436
746.00461502,0.16774230
746.24151341,0.16635379
746.47842242,0.16106915
746.71534204,0.16084119
746.95227227,0.15667565
747.18921310,0.16088264
747.42616453,0.15822996
747.66312656,0.16556628
747.90009918,0.16249911
748.13708240,0.17319273
748.37407621,0.17949285
748.61108061,0.17727537
748.84809559,0.17219798
749.08512115,0.17201146
749.32215730,0.17364866
749.55920401,0.17290260
749.79626131,0.17696451
750.03332917,0.18034253
750.27040760,0.18378273
750.50749660,0.19167860
750.74459616,0.19540893
750.98170628,0.19198946
751.21882695,0.19710830
751.45595818,0.19321218
751.69309997,0.20175049
751.93025230,0.18649758
752.16741517,0.18560645
752.40458859,0.18094353
752.64177256,0.17501645
752.87896705,0.17781420
753.11617209,0.17860171
753.35338765,0.18156525
753.59061374,0.18102643
753.82785037,0.18614527
754.06509751,0.19337797
754.30235518,0.20168832
754.53962336,0.20881740
754.77690206,0.22017419
755.01419127,0.22210152
755.25149099,0.23113722
755.48880122,0.23296093
755.72612195,0.24017291
755.96345319,0.24112621
756.20079492,0.23704357
756.43814715,0.22947929
756.67550987,0.23016318
756.91288309,0.22508579
757.15026679,0.22651575
757.38766097,0.22492000
757.62506564,0.21474448
757.86248079,0.21403986
758.09990641,0.20427883
758.33734251,0.20952202
758.57478908,0.20575024
758.81224612,0.21088980
759.04971362,0.19953302
759.28719159,0.20270380
759.52468001,0.18452880
759.76217889,0.18819695
759.99968823,0.17988660
760.23720802,0.17487138
760.47473826,0.16562845
760.71227894,0.16233332
760.94983007,0.16318301
761.18739164,0.15831285
761.42496364,0.14902847
761.66254608,0.15721448
761.90013895,0.15883096
762.13774226,0.16421921
762.37535598,0.15650986
762.61298014,0.15912109
762.85061471,0.15910037
763.08825970,0.16490311
763.32591511,0.16531759
763.56358093,0.16879923
763.80125716,0.17360721
764.03894380,0.18013529
764.27664084,0.18869433
764.51434829,0.19279770
764.75206613,0.20492127
764.98979437,0.20684861
765.22753300,0.20506634
765.46528203,0.20458969
765.70304144,0.20657920
765.94081124,0.20237221
766.17859142,0.21511751
766.41638197,0.21810178
766.65418291,0.21310728
766.89199422,0.21835047
767.12981590,0.20805061
767.36764795,0.20742889
767.60549036,0.20262090
767.84334314,0.20838219
768.08120628,0.19580269
768.31907977,0.19368883
768.55696362,0.19315001
768.79485782,0.18626962
769.03276238,0.17949285
769.27067727,0.18173105
769.50860251,0.17257101
769.74653809,0.18475676
769.98448401,0.18486038
770.22244027,0.17943068
770.46040685,0.19116050
770.69838377,0.19215525
770.93637101,0.19058022
771.17436858,0.19296349
771.41237647,0.20604037
771.65039468,0.20483838
771.88842320,0.20000967
772.12646204,0.20817495
772.36451118,0.20195773
772.60257064,0.19659020
772.84064039,0.18693279
773.07872045,0.18716075
773.31681081,0.18515052
773.55491147,0.17729610
773.79302242,0.18081919
774.03114366,0.17530659
774.26927519,0.17748261
774.50741700,0.16687189
774.74556910,0.16674755
774.98373147,0.17031209
775.22190413,0.17385590
775.46008705,0.17298549
775.69828025,0.17814578
775.93648372,0.18028036
776.17469745,0.18171032
776.41292145,0.17876751
776.65115570,0.18021819
776.88940022,0.17812506
777.12765499,0.17381445
777.36592001,0.17207363
777.60419528,0.16428138
777.84248079,0.16446790
778.08077655,0.15907964
778.31908256,0.15153608
778.55739879,0.14177505
778.79572527,0.14030364
779.03406198,0.14061450
779.27240891,0.13342325
779.51076608,0.12478132
779.74913346,0.12556883
779.98751107,0.12774486
780.22589890,0.14154709
780.46429695,0.12109243
780.70270520,0.12103026
780.94112367,0.11862627
781.17955235,0.12724748
781.41799123,0.12088519
781.65644031,0.12223226
781.89489959,0.12030492
782.13336907,0.12212864
782.37184874,0.11284426
782.61033861,0.12051216
782.84883866,0.12287470
783.08734890,0.11524825
783.32586931,0.11804600
783.56439991,0.12113388
783.80294069,0.11251267
784.04149164,0.12266746
784.28005276,0.12558956
784.51862406,0.13935034
784.75720551,0.14618928
784.99579713,0.14529814
785.23439891,0.14975382
785.47301085,0.15381573
785.71163295,0.15754606
785.95026519,0.16361821
786.18890759,0.16125567
786.42756013,0.16297577
786.66622282,0.15273808
786.90489564,0.16146291
787.14357861,0.14898703
787.38227171,0.15180550
787.62097494,0.14314284
787.85968831,0.14560900
788.09841180,0.13970264
788.33714541,0.13456308
788.57588915,0.12956858
788.81464301,0.13095709
789.05340698,0.12772414
789.29218106,0.12536159
789.53096526,0.12743400
789.76975956,0.12397308
790.00856397,0.12258457
790.24737848,0.12954785
790.48620309,0.12330991
790.72503780,0.12915410
790.96388260,0.12979654
791.20273749,0.13578580
791.44160247,0.12627345
791.68047754,0.12409742
791.91936269,0.12142402
792.15825792,0.12279181
792.39716323,0.12304050
792.63607861,0.11555911
792.87500406,0.11085475
793.11393958,0.12057433
793.35288517,0.11692690
793.59184082,0.11759007
793.83080653,0.10903103
794.06978230,0.11454363
794.30876813,0.12227371
794.54776401,0.11417060
794.78676993,0.11321729
795.02578591,0.12152764
795.26481193,0.11889568
795.50384798,0.11690617
795.74289408,0.11931016
795.98195022,0.12192140
796.22101638,0.12225298
796.46009258,0.11926872
796.69917880,0.12235660
796.93827505,0.12005623
797.17738132,0.12071940
797.41649761,0.12604549
797.65562392,0.13280153
797.89476024,0.13321601
798.13390657,0.13615883
798.37306290,0.13746445
798.61222925,0.12774486
798.85140559,0.13588942
799.09059194,0.13431439
799.32978828,0.14981599
799.56899462,0.13657331
799.80821094,0.14668665
800.04743726,0.14633434
800.28667356,0.14525669
800.52591985,0.14822023
800.76517611,0.15595031
801.00444236,0.16063395
801.24371857,0.16084119
801.48300476,0.16689262
801.72230092,0.16407414
801.96160705,0.16444718
802.20092314,0.16908937
802.44024919,0.17342070
802.67958519,0.17858099
802.91893116,0.18637324
803.15828707,0.18693279
803.39765294,0.18788609
803.63702875,0.20065212
803.87641450,0.19603065
804.11581020,0.19710830
804.35521584,0.19288059
804.59463141,0.19109832
804.83405692,0.18873578
805.07349235,0.19016574
805.31293772,0.18803116
805.55239300,0.18861144
805.79185821,0.18343042
806.03133334,0.18550283
806.27081839,0.17476776
806.51031335,0.16662320
806.74981822,0.16879923
806.98933300,0.16394980
807.22885768,0.15599176
807.46839227,0.15238577
807.70793675,0.14473859
807.94749114,0.14544321
808.18705542,0.13760951
808.42662959,0.13891513
808.66621364,0.13336108
808.90580759,0.13074985
809.14541141,0.12809717
809.38502512,0.12295760
809.62464871,0.12308194
809.86428217,0.12730965
810.10392550,0.12080230
810.34357870,0.11118633
810.58324177,0.11388046
810.82291470,0.10552866
811.06259749,0.09842031
811.30229015,0.09510446
811.54199265,0.09185078
811.78170501,0.08267002
812.02142722,0.07651497
812.26115928,0.07147902
812.50090118,0.07015268
812.74065292,0.06387329
812.98041450,0.06043310
813.22018592,0.06555194
813.45996717,0.05442312
813.69975825,0.05266157
813.93955916,0.05311750
814.17936989,0.05301388
814.41919045,0.04837169
814.65902083,0.05230927
814.89886102,0.04638218
815.13871102,0.04578118
815.37857084,0.04586408
815.61844047,0.04901414
815.85831990,0.05079641
816.09820913,0.05040265
816.33810817,0.04731477
816.57801700,0.04520091
816.81793562,0.04602987
817.05786404,0.04600915
817.29780225,0.03680767
817.53775024,0.03726359
817.77770801,0.03738794
818.01767557,0.03191679
818.25765290,0.03272502
818.49764001,0.03257996
818.73763689,0.03264213
818.97764354,0.02862166
819.21765996,0.02696373
819.45768614,0.02567884
819.69772209,0.02424888
819.93776779,0.02085014
820.17782324,0.02136824
820.41788845,0.02364788
820.65796341,0.01906787
820.89804812,0.01309934
821.13814257,0.01832180
821.37824677,0.02008335
821.61836070,0.02006262
821.85848437,0.01991755
822.09861777,0.02659070
822.33876090,0.02855949
822.57891376,0.03077696
822.81907635,0.03834125
823.05924866,0.04430978
823.29943069,0.05156320
823.53962243,0.06331374
823.77982389,0.08024530
824.02003506,0.09386101
824.26025594,0.11514463
824.50048652,0.13108143
824.74072681,0.13626245
824.98097680,0.15568090
825.22123648,0.15926616
825.46150586,0.18125439
825.70178493,0.18305739
825.94207369,0.18581369
826.18237214,0.19466286
826.42268027,0.20639268
826.66299808,0.20672427
826.90332557,0.21920015
827.14366273,0.21505534
827.38400957,0.21700340
827.62436608,0.21379117
827.86473225,0.21497245
828.10510809,0.21671327
828.34549359,0.21855771
828.58588874,0.22083736
828.82629356,0.22498217
829.06670802,0.22228804
829.30713214,0.22483710
829.54756590,0.21350104
829.78800931,0.22019491
830.02846236,0.22425683
830.26892505,0.22009129
830.50939738,0.22655720
830.74987934,0.22050577
830.99037093,0.21636096
831.23087215,0.21982188
831.47138299,0.21770802
831.71190346,0.21677544
831.95243355,0.21265135
832.19297325,0.20956346
832.43352257,0.20566734
832.67408150,0.20670354
832.91465003,0.20465186
833.15522818,0.19339869
833.39581592,0.19381318
833.63641327,0.19727409
833.87702022,0.18591731
834.11763676,0.17737899
834.35826289,0.17350359
834.59889861,0.16911009
834.83954392,0.15456180
835.08019881,0.15201274
835.32086328,0.14185795
835.56153733,0.14243822
835.80222095,0.13157881
836.04291415,0.11839831
836.28361692,0.11464725
836.52432926,0.10695862
836.76505116,0.10144602
837.00578262,0.10248222
837.24652364,0.09419260
837.48727421,0.08824479
837.72803434,0.08115716
837.96880402,0.08132296
838.20958325,0.07769624
838.45037202,0.08053544
838.69117033,0.07983082
838.93197819,0.07999662
839.17279558,0.07966503
839.41362250,0.08536415
839.65445896,0.08405853
839.89530494,0.08868000
840.13616045,0.08826552
840.37702548,0.08963330
840.61790003,0.09566401
840.85878410,0.10295888
841.09967768,0.09752917
841.34058078,0.10043054
841.58149338,0.10208847
841.82241549,0.10150819
842.06334710,0.10200557
842.30428821,0.10065851
842.54523883,0.10341481
842.78619893,0.10380856
843.02716853,0.09446201
843.26814762,0.09431694
843.50913619,0.09033792
843.75013425,0.09116689
843.99114179,0.08749873
844.23215881,0.08861783
844.47318530,0.08407926
844.71422127,0.09114616
844.95526670,0.08569573
845.19632161,0.08592370
845.43738597,0.07844231
845.67845980,0.08260785
845.91954309,0.08155092
846.16063584,0.07775842
846.40173803,0.07205930
846.64284968,0.07610049
846.88397078,0.06984182
847.12510132,0.07382084
847.36624130,0.07143758
847.60739073,0.06990400
847.84854959,0.07075368
848.08971788,0.07131323
848.33089561,0.07203857
848.57208276,0.07668076
848.81327934,0.08146802
849.05448534,0.08497039
849.29570076,0.08822407
849.53692560,0.10150819
849.77815986,0.10355988
850.01940353,0.11095837
850.26065660,0.11512390
850.50191908,0.12154836
850.74319097,0.12503001
850.98447225,0.12873961
851.22576294,0.13441801
851.46706301,0.13479104
851.70837248,0.13802400
851.94969135,0.14716331
852.19101959,0.14647941
852.43235722,0.16656103
852.67370424,0.16494455
852.91506063,0.17240522
853.15642640,0.17959647
853.39780154,0.17949285
853.63918605,0.18622817
853.88057992,0.19812378
854.12198317,0.19501517
854.36339577,0.20139818
854.60481773,0.20021691
854.84624905,0.20313900
855.08768973,0.20137746
855.32913975,0.19760568
855.57059912,0.19022791
855.81206784,0.20189556
856.05354590,0.19428983
856.29503330,0.19256973
856.53653004,0.18378273
856.77803611,0.18314028
857.01955151,0.17592831
857.26107624,0.20351204
857.50261030,0.17182494
857.74415367,0.17020847
857.98570637,0.15338053
858.22726839,0.15816779
858.46883972,0.15396080
858.71042037,0.15769113
858.95201032,0.15505918
859.19360958,0.15686217
859.43521814,0.15379501
859.67683601,0.15261374
859.91846317,0.16627089
860.16009963,0.14320501
860.40174538,0.14044871
860.64340042,0.13922599
860.88506474,0.13841775
861.12673835,0.13611738
861.36842125,0.12747545
861.61011342,0.12969292
861.85181487,0.12751689
862.09352559,0.12583825
862.33524558,0.12206647
862.57697484,0.12210791
862.81871336,0.12266746
863.06046114,0.12540304
863.30221819,0.12069868
863.54398449,0.12699879
863.78576004,0.11541404
864.02754485,0.11218109
864.26933890,0.10679283
864.51114220,0.10915537
864.75295474,0.11054389
864.99477653,0.11433639
865.23660755,0.10921755
865.47844780,0.10536287
865.72029728,0.10552866
865.96215600,0.10293815
866.20402394,0.09991244
866.44590110,0.09819234
866.68778748,0.08899086
866.92968308,0.09897986
867.17158790,0.09647225
867.41350193,0.09450346
867.65542516,0.09286626
867.89735761,0.09999534
868.13929926,0.09725976
868.38125011,0.10221281
868.62321015,0.10200557
868.86517940,0.10565301
869.10715783,0.10018185
869.34914546,0.10716586
869.59114227,0.10853365
869.83314827,0.10840931
870.07516344,0.10857510
870.31718780,0.10519708
870.55922133,0.11359032
870.80126404,0.11095837
871.04331592,0.10658559
871.28537696,0.10420232
871.52744717,0.09757062
871.76952655,0.10069996
872.01161508,0.10310395
872.25371277,0.09790221
872.49581961,0.08756090
872.73793560,0.09137413
872.98006075,0.09056589
873.22219503,0.08944679
873.46433846,0.08376839
873.70649103,0.08714642
873.94865274,0.07666004
874.19082358,0.07835941
874.43300356,0.08070123
874.67519266,0.07804855
874.91739089,0.06878490
875.15959824,0.06515819
875.40181471,0.05923110
875.64404031,0.06186306
875.88627501,0.05711725
876.12851883,0.05438167
876.37077176,0.05305533
876.61303379,0.04721115
876.85530493,0.05170827
877.09758517,0.04743911
877.33987451,0.04364661
877.58217294,0.04857893
877.82448047,0.04491077
878.06679709,0.05705508
878.30912279,0.05245433
878.55145758,0.05672349
878.79380145,0.06136568
879.03615440,0.05543860
879.27851643,0.06343809
879.52088753,0.06470226
879.76326770,0.06383184
880.00565694,0.07191423
880.24805524,0.06994544
880.49046260,0.07282609
880.73287903,0.06870200
880.97530451,0.07309550
881.21773905,0.06953096
881.46018264,0.07154120
881.70263527,0.07330274
881.94509695,0.07529225
882.18756768,0.07205930
882.43004744,0.07554094
882.67253625,0.07804855
882.91503409,0.07775842
883.15754095,0.07431822
883.40005685,0.07529225
883.64258178,0.07446329
883.88511573,0.07338564
884.12765869,0.07087803
884.37021068,0.07317840
884.61277168,0.07458763
884.85534170,0.06665032
885.09792072,0.06571773
885.34050876,0.06308578
885.58310579,0.06499239
885.82571183,0.06405981
886.06832686,0.06037093
886.31095090,0.06501312
886.55358392,0.05970776
886.79622594,0.05568729
887.03887694,0.05562512
887.28153693,0.05717942
887.52420589,0.05950052
887.76688384,0.05649553
888.00957077,0.05241289
888.25226667,0.04573974
888.49497154,0.04907631
888.73768537,0.04876545
888.98040818,0.04451702
889.22313994,0.04422688
889.46588067,0.04573974
889.70863035,0.04068307
889.95138899,0.04095248
890.19415657,0.04064162
890.43693311,0.03722215
890.67971859,0.03415498
890.92251302,0.03073551
891.16531639,0.02949207
891.40812869,0.02586536
891.65094993,0.02694301
891.89378010,0.02644563
892.13661920,0.02288109
892.37946723,0.02605188
892.62232418,0.02383440
892.86519005,0.03019669
893.10806484,0.02497422
893.35094854,0.03295299
893.59384116,0.02775125
893.83674269,0.03604087
894.07965312,0.03137796
894.32257246,0.03425861
894.56550070,0.03678694
894.80843784,0.04621639
895.05138388,0.04165710
895.29433881,0.04704535
895.53730263,0.04385385
895.78027533,0.04857893
896.02325692,0.04600915
896.26624740,0.04963586
896.50924675,0.05137668
896.75225498,0.05705508
896.99527208,0.05152175
897.23829806,0.05521063
897.48133290,0.05931400
897.72437661,0.05556294
897.96742918,0.05212275
898.21049061,0.05407081
898.45356090,0.05208130
898.69664005,0.05699290
898.93972804,0.05338692
899.18282488,0.05896169
899.42593057,0.05693073
899.66904511,0.05616394
899.91216848,0.05852648
900.15530069,0.05813273
900.39844174,0.06117916
900.64159162,0.05854721
900.88475033,0.05937617
901.12791786,0.06750000
901.37109422,0.06594570
901.61427940,0.06868128
901.85747340,0.06988327
902.10067621,0.07353071
902.34388784,0.08121933
902.58710827,0.08070123
902.83033752,0.07616266
903.07357557,0.08186178
903.31682242,0.07914693
903.56007807,0.07999662
903.80334251,0.08142658
904.04661575,0.08003806
904.28989778,0.08540560
904.53318860,0.09185078
904.77648820,0.08378912
905.01979659,0.09031720
905.26311375,0.09017213
905.50643969,0.09413043
905.74977441,0.09145702
905.99311789,0.09307350
906.23647015,0.09338436
906.47983117,0.09572618
906.72320095,0.08416215
906.96657950,0.09120833
907.20996680,0.08360260
907.45336285,0.08923955
907.69676766,0.08673194
907.94018122,0.09232743
908.18360352,0.08751945
908.42703457,0.09183006
908.67047435,0.08267002
908.91392288,0.08439012
909.15738014,0.08509473
909.40084613,0.07817290
909.64432085,0.07860810
909.88780430,0.08194468
910.13129648,0.07844231
910.37479737,0.08124006
910.61830699,0.07496067
910.86182531,0.07500212
911.10535236,0.07152047
911.34888811,0.07489850
911.59243257,0.06633946
911.83598573,0.07050499
912.07954760,0.06725132
912.32311816,0.06868128
912.56669743,0.07444257
912.81028538,0.06882634
913.05388203,0.06756218
913.29748736,0.07406953
913.54110138,0.06884707
913.78472408,0.07170699
914.02835547,0.07172771
914.27199552,0.07487777
914.51564426,0.06938589
914.75930166,0.07152047
915.00296774,0.07452546
915.24664247,0.07570673
915.49032588,0.07541660
915.73401794,0.07572746
915.97771866,0.07581035
916.22142803,0.08262857
916.46514606,0.08606877
916.70887274,0.08733293
916.95260806,0.08022458
917.19635202,0.09379884
917.44010463,0.09226526
917.68386588,0.09491794
917.92763576,0.09910420
918.17141427,0.10983927
918.41520141,0.11410842
918.65899718,0.11535187
918.90280158,0.12277108
919.14661459,0.13222126
919.39043623,0.14113260
919.63426648,0.14650014
919.87810534,0.15190912
920.12195281,0.15868589
920.36580890,0.15087291
920.60967358,0.16129712
920.85354687,0.16117277
921.09742876,0.16030236
921.34131924,0.15530786
921.58521832,0.16432283
921.82912599,0.15920399
922.07304225,0.16011585
922.31696709,0.15236505
922.56090052,0.15172260
922.80484252,0.14343298
923.04879310,0.13617955
923.29275226,0.12818006
923.53671999,0.12134112
923.78069629,0.10625400
924.02468115,0.10664776
924.26867458,0.09212019
924.51267656,0.08378912
924.75668711,0.07916765
925.00070621,0.07732321
925.24473386,0.06961386
925.48877006,0.06922010
925.73281481,0.06600787
925.97686810,0.06107554
926.22092994,0.05697218
926.46500031,0.05635046
926.70907921,0.04895197
926.95316665,0.04783287
927.19726262,0.04358443
927.44136712,0.04319068
927.68548014,0.04047582
927.92960168,0.04086958
928.17373175,0.03369906
928.41787032,0.03583363
928.66201741,0.03452802
928.90617302,0.02965786
929.15033713,0.03036248
929.39450974,0.02980293
929.63869086,0.03069407
929.88288047,0.02922266
930.12707859,0.03079769
930.37128520,0.03477671
930.61550029,0.03050755
930.85972388,0.03357471
931.10395595,0.03195823
931.34819651,0.03123289
931.59244554,0.03342964
931.83670306,0.03212403
932.08096904,0.03703563
932.32524350,0.04140841
932.56952643,0.04147058
932.81381782,0.04777070
933.05811768,0.03914948
933.30242600,0.05065134
933.54674278,0.04787432
933.79106801,0.05197768
934.03540169,0.05197768
934.27974382,0.05543860
934.52409440,0.06012224
934.76845343,0.06078541
935.01282089,0.05674421
935.25719680,0.05863010
935.50158114,0.05728304
935.74597391,0.05701363
935.99037511,0.05407081
936.23478474,0.05514846
936.47920279,0.05786331
936.72362927,0.07000762
936.96806417,0.06043310
937.21250748,0.06723059
937.45695920,0.06439139
937.70141934,0.06105482
937.94588788,0.05981138
938.19036483,0.06138641
938.43485019,0.06403909
938.67934394,0.06383184
938.92384608,0.06223609
939.16835663,0.06242261
939.41287556,0.06372822
939.65740288,0.06727204
939.90193859,0.05906531
940.14648268,0.05966631
940.39103515,0.05784259
940.63559600,0.05759390
940.88016523,0.05533498
941.12474282,0.05821562
941.36932879,0.05407081
941.61392312,0.05699290
941.85852581,0.05670277
942.10313687,0.05550077
942.34775628,0.05137668
942.59238405,0.04998817
942.83702017,0.05069279
943.08166464,0.05222637
943.32631746,0.05390502
943.57097862,0.05048555
943.81564813,0.04934572
944.06032597,0.05129379
944.30501215,0.04857893
944.54970666,0.05021613
944.79440950,0.04687956
945.03912067,0.04862038
945.28384016,0.05247506
945.52856798,0.04669304
945.77330412,0.04582263
946.01804857,0.03958469
946.26280133,0.03844487
946.50756241,0.04161565
946.75233179,0.04271402
946.99710948,0.03995772
947.24189548,0.04308706
947.48668977,0.03985410
947.73149236,0.04068307
947.97630324,0.04014424
948.22112242,0.04136696
948.46594988,0.04107682
948.71078563,0.03753301
948.95562966,0.04719042
949.20048198,0.03774025
949.44534257,0.03873500
949.69021144,0.03792676
949.93508857,0.04203013
950.17997398,0.03977121
950.42486766,0.03935673
950.66976959,0.04598843
950.91467979,0.04086958
951.15959825,0.04203013
951.40452496,0.04124261
951.64945993,0.03964686
951.89440314,0.04482788
952.13935461,0.03803038
952.38431431,0.03707708
952.62928226,0.03270430
952.87425845,0.03456947
953.11924287,0.03624812
953.36423553,0.03475598
953.60923642,0.02961641
953.85424553,0.03214475
954.09926287,0.02967859
954.34428843,0.02777197
954.58932222,0.02574101
954.83436421,0.02849732
955.07941443,0.02588608
955.32447285,0.02198996
955.56953948,0.02565812
955.81461432,0.02675649
956.05969736,0.02151331
956.30478860,0.01647736
956.54988803,0.02018697
956.79499567,0.01921293
957.04011149,0.02109882
957.28523550,0.01471581
957.53036770,0.01581419
957.77550808,0.01653953
958.02065664,0.01629084
958.26581338,0.01556550
958.51097830,0.01656025
958.75615139,0.01494378
959.00133264,0.01740994
959.24652207,0.01305789
959.49171965,0.01815601
959.73692540,0.01597998
959.98213931,0.01643591
960.22736137,0.01581419
960.47259159,0.01925438
960.71782995,0.05307606
960.96307647,0.02161693
961.20833112,0.02364788
961.45359392,0.02864238
961.69886486,0.02766835
961.94414394,0.02764763
962.18943115,0.03216547
962.43472648,0.02882890
962.68002995,0.03222765
962.92534154,0.03100493
963.17066126,0.02843514
963.41598909,0.03125362
963.66132504,0.03309806
963.90666911,0.03139868
964.15202128,0.03318095
964.39738157,0.03865211
964.64274996,0.03811328
964.88812645,0.04277620
965.13351104,0.03405136
965.37890374,0.04091103
965.62430452,0.04207158
965.86971340,0.04047582
966.11513036,0.04362588
966.36055542,0.04107682
966.60598855,0.04493150
966.85142977,0.04304561
967.09687907,0.04109755
967.34233644,0.04360516
967.58780188,0.04422688
967.83327539,0.04343937
968.07875697,0.04947007
968.32424661,0.05821562
968.56974432,0.04988455
968.81525008,0.04857893
969.06076390,0.04911776
969.30628577,0.04940790
969.55181570,0.05452674
969.79735367,0.05761463
970.04289968,0.04955296
970.28845374,0.05179116
970.53401583,0.05280664
970.77958597,0.05811200
971.02516413,0.05050627
971.27075033,0.05409153
971.51634455,0.05121089
971.76194680,0.05701363
972.00755708,0.05630901
972.25317537,0.06026731
972.49880168,0.05898241
972.74443600,0.05744883
972.99007834,0.05568729
973.23572868,0.06006007
973.48138703,0.06495094
973.72705338,0.06422560
973.97272774,0.06633946
974.21841009,0.06901286
974.46410043,0.07243233
974.70979877,0.07239088
974.95550510,0.06669177
975.20121941,0.07123034
975.44694171,0.06770724
975.69267199,0.06758290
975.93841024,0.06617366
976.18415647,0.07610049
976.42991068,0.07112672
976.67567285,0.06814245
976.92144299,0.06260913
977.16722110,0.05974920
977.41300717,0.06385257
977.65880119,0.06039165
977.90460317,0.05311750
978.15041311,0.06192523
978.39623099,0.05597742
978.64205683,0.05722087
978.88789061,0.05500339
979.13373233,0.05730376
979.37958199,0.05027831
979.62543958,0.04888979
979.87130511,0.05181189
980.11717857,0.05168754
980.36305996,0.04640291
980.60894928,0.04830952
980.85484651,0.04370878
981.10075167,0.04766707
981.34666475,0.04489005
981.59258573,0.04393674
981.83851463,0.03970903
982.08445144,0.04182289
982.33039616,0.03979193
982.57634878,0.03566784
982.82230930,0.03794749
983.06827771,0.03782314
983.31425403,0.03742939
983.56023823,0.03477671
983.80623032,0.03502540
984.05223031,0.02793777
984.29823817,0.03112927
984.54425391,0.03193751
984.79027754,0.02652853
985.03630904,0.03009307
985.28234841,0.02791704
985.52839565,0.03309806
985.77445076,0.02974076
986.02051374,0.03599943
986.26658457,0.03036248
986.51266327,0.03792676
986.75874982,0.03359544
987.00484422,0.03728432
987.25094647,0.04190578
987.49705658,0.03952252
987.74317452,0.03815473
987.98930031,0.04165710
988.23543394,0.04319068
988.48157541,0.04343937
988.72772471,0.04702463
988.97388184,0.04849604
989.22004680,0.04240316
989.46621959,0.04996745
989.71240020,0.04416471
989.95858862,0.04961514
990.20478487,0.04518019
990.45098893,0.05467181
990.69720080,0.04708680
990.94342048,0.04735621
991.18964797,0.04198868
991.43588326,0.04723187
991.68212635,0.04014424
991.92837724,0.04424760
992.17463593,0.04153275
992.42090240,0.04319068
992.66717667,0.03475598
992.91345872,0.03508757
993.15974856,0.03345037
993.40604618,0.03324313
993.65235158,0.02974076
993.89866475,0.03137796
994.14498570,0.03061117
994.39131441,0.03044538
994.63765090,0.03274575
994.88399515,0.02878745
995.13034716,0.03094275
995.37670693,0.02982366
995.62307445,0.02872528
995.86944973,0.02056000
996.11583276,0.02310906
996.36222354,0.02611405
996.60862206,0.02360644
996.85502833,0.02779270
997.10144233,0.02337847
997.34786408,0.02101593
997.59429355,0.02058072
997.84073076,0.02099520
998.08717570,0.01620795
998.33362836,0.01664315
998.58008875,0.01305789
998.82655685,0.01672605
999.07303267,0.02501567
999.31951621,0.02008335
999.56600746,0.01394902
999.81250642,0.01457074
1000.05901309,0.01361744
1000.30552746,0.01419771
1000.55204953,0.01245689
1000.79857929,0.01755501
1001.04511676,0.01513029
1001.29166191,0.01939945
1001.53821476,0.01032231
1001.78477529,0.01624939
1002.03134351,0.01498523
1002.27791941,0.01776225
1002.52450299,0.01757573
1002.77109424,0.01674677
1003.01769317,0.01229110
1003.26429976,0.01730632
1003.51091403,0.01365889
1003.75753596,0.01473654
1004.00416555,0.01475726
1004.25080280,0.02254951
1004.49744771,0.01782442
1004.74410027,0.01500595
1004.99076048,0.01510957
1005.23742834,0.01821818
1005.48410384,0.01975176
1005.73078699,0.01685039
1005.97747778,0.01714053
1006.22417620,0.01778297
1006.47088226,0.01770008
1006.71759595,0.01848759
1006.96431727,0.02213503
1007.21104622,0.01724415
1007.45778279,0.02033203
1007.70452698,0.01486088
1007.95127879,0.01925438
1008.19803821,0.01892280
1008.44480524,0.02273603
1008.69157988,0.02116100
1008.93836213,0.02333702
1009.18515199,0.01641519
1009.43194944,0.01915076
1009.67875450,0.01954452
1009.92556715,0.01488161
1010.17238739,0.01767935
1010.41921522,0.01927511
1010.66605064,0.01794877
1010.91289364,0.01658098
1011.15974422,0.01504740
1011.40660239,0.01562767
1011.65346813,0.01442568
1011.90034144,0.02273603
1012.14722232,0.01651881
1012.39411078,0.01589708
1012.64100679,0.01823890
1012.88791037,0.01933728
1013.13482151,0.01647736
1013.38174020,0.02026986
1013.62866645,0.02356499
1013.87560025,0.02412454
1014.12254160,0.01991755
1014.36949049,0.02551305
1014.61644693,0.02930555
1014.86341091,0.02339920
1015.11038242,0.02244589
1015.35736147,0.02439395
1015.60434805,0.02358571
1015.85134216,0.02257023
1016.09834379,0.02107810
1016.34535295,0.02215575
1016.59236963,0.02035276
1016.83939383,0.02099520
1017.08642554,0.02068434
1017.33346476,0.01991755
1017.58051150,0.01811456
1017.82756574,0.01535826
1018.07462748,0.01336875
1018.32169673,0.01629084
1018.56877347,0.01444640
1018.81585771,0.01875701
1019.06294945,0.01440495
1019.31004867,0.00860221
1019.55715538,0.00953480
1019.80426957,0.01537898
1020.05139125,0.01726487
1020.29852041,0.01442568
1020.54565704,0.00988711
1020.79280114,0.00999073
1021.03995272,0.00818773
1021.28711177,0.01486088
1021.53427828,0.00930683
1021.78145225,0.01434278
1022.02863368,0.00845715
1022.27582257,0.00607388
1022.52301891,0.01305789
1022.77022270,0.01042593
1023.01743395,0.00988711
1023.26465263,0.00976276
1023.51187876,0.00391858
1023.75911234,0.00785615
1024.00635335,0.00512057
1024.25360179,0.00860221
1024.50085766,0.00516202
1024.74812097,0.00795977
1024.99539170,0.00646764
1025.24266985,0.00994928
1025.48995543,0.00385640
1025.73724842,0.00514129
1025.98454883,0.00907887
1026.23185665,0.00451957
1026.47917188,0.00458175
1026.72649452,0.00903742
1026.97382456,0.00762818
1027.22116200,0.00194979
1027.46850685,0.00456102
1027.71585908,0.00574229
1027.96321872,0.00516202
1028.21058574,0.00451957
1028.45796014,-0.01152085
1028.70534194,-0.01017379
1028.95273111,-0.01247416
1029.20012767,-0.01040175
1029.44753160,-0.01127216
1029.69494290,-0.01203895
