198.80933475,0.00686621
199.01143578,0.00796618
199.21355429,0.00161537
199.41569028,-0.00037704
199.61784374,0.00142859
199.82001468,0.00271535
200.02220309,0.00578698
200.22440896,0.00209272
200.42663230,0.00111727
200.62887310,-0.00000346
200.83113136,0.00427192
201.03340708,0.00016258
201.23570025,0.00296440
201.43801087,0.00676244
201.64033894,0.00630584
201.84268445,0.00462475
202.04504741,0.00219649
202.24742780,0.00302667
202.44982564,0.00331723
202.65224090,-0.00255624
202.85467360,0.00541341
203.05712372,0.00479078
203.25959128,-0.00160154
203.46207625,0.00460399
203.66457864,0.00209272
203.86709846,0.00474927
204.06963568,0.00595302
204.27219032,0.00277761
204.47476237,0.00203046
204.67735182,0.00188518
204.87995868,0.01180573
205.08258293,0.00533039
205.28522459,0.00254932
205.48788364,0.00304742
205.69056008,0.00246630
205.89325391,0.00740582
206.09596513,0.00225876
206.29869374,0.00898314
206.50143972,0.00638886
206.70420308,0.00236253
206.90698382,0.00327572
207.10978194,0.00165688
207.31259742,0.00651338
207.51543027,0.00001730
207.71828048,0.00308893
207.92114806,0.00217574
208.12403299,0.01022840
208.32693528,0.00157387
208.52985493,0.00232102
208.73279193,-0.00380149
208.93574627,0.00943974
209.13871796,0.00530964
209.34170699,0.00348326
209.54471336,0.00030786
209.74773707,0.00323421
209.95077811,0.00244555
210.15383649,0.00273611
210.35691219,0.00213423
210.56000522,0.00452097
210.76311557,0.00134557
210.96624324,0.00694922
211.16938823,-0.00091665
211.37255053,0.00213423
211.57573015,-0.00056382
211.77892707,0.00400212
211.98214130,0.00242479
212.18537284,0.00122104
212.38862167,0.00147009
212.59188781,0.00184367
212.79517124,0.00053615
212.99847196,-0.00133173
213.20178997,0.00412664
213.40512527,0.00499832
213.60847785,0.00203046
213.81184772,0.00144934
214.01523486,-0.00114494
214.21863928,0.00402287
214.42206097,0.00508134
214.62549993,0.00286063
214.82895616,-0.00133173
215.03242966,0.00273611
215.23592042,-0.00021100
215.43942843,0.00296440
215.64295370,0.00200971
215.84649623,0.00387759
216.05005601,0.00705300
216.25363303,0.00418891
216.45722731,0.00267384
216.66083882,-0.00205813
216.86446757,0.00248705
217.06811356,-0.00062609
217.27177679,0.00462475
217.47545724,0.00335873
217.67915493,-0.00008648
217.88286984,0.00362854
218.08660198,0.00420966
218.29035133,0.00788317
218.49411790,0.00721903
218.69790169,0.00128331
218.90170269,0.00379457
219.10552090,0.00680394
219.30935632,0.00533039
219.51320894,0.00200971
219.71707876,0.00045314
219.92096578,0.00557944
220.12486999,0.00138708
220.32879140,0.00443796
220.53272999,0.00041163
220.73668578,0.00433419
220.94065875,0.00555869
221.14464890,0.00049464
221.34865623,0.00132481
221.55268073,0.00238328
221.75672241,0.00136632
221.96078126,0.00001730
222.16485728,-0.00099966
222.36895046,0.00095124
222.57306080,0.00360779
222.77718831,0.00246630
222.98133297,-0.00257699
223.18549478,0.00466625
223.38967375,0.00103425
223.59386986,0.00030786
223.79808312,0.00155311
224.00231352,0.00429268
224.20656106,0.00696998
224.41082574,0.00435494
224.61510756,0.00813222
224.81940650,-0.00021100
225.02372258,-0.00077137
225.22805578,0.00188518
225.43240610,-0.00259774
225.63677355,0.00464550
225.84115811,-0.00112419
226.04555979,0.00163613
226.24997858,-0.00046005
226.45441448,0.00232102
226.65886748,0.00670017
226.86333759,0.00244555
227.06782480,0.00261158
227.27232911,0.00165688
227.47685052,0.00010031
227.68138902,0.00425117
227.88594461,-0.00112419
228.09051728,0.00300591
228.29510704,0.00485304
228.49971389,0.00570397
228.70433781,0.00682470
228.90897881,0.00439645
229.11363688,0.00120029
229.31831202,0.00470776
229.52300423,0.00288139
229.72771350,0.00184367
229.93243984,0.00132481
230.13718324,0.00225876
230.34194369,0.00188518
230.54672120,0.00736431
230.75151576,0.00248705
230.95632737,0.00740582
231.16115602,0.00045314
231.36600172,-0.00120721
231.57086446,0.00109652
231.77574423,0.00227951
231.98064104,-0.00241096
232.18555488,0.00136632
232.39048575,0.00477003
232.59543365,0.00030786
232.80039857,0.00084747
233.00538051,0.00460399
233.21037947,0.00369080
233.41539544,0.01853011
233.62042843,0.00178141
233.82547842,0.00149085
234.03054543,0.00607754
234.23562943,0.00124180
234.44073044,0.00277761
234.64584845,0.00570397
234.85098345,0.00074370
235.05613545,0.00362854
235.26130444,0.00300591
235.46649041,0.00155311
235.67169337,0.00466625
235.87691331,0.00794543
236.08215023,-0.00033553
236.28740413,0.00510209
236.49267500,0.00155311
236.69796284,0.00003805
236.90326765,0.00410589
237.10858942,0.00265309
237.31392816,0.00572472
237.51928386,0.00661716
237.72465651,0.00153236
237.93004612,0.00107576
238.13545268,0.00126255
238.34087619,0.00468701
238.54631664,0.00215499
238.75177404,0.00132481
238.95724838,-0.00203738
239.16273965,0.00215499
239.36824786,0.00503983
239.57377300,0.00149085
239.77931508,0.00576623
239.98487407,0.00275686
240.19045000,0.00628509
240.39604284,0.00418891
240.60165260,-0.00139400
240.80727928,0.00120029
241.01292287,0.00331723
241.21858337,0.00479078
241.42426077,0.00252856
241.62995508,0.00385684
241.83566630,-0.00075061
242.04139441,0.00277761
242.24713941,0.00221725
242.45290131,0.00072294
242.65868010,0.00304742
242.86447578,0.00066068
243.07028835,0.00468701
243.27611779,0.00802845
243.48196412,0.00450022
243.68782732,0.00026635
243.89370739,0.00161537
244.09960434,-0.00079212
244.30551816,0.00508134
244.51144884,0.00271535
244.71739638,0.00045314
244.92336078,0.00234177
245.12934204,0.00526813
245.33534016,0.00163613
245.54135512,-0.00126947
245.74738694,0.00132481
245.95343560,0.00198895
246.15950110,0.00651338
246.36558345,0.00271535
246.57168263,0.00261158
246.77779865,0.00406438
246.98393150,0.00369080
247.19008118,0.00161537
247.39624769,0.00470776
247.60243102,0.00348326
247.80863117,0.00516436
248.01484814,0.00310968
248.22108192,0.00296440
248.42733252,-0.00050156
248.63359993,0.00012107
248.83988415,-0.00124872
249.04618517,0.00595302
249.25250299,-0.00046005
249.45883761,-0.00095816
249.66518903,0.00279837
249.87155724,0.00039087
250.07794224,0.00541341
250.28434403,0.00290214
250.49076260,0.00784166
250.69719796,-0.00332414
250.90365009,-0.00087514
251.11011901,-0.00037704
251.31660469,0.00491531
251.52310715,0.00151160
251.72962638,0.00393985
251.93616237,0.00169839
252.14271513,0.00331723
252.34928464,0.00207197
252.55587091,0.00117953
252.76247394,0.00254932
252.96909372,0.00155311
253.17573025,0.00124180
253.38238352,0.00240404
253.58905354,0.00412664
253.79574030,0.00205121
254.00244380,0.00288139
254.20916403,0.00962653
254.41590099,0.00337949
254.62265469,0.00144934
254.82942511,0.00032861
255.03621225,0.00134557
255.24301612,0.00130406
255.44983670,0.00072294
255.65667400,0.00371156
255.86352802,0.00082671
256.07039874,-0.00087514
256.27728617,0.00107576
256.48419031,0.00398136
256.69111115,0.00308893
256.89804868,0.00120029
257.10500292,-0.00099966
257.31197384,0.00346251
257.51896146,0.01047745
257.72596577,-0.00133173
257.93298676,-0.00035628
258.14002443,0.00381533
258.34707878,0.00140783
258.55414981,0.00300591
258.76123752,0.00180216
258.96834190,0.00840202
259.17546294,0.00063992
259.38260065,-0.00068835
259.58975502,-0.00004497
259.79692606,0.00111727
260.00411375,0.00283988
260.21131810,-0.00353169
260.41853909,0.00383608
260.62577674,-0.00014874
260.83303103,0.00487380
261.04030197,-0.00315811
261.24758955,-0.00039779
261.45489377,0.00014182
261.66221462,0.00275686
261.86955210,0.00364929
262.07690622,0.00103425
262.28427696,-0.00272227
262.49166433,-0.00351093
262.69906831,0.00354552
262.90648892,-0.00072986
263.11392614,0.00097199
263.32137998,0.00456248
263.52885042,0.00277761
263.73633747,0.00661716
263.94384113,-0.00085438
264.15136139,0.00335873
264.35889825,0.00831901
264.56645171,0.00410589
264.77402176,0.00134557
264.98160840,0.00460399
265.18921163,0.00084747
265.39683144,-0.00278453
265.60446784,0.00705300
265.81212081,-0.00048081
266.01979037,0.00510209
266.22747650,-0.00016949
266.43517920,0.00184367
266.64289847,-0.00006572
266.85063430,0.00294365
267.05838670,0.00068143
267.26615566,0.00109652
267.47394117,-0.00153928
267.68174324,-0.00166380
267.88956187,0.00425117
268.09739704,0.00290214
268.30524876,0.00420966
268.51311702,0.00686621
268.72100183,-0.00259774
268.92890317,-0.00191285
269.13682105,-0.00322037
269.34475546,-0.00043930
269.55270640,0.00221725
269.76067387,0.00207197
269.96865786,-0.00095816
270.17665838,-0.00203738
270.38467541,0.00254932
270.59270896,0.00273611
270.80075902,0.00030786
271.00882560,0.00213423
271.21690868,0.00192669
271.42500826,0.00159462
271.63312435,0.00223800
271.84125694,0.00244555
272.04940602,0.00643037
272.25757160,0.00163613
272.46575367,0.00184367
272.67395223,0.00163613
272.88216727,-0.00122796
273.09039880,0.00674168
273.29864681,0.00138708
273.50691129,0.00217574
273.71519225,0.00310968
273.92348968,-0.00050156
274.13180358,0.00182292
274.34013395,0.00130406
274.54848077,0.00254932
274.75684406,0.00147009
274.96522381,0.00257007
275.17362001,-0.00099966
275.38203267,0.00427192
275.59046177,0.00248705
275.79890732,0.00072294
276.00736932,0.00109652
276.21584776,-0.00019025
276.42434263,-0.00004497
276.63285394,-0.00475619
276.84138169,0.00120029
277.04992586,0.00306817
277.25848646,0.00113803
277.46706349,0.00196820
277.67565694,-0.00268076
277.88426680,-0.00037704
278.09289309,0.00012107
278.30153578,-0.00108268
278.51019489,0.00487380
278.71887041,0.00093048
278.92756233,0.00522662
279.13627065,0.00344175
279.34499537,0.00445871
279.55373649,0.00501908
279.76249401,0.00900390
279.97126791,0.00501908
280.18005820,-0.00012798
280.38886488,0.00281912
280.59768795,-0.00145626
280.80652739,0.00171915
281.01538321,0.00020408
281.22425540,0.00151160
281.43314397,0.00205121
281.64204891,0.00016258
281.85097021,0.00188518
282.05990788,0.00294365
282.26886190,0.00103425
282.47783229,-0.00176757
282.68681903,0.00398136
282.89582212,0.00066068
283.10484156,0.00313044
283.31387735,0.00032861
283.52292949,0.00039087
283.73199796,0.00039087
283.94108277,0.00450022
284.15018392,-0.00259774
284.35930141,0.00128331
284.56843522,0.00140783
284.77758536,0.00393985
284.98675183,-0.00025251
285.19593461,0.00777940
285.40513372,0.00371156
285.61434914,0.00653414
285.82358088,-0.00417507
286.03282893,-0.00048081
286.24209328,0.00263233
286.45137395,0.00001730
286.66067091,0.00356628
286.86998417,0.00203046
287.07931373,0.00477003
287.28865959,0.00427192
287.49802174,0.00049464
287.70740017,0.00022484
287.91679489,0.00103425
288.12620590,0.00068143
288.33563318,-0.00104117
288.54507675,0.00597377
288.75453658,-0.00093740
288.96401269,-0.00012798
289.17350507,0.00080596
289.38301372,0.00456248
289.59253863,-0.00014874
289.80207980,0.00607754
290.01163723,0.00132481
290.22121091,0.00234177
290.43080085,0.00356628
290.64040703,0.00194744
290.85002947,0.00408513
291.05966815,0.00377382
291.26932307,0.00508134
291.47899422,0.00144934
291.68868162,0.00420966
291.89838525,0.00066068
292.10810511,0.00584925
292.31784119,0.00217574
292.52759350,-0.00037704
292.73736204,0.00310968
292.94714679,0.00147009
293.15694776,0.00016258
293.36676494,0.00134557
293.57659834,0.00221725
293.78644794,-0.00062609
293.99631375,-0.00193361
294.20619576,0.00315119
294.41609397,0.00659640
294.62600838,0.00223800
294.83593898,0.00306817
295.04588578,-0.00004497
295.25584876,-0.00124872
295.46582793,0.00053615
295.67582328,0.00070219
295.88583481,-0.00255624
296.09586253,0.00020408
296.30590641,0.00261158
296.51596647,0.00026635
296.72604270,-0.00153928
296.93613509,0.00443796
297.14624365,-0.00434110
297.35636837,-0.00000346
297.56650925,0.00122104
297.77666629,0.00165688
297.98683947,-0.00251473
298.19702881,0.00223800
298.40723429,0.00188518
298.61745592,0.00242479
298.82769369,0.00393985
299.03794760,0.00603604
299.24821765,0.00010031
299.45850383,0.00389835
299.66880614,0.00117953
299.87912458,-0.00110344
300.08945914,-0.00247322
300.29980983,0.00356628
300.51017663,0.00269460
300.72055955,0.00638886
300.93095859,0.00134557
301.14137374,0.00113803
301.35180499,-0.00216190
301.56225235,-0.00004497
301.77271582,-0.00450714
301.98319538,0.01112083
302.19369105,-0.00446563
302.40420280,-0.00097891
302.61473065,0.00385684
302.82527459,0.00396061
303.03583461,-0.00313736
303.24641072,0.00070219
303.45700291,0.00173990
303.66761117,0.00192669
303.87823552,0.00402287
304.08887593,-0.00048081
304.29953241,-0.00041854
304.51020496,-0.00230718
304.72089358,0.00437569
304.93159825,0.00402287
305.14231899,-0.00129022
305.35305578,0.00331723
305.56380862,0.00329647
305.77457752,0.00178141
305.98536246,0.00254932
306.19616344,-0.00002421
306.40698047,0.00221725
306.61781354,-0.00037704
306.82866264,0.00333798
307.03952778,0.00223800
307.25040895,0.00346251
307.46130614,0.00250781
307.67221937,0.00236253
307.88314861,-0.00060533
308.09409387,0.00265309
308.30505515,0.00254932
308.51603245,0.00420966
308.72702576,-0.00081288
308.93803507,0.00090973
309.14906039,0.00302667
309.36010172,-0.00062609
309.57115904,0.00273611
309.78223236,0.00252856
309.99332168,0.00257007
310.20442699,0.00315119
310.41554829,0.00136632
310.62668557,-0.00207889
310.83783884,0.00367005
311.04900809,-0.00299208
311.26019332,0.00138708
311.47139452,0.00084747
311.68261169,0.00367005
311.89384484,0.00412664
312.10509395,0.00261158
312.31635903,0.00406438
312.52764007,0.00059842
312.73893706,-0.00226568
312.95025002,-0.00010723
313.16157892,-0.00083363
313.37292378,0.00516436
313.58428458,0.00238328
313.79566133,0.00095124
314.00705402,0.00423041
314.21846266,0.00302667
314.42988722,-0.00070910
314.64132772,0.00209272
314.85278416,-0.00118645
315.06425652,0.00881711
315.27574480,-0.00104117
315.48724901,0.00358703
315.69876914,-0.00079212
315.91030518,0.00161537
316.12185715,-0.00135249
316.33342502,0.00090973
316.54500880,0.00221725
316.75660848,0.00304742
316.96822407,0.00254932
317.17985556,0.00132481
317.39150295,0.00001730
317.60316624,0.00207197
317.81484541,0.00022484
318.02654048,0.00348326
318.23825143,0.00269460
318.44997826,0.00059842
318.66172098,0.00236253
318.87347957,0.00686621
319.08525404,0.00205121
319.29704439,0.00271535
319.50885060,0.00045314
319.72067268,0.00402287
319.93251063,0.00061917
320.14436443,0.00018333
320.35623410,0.00711526
320.56811962,0.00445871
320.78002100,-0.00193361
320.99193822,-0.00131098
321.20387130,-0.00014874
321.41582021,-0.00014874
321.62778498,0.00427192
321.83976558,0.00346251
322.05176201,0.00385684
322.26377428,-0.00010723
322.47580239,0.00493606
322.68784632,0.00553793
322.89990607,0.00026635
323.11198165,-0.00035628
323.32407305,0.00333798
323.53618027,0.00250781
323.74830330,0.00018333
323.96044215,0.00283988
324.17259680,0.00674168
324.38476726,0.00447947
324.59695352,0.00053615
324.80915558,0.00047389
325.02137344,-0.00021100
325.23360710,-0.00064684
325.44585655,0.00331723
325.65812178,0.00391910
325.87040281,-0.00097891
326.08269962,0.00337949
326.29501221,-0.00068835
326.50734058,0.00429268
326.71968472,-0.00043930
326.93204464,0.00530964
327.14442032,0.00551718
327.35681178,0.00308893
327.56921900,-0.00137324
327.78164198,0.00072294
327.99408072,-0.00095816
328.20653522,0.00051540
328.41900547,-0.00010723
328.63149147,0.00335873
328.84399322,0.00147009
329.05651071,0.00381533
329.26904395,0.00132481
329.48159293,0.00246630
329.69415764,0.00109652
329.90673809,0.00217574
330.11933427,0.00041163
330.33194617,0.00271535
330.54457381,0.00045314
330.75721716,-0.00295057
330.96987624,0.00063992
331.18255104,0.00319270
331.39524154,0.00732280
331.60794777,0.00348326
331.82066970,-0.00023176
332.03340733,0.00124180
332.24616067,0.00503983
332.45892971,0.00161537
332.67171445,0.00479078
332.88451489,0.00410589
333.09733102,0.00261158
333.31016283,-0.00010723
333.52301034,0.00005880
333.73587352,-0.00118645
333.94875239,-0.00232794
334.16164694,-0.00081288
334.37455717,-0.00461091
334.58748306,0.00277761
334.80042463,0.00458324
335.01338187,-0.00141475
335.22635477,0.00427192
335.43934333,0.00103425
335.65234755,0.00483229
335.86536743,0.00470776
336.07840296,-0.00014874
336.29145415,-0.00158078
336.50452098,0.00279837
336.71760345,0.00142859
336.93070157,0.00207197
337.14381533,0.00055691
337.35694473,-0.00139400
337.57008976,0.00393985
337.78325042,0.00117953
337.99642671,-0.00002421
338.20961863,0.00080596
338.42282617,0.00169839
338.63604933,-0.00268076
338.84928810,0.00113803
339.06254250,0.00296440
339.27581250,0.00151160
339.48909812,0.00242479
339.70239934,0.00506059
339.91571616,0.00257007
340.12904859,0.00161537
340.34239661,-0.00185059
340.55576023,0.00277761
340.76913945,0.00485304
340.98253425,0.00178141
341.19594464,0.00196820
341.40937061,0.00020408
341.62281217,0.00354552
341.83626930,0.00939823
342.04974201,0.00234177
342.26323030,-0.00143550
342.47673415,0.00350401
342.69025357,0.00788317
342.90378856,-0.00016949
343.11733911,0.00462475
343.33090522,0.00315119
343.54448688,0.00072294
343.75808410,0.00136632
343.97169687,0.00157387
344.18532519,0.00020408
344.39896906,0.00340024
344.61262847,-0.00251473
344.82630341,0.00514360
345.03999390,0.00385684
345.25369992,0.00362854
345.46742147,0.00809071
345.68115855,0.00402287
345.89491115,0.00205121
346.10867928,-0.00102042
346.32246293,0.00140783
346.53626210,-0.00102042
346.75007679,-0.00054307
346.96390698,0.00130406
347.17775269,0.00252856
347.39161390,0.00205121
347.60549061,0.00097199
347.81938283,0.00107576
348.03329055,0.00433419
348.24721376,0.00279837
348.46115246,0.00418891
348.67510665,-0.00104117
348.88907634,0.00171915
349.10306150,-0.00099966
349.31706215,-0.00166380
349.53107828,0.00267384
349.74510988,0.00294365
349.95915696,0.00391910
350.17321950,0.00273611
350.38729752,0.00562095
350.60139100,0.00045314
350.81549994,0.00126255
351.02962435,-0.00027326
351.24376421,0.00333798
351.45791952,0.00169839
351.67209028,0.00161537
351.88627650,-0.00081288
352.10047816,0.00053615
352.31469526,0.00263233
352.52892780,0.00296440
352.74317578,0.00371156
352.95743919,0.00335873
353.17171804,0.00221725
353.38601232,0.00350401
353.60032202,0.00140783
353.81464714,0.00715677
354.02898769,-0.00197512
354.24334365,-0.00097891
354.45771503,-0.00292981
354.67210182,0.00360779
354.88650403,0.00391910
355.10092164,0.00503983
355.31535465,-0.00091665
355.52980306,0.01153592
355.74426687,0.00063992
355.95874608,0.00460399
356.17324069,0.00180216
356.38775068,-0.00064684
356.60227606,0.00082671
356.81681682,-0.00241096
357.03137297,-0.00114494
357.24594449,0.00267384
357.46053139,0.00456248
357.67513367,0.00412664
357.88975132,0.00097199
358.10438433,-0.00035628
358.31903271,0.00335873
358.53369645,0.00302667
358.74837556,-0.00239020
358.96307002,0.00377382
359.17777983,-0.00369772
359.39250499,0.00109652
359.60724551,0.00213423
359.82200137,0.00358703
360.03677257,0.00005880
360.25155911,0.00053615
360.46636100,0.00028710
360.68117821,-0.00369772
360.89601076,-0.00251473
361.11085864,0.00396061
361.32572184,-0.00415431
361.54060037,0.00379457
361.75549422,0.00236253
361.97040338,0.00582849
362.18532786,0.00379457
362.40026766,-0.00052232
362.61522276,0.00196820
362.83019318,0.00611905
363.04517889,0.00012107
363.26017991,0.00030786
363.47519623,-0.00029402
363.69022784,0.00238328
363.90527474,0.00236253
364.12033694,0.00495681
364.33541442,-0.00077137
364.55050719,0.00026635
364.76561524,-0.00050156
364.98073857,0.00090973
365.19587718,-0.00000346
365.41103106,0.00182292
365.62620021,-0.00180908
365.84138463,0.00248705
366.05658432,0.00063992
366.27179927,0.00435494
366.48702948,0.00037012
366.70227494,0.00051540
366.91753566,0.00196820
367.13281163,0.00051540
367.34810285,-0.00205813
367.56340932,0.00209272
367.77873103,0.00117953
367.99406798,0.00333798
368.20942017,0.00074370
368.42478759,0.00149085
368.64017025,0.00074370
368.85556813,0.00425117
369.07098125,-0.00029402
369.28640958,0.00105501
369.50185314,-0.00027326
369.71731191,0.00298516
369.93278590,-0.00353169
370.14827511,0.00227951
370.36377952,-0.00301283
370.57929914,0.00003805
370.79483397,0.00416815
371.01038400,0.00317195
371.22594922,-0.00000346
371.44152965,0.00037012
371.65712526,0.00416815
371.87273607,-0.00226568
372.08836206,0.00472852
372.30400324,0.00431343
372.51965960,-0.00050156
372.73533114,0.00456248
372.95101786,0.00132481
373.16671976,0.00489455
373.38243682,0.00393985
373.59816905,0.00261158
373.81391645,-0.00139400
374.02967901,0.00144934
374.24545673,0.00082671
374.46124961,-0.00228643
374.67705764,0.00128331
374.89288082,-0.00002421
375.10871916,0.00176065
375.32457264,0.00082671
375.54044126,0.00028710
375.75632503,0.00755110
375.97222393,0.00192669
376.18813797,-0.00129022
376.40406713,0.00037012
376.62001143,0.00007956
376.83597086,-0.00241096
377.05194541,-0.00120721
377.26793508,0.00088897
377.48393987,0.00286063
377.69995978,0.00545492
377.91599480,0.00159462
378.13204493,0.00167764
378.34811016,0.00300591
378.56419050,0.00412664
378.78028595,0.00348326
378.99639649,0.00120029
379.21252213,0.00012107
379.42866286,0.00153236
379.64481868,0.00028710
379.86098960,0.00553793
380.07717559,0.00047389
380.29337667,0.00055691
380.50959283,-0.00139400
380.72582407,0.00313044
380.94207038,0.00483229
381.15833176,0.00101350
381.37460821,-0.00050156
381.59089972,0.00182292
381.80720630,0.00304742
382.02352794,0.00169839
382.23986464,0.00308893
382.45621639,0.00153236
382.67258319,0.00126255
382.88896505,-0.00000346
383.10536195,0.00302667
383.32177389,0.00012107
383.53820087,0.00211348
383.75464289,0.00186443
383.97109995,0.00142859
384.18757204,-0.00143550
384.40405916,-0.00012798
384.62056131,-0.00268076
384.83707848,0.00215499
385.05361067,0.00315119
385.27015788,0.00230027
385.48672011,0.00435494
385.70329735,0.00310968
385.91988960,0.00375307
386.13649686,0.00101350
386.35311912,0.00310968
386.56975639,0.00211348
386.78640865,0.00203046
387.00307592,0.00074370
387.21975817,-0.00102042
387.43645542,0.00211348
387.65316765,0.00169839
387.86989487,0.00167764
388.08663707,0.00049464
388.30339426,0.00068143
388.52016641,0.00310968
388.73695355,0.00464550
388.95375565,0.00358703
389.17057273,0.00007956
389.38740477,0.00452097
389.60425177,0.00313044
389.82111374,-0.00209964
390.03799066,0.00653414
390.25488253,0.00018333
390.47178936,-0.00037704
390.68871114,0.00232102
390.90564787,0.00005880
391.12259954,-0.00141475
391.33956614,0.00178141
391.55654769,-0.00014874
391.77354418,0.00252856
391.99055559,-0.00056382
392.20758194,0.00173990
392.42462321,0.00281912
392.64167941,0.00294365
392.85875053,0.00402287
393.07583657,0.00005880
393.29293752,0.00435494
393.51005339,0.00595302
393.72718417,0.00244555
393.94432986,0.00356628
394.16149045,-0.00000346
394.37866594,0.00039087
394.59585634,0.00356628
394.81306163,0.00445871
395.03028181,0.00300591
395.24751689,0.00667942
395.46476685,0.00088897
395.68203170,0.00481153
395.89931143,0.00520587
396.11660604,0.00406438
396.33391553,0.00346251
396.55123990,0.00194744
396.76857913,0.00367005
396.98593324,0.00304742
397.20330221,-0.00197512
397.42068604,0.00207197
397.63808474,-0.00060533
397.85549829,0.00508134
398.07292670,0.00607754
398.29036996,0.00373231
398.50782807,0.00404363
398.72530103,0.00638886
398.94278883,0.00408513
399.16029147,0.00591151
399.37780895,-0.00041854
399.59534127,0.00757185
399.81288841,0.00564171
400.03045039,0.00767562
400.24802720,0.00738506
400.46561883,0.00248705
400.68322529,0.00034936
400.90084656,0.00211348
401.11848265,0.00707375
401.33613355,0.00313044
401.55379926,0.00223800
401.77147978,0.00624358
401.98917511,0.00811146
402.20688524,0.00095124
402.42461017,0.00292289
402.64234989,0.00522662
402.86010441,-0.00006572
403.07787372,0.00674168
403.29565782,0.00412664
403.51345670,0.00286063
403.73127037,0.00636810
403.94909882,0.00140783
404.16694205,0.00533039
404.38480005,0.00435494
404.60267282,0.00468701
404.82056036,0.00182292
405.03846267,0.00663791
405.25637974,0.00954351
405.47431157,0.00591151
405.69225816,0.00267384
405.91021951,0.00362854
406.12819561,0.00178141
406.34618645,0.00176065
406.56419205,0.00362854
406.78221239,0.00367005
407.00024747,0.00767562
407.21829729,0.00028710
407.43636184,0.00970954
407.65444113,0.00460399
407.87253515,0.00943974
408.09064390,0.00740582
408.30876737,0.00257007
408.52690556,0.00667942
408.74505847,0.00209272
408.96322610,0.00468701
409.18140844,0.00493606
409.39960550,0.00391910
409.61781726,0.00547567
409.83604372,0.00495681
410.05428489,0.00686621
410.27254076,0.00184367
410.49081133,0.00879636
410.70909659,0.00418891
410.92739654,0.00522662
411.14571118,0.00983407
411.36404051,0.00379457
411.58238452,0.01031142
411.80074321,0.00404363
412.01911658,0.00852655
412.23750462,0.00927370
412.45590734,0.00506059
412.67432472,0.00589076
412.89275677,0.00562095
413.11120349,0.00528888
413.32966486,0.00393985
413.54814090,0.00331723
413.76663159,0.00582849
413.98513693,0.00404363
414.20365692,0.00250781
414.42219156,0.00601528
414.64074084,0.00109652
414.85930477,0.00809071
415.07788333,0.00281912
415.29647653,0.00703224
415.51508437,0.00159462
415.73370683,0.00396061
415.95234392,0.00364929
416.17099564,0.00636810
416.38966198,0.00738506
416.60834294,0.00528888
416.82703851,0.00651338
417.04574870,-0.00031477
417.26447350,0.00404363
417.48321291,0.00520587
417.70196692,0.00250781
417.92073554,0.00611905
418.13951875,0.00576623
418.35831657,-0.00010723
418.57712898,0.00194744
418.79595598,0.00900390
419.01479757,0.00827750
419.23365374,0.00541341
419.45252450,0.00342100
419.67140984,0.00836052
419.89030975,0.01041519
420.10922425,0.01031142
420.32815331,0.00337949
420.54709694,0.00769638
420.76605514,0.00670017
420.98502791,0.00593226
421.20401523,0.00263233
421.42301712,0.00582849
421.64203356,0.00875485
421.86106455,0.00323421
422.08011009,0.00277761
422.29917018,0.00761336
422.51824482,0.00582849
422.73733399,0.00219649
422.95643771,0.00790392
423.17555596,0.00468701
423.39468875,0.00522662
423.61383606,0.00643037
423.83299790,0.00308893
424.05217427,0.00568321
424.27136516,0.00730205
424.49057057,0.00562095
424.70979050,0.00510209
424.92902494,0.00609830
425.14827390,0.00460399
425.36753736,0.00410589
425.58681532,0.01016614
425.80610779,0.00852655
426.02541476,0.00738506
426.24473623,0.00362854
426.46407219,0.00707375
426.68342265,0.00250781
426.90278759,0.00661716
427.12216702,0.00678319
427.34156093,0.00501908
427.56096933,0.00811146
427.78039220,0.01064349
427.99982955,0.00555869
428.21928137,0.00454173
428.43874766,0.00244555
428.65822841,0.00670017
428.87772363,0.00711526
429.09723331,0.00541341
429.31675745,0.00300591
429.53629605,0.00178141
429.75584910,0.00445871
429.97541660,0.00734356
430.19499854,0.00290214
430.41459494,0.00769638
430.63420577,0.00923220
430.85383104,0.00692847
431.07347075,0.00825674
431.29312489,0.01271891
431.51279347,0.00501908
431.73247647,0.00545492
431.95217390,0.00584925
432.17188574,0.00997935
432.39161201,0.00477003
432.61135270,0.00518511
432.83110780,0.00728129
433.05087731,0.01078877
433.27066123,0.00516436
433.49045956,0.00530964
433.71027229,0.00643037
433.93009942,0.00885862
434.14994095,0.00638886
434.36979687,0.00707375
434.58966718,0.00757185
434.80955189,0.00773789
435.02945098,0.00979256
435.24936445,0.01543773
435.46929230,0.00740582
435.68923454,0.00782090
435.90919115,0.01018689
436.12916213,0.00827750
436.34914748,0.01043594
436.56914720,0.00995860
436.78916128,0.00844353
437.00918972,0.00790392
437.22923252,0.00782090
437.44928968,0.00792468
437.66936119,0.00833976
437.88944706,0.01157743
438.10954727,0.00989633
438.32966182,0.01124536
438.54979072,0.00931521
438.76993395,0.01668298
438.99009153,0.01110008
439.21026343,0.01417171
439.43044967,0.01392266
439.65065024,0.01730561
439.87086513,0.01217930
440.09109434,0.01101706
440.31133788,0.01053972
440.53159573,0.01473208
440.75186789,0.00973030
440.97215437,0.01047745
441.19245516,0.01290570
441.41277025,0.01188874
441.63309964,0.01296797
441.85344334,0.01433775
442.07380133,0.01097555
442.29417362,0.01450378
442.51456020,0.01151517
442.73496107,0.01271891
442.95537623,0.01450378
443.17580567,0.01473208
443.39624939,0.01782447
443.61670739,0.01336230
443.83717967,0.01404719
444.05766622,0.01435850
444.27816704,0.01801126
444.49868212,0.01056047
444.71921147,0.01118310
444.93975509,0.01477359
445.16031296,0.01556225
445.38088508,0.01442077
445.60147147,0.01587356
445.82207210,0.01203402
446.04268698,0.01709807
446.26331610,0.02000367
446.48395947,0.00869258
446.70461707,0.01415096
446.92528892,0.01269816
447.14597499,0.01442077
447.36667530,0.00941898
447.58738984,0.01734712
447.80811860,0.01365286
448.02886158,0.00939823
448.24961879,0.01373587
448.47039021,0.01336230
448.69117585,0.02008668
448.91197570,0.01568678
449.13278975,0.00927370
449.35361802,0.01076801
449.57446049,0.01512641
449.79531715,0.00780015
450.01618802,0.01056047
450.23707308,0.01006237
450.45797234,0.01572828
450.67888578,0.01280193
450.89981341,0.00881711
451.12075522,0.01429624
451.34171122,0.01767919
451.56268139,0.01786598
451.78366574,0.01547923
452.00466426,0.01765843
452.22567696,0.00919069
452.44670382,0.01087178
452.66774484,0.00931521
452.88880003,0.01751315
453.10986938,0.01435850
453.33095288,0.01356984
453.55205053,0.01232458
453.77316234,0.00848504
453.99428830,0.01462831
454.21542840,0.01236609
454.43658264,0.01512641
454.65775102,0.01207553
454.87893354,0.01469057
455.10013019,0.01350758
455.32134098,0.01919425
455.54256589,0.01911123
455.76380493,0.01276042
455.98505809,0.01473208
456.20632537,0.01626790
456.42760677,0.01485661
456.64890229,0.01323777
456.87021191,0.01882067
457.09153565,0.01479434
457.31287349,0.01520943
457.53422544,0.02178853
457.75559149,0.01801126
457.97697163,0.01440001
458.19836587,0.01796975
458.41977420,0.01807352
458.64119663,0.02236965
458.86263313,0.01493962
459.08408373,0.02104138
459.30554840,0.01913199
459.52702716,0.02577336
459.74851999,0.01487736
459.97002689,0.02454885
460.19154786,0.01796975
460.41308290,0.02180929
460.63463201,0.01630940
460.85619518,0.01450378
461.07777241,0.01763768
461.29936369,0.01853011
461.52096903,0.02205834
461.74258841,0.01963009
461.96422185,0.02041875
462.18586933,0.02010744
462.40753086,0.02166401
462.62920642,0.02166401
462.85089602,0.02087535
463.07259966,0.01782447
463.29431733,0.01603960
463.51604902,0.01915274
463.73779475,0.01896595
463.95955449,0.02251493
464.18132826,0.02494319
464.40311604,0.02031498
464.62491784,0.02016970
464.84673365,0.01969235
465.06856347,0.02425829
465.29040730,0.02205834
465.51226513,0.02120741
465.73413696,0.01892444
465.95602279,0.02183004
466.17792261,0.02174703
466.39983643,0.02714314
466.62176424,0.02305455
466.84370603,0.02830538
467.06566181,0.02332435
467.28763157,0.02469413
467.50961531,0.02355265
467.73161303,0.02564883
467.95362472,0.02203759
468.17565038,0.02689409
468.39769001,0.02332435
468.61974360,0.02295077
468.84181116,0.02728842
469.06389267,0.03056759
469.28598814,0.02714314
469.50809757,0.02874122
469.73022094,0.03079589
469.95235827,0.02907329
470.17450954,0.02535827
470.39667475,0.02504696
470.61885390,0.02446584
470.84104699,0.02809784
471.06325402,0.03040156
471.28547498,0.02593939
471.50770986,0.02714314
471.72995867,0.02162250
471.95222141,0.01931878
472.17449806,0.02241116
472.39678864,0.02046026
472.61909313,0.02095836
472.84141153,0.02110364
473.06374384,0.03058835
473.28609005,0.02807708
473.50845017,0.02066780
473.73082420,0.02732993
473.95321212,0.02390547
474.17561393,0.02759973
474.39802964,0.02319983
474.62045924,0.02313756
474.84290273,0.01944330
475.06536010,0.02676956
475.28783136,0.02506771
475.51031649,0.02326209
475.73281550,0.01784522
475.95532838,0.01931878
476.17785513,0.02081308
476.40039575,0.02367717
476.62295024,0.02355265
476.84551859,0.02388472
477.06810080,0.02635448
477.29069686,0.02376019
477.51330678,0.02456961
477.73593055,0.02664504
477.95856817,0.02618844
478.18121963,0.02770350
478.40388494,0.02828462
478.62656409,0.03019402
478.84925707,0.02465263
479.07196389,0.02757898
479.29468455,0.02880348
479.51741903,0.02876197
479.74016733,0.02425829
479.96292946,0.02326209
480.18570542,0.02560732
480.40849519,0.02023196
480.63129877,0.02214136
480.85411617,0.02361491
481.07694738,0.02614693
481.29979239,0.02571109
481.52265121,0.02363567
481.74552383,0.02344888
481.96841025,0.02153948
482.19131046,0.02496394
482.41422447,0.02209985
482.63715227,0.02311681
482.86009385,0.02185080
483.08304922,0.02120741
483.30601837,0.02195457
483.52900130,0.02390547
483.75199801,0.02110364
483.97500849,0.02301304
484.19803274,0.02415452
484.42107076,0.01975462
484.64412255,0.02573185
484.86718810,0.02409226
485.09026741,0.01510566
485.31336047,0.02268097
485.53646729,0.02346963
485.75958786,0.02081308
485.98272218,0.02077157
486.20587024,0.02019046
486.42903205,0.02168476
486.65220760,0.02110364
486.87539689,0.02706012
487.09859991,0.02388472
487.32181666,0.02307530
487.54504715,0.02672805
487.76829136,0.02234890
487.99154929,0.02693560
488.21482094,0.02510922
488.43810631,0.02562808
488.66140540,0.03135626
488.88471820,0.02946762
489.10804471,0.03006949
489.33138493,0.03260151
489.55473885,0.03411658
489.77810647,0.03339018
490.00148780,0.03608823
490.22488281,0.03849573
490.44829153,0.03963722
490.67171393,0.03716746
490.89515002,0.03947118
491.11859979,0.04185792
491.34206325,0.04057116
491.56554038,0.03507127
491.78903120,0.04142208
492.01253568,0.03623351
492.23605384,0.03700142
492.45958567,0.04061267
492.68313116,0.04088247
492.90669031,0.03689765
493.13026312,0.03403356
493.35384960,0.03305811
493.57744972,0.03073363
493.80106350,0.03009025
494.02469092,0.03073363
494.24833200,0.02984120
494.47198671,0.03374300
494.69565507,0.02591864
494.91933706,0.03575616
495.14303269,0.02894876
495.36674195,0.02581486
495.59046484,0.03133550
495.81420136,0.03036005
496.03795150,0.02735068
496.26171526,0.02508847
496.48549264,0.02934309
496.70928364,0.02919781
496.93308825,0.02967516
497.15690647,0.03685614
497.38073830,0.03143927
497.60458373,0.03708444
497.82844276,0.04266734
498.05231539,0.03598446
498.27620162,0.03556938
498.50010144,0.03735424
498.72401485,0.03903534
498.94794185,0.04482579
499.17188244,0.03621276
499.39583661,0.03756179
499.61980435,0.03212417
499.84378568,0.04082021
500.06778058,0.03704293
500.29178904,0.04194094
500.51581108,0.03532033
500.73984668,0.03957495
500.96389585,0.03899383
501.18795858,0.03947118
501.41203486,0.04580124
501.63612470,0.04025984
501.86022809,0.04600878
502.08434503,0.04679744
502.30847551,0.04422391
502.53261954,0.04314469
502.75677711,0.03772782
502.98094822,0.04057116
503.20513286,0.04212773
503.42933104,0.03826743
503.65354274,0.03876554
503.87776797,0.03278830
504.10200673,0.03509203
504.32625901,0.03698067
504.55052480,0.03417884
504.77480411,0.03197889
504.99909694,0.02857518
505.22340327,0.03357697
505.44772312,0.02952988
505.67205646,0.02776577
505.89640331,0.03060910
506.12076366,0.02668654
506.34513750,0.02805633
506.56952484,0.02697710
506.79392567,0.02712238
507.01833999,0.02946762
507.24276779,0.03096193
507.46720907,0.03106570
507.69166384,0.02778652
507.91613208,0.02730917
508.14061380,0.02793180
508.36510898,0.02745445
508.58961764,0.03133550
508.81413976,0.03179210
509.03867534,0.03669011
509.26322439,0.03237322
509.48778689,0.03162606
509.71236285,0.03839196
509.93695226,0.03621276
510.16155512,0.03550711
510.38617142,0.03598446
510.61080117,0.03704293
510.83544436,0.03754103
511.06010099,0.03556938
511.28477105,0.04160887
511.50945454,0.03886931
511.73415147,0.03795612
511.95886182,0.03615050
512.18358560,0.03372225
512.40832280,0.02762049
512.63307341,0.03339018
512.85783745,0.03361847
513.08261489,0.02778652
513.30740575,0.03154305
513.53221001,0.03374300
513.75702768,0.03241473
513.98185875,0.02853368
514.20670322,0.03044307
514.43156109,0.03146003
514.65643235,0.02836764
514.88131700,0.02695635
515.10621504,0.03374300
515.33112647,0.03108645
515.55605128,0.02984120
515.78098946,0.03372225
516.00594103,0.02869971
516.23090597,0.02766200
516.45588428,0.03357697
516.68087596,0.02735068
516.90588100,0.03000723
517.13089941,0.02498469
517.35593118,0.02591864
517.58097631,0.02689409
517.80603479,0.03033930
518.03110663,0.02220362
518.25619181,0.02668654
518.48129034,0.02622995
518.70640222,0.02859594
518.93152743,0.02830538
519.15666598,0.02751672
519.38181787,0.02349039
519.60698310,0.02699786
519.83216165,0.02539978
520.05735353,0.02180929
520.28255873,0.02234890
520.50777726,0.01830182
520.73300910,0.02293002
520.95825426,0.02212060
521.18351273,0.02600165
521.40878452,0.02633372
521.63406961,0.02496394
521.85936801,0.02205834
522.08467971,0.02104138
522.31000471,0.02189231
522.53534300,0.02436207
522.76069459,0.02886574
522.98605947,0.02712238
523.21143764,0.02834689
523.43682910,0.02930158
523.66223383,0.03033930
523.88765185,0.03206190
524.11308315,0.03268453
524.33852772,0.03424110
524.56398556,0.02975818
524.78945667,0.03525806
525.01494104,0.03210341
525.24043868,0.03386753
525.46594959,0.03851648
525.69147374,0.04258432
525.91701116,0.03733349
526.14256182,0.03332791
526.36812574,0.03094117
526.59370290,0.03322414
526.81929331,0.03343169
527.04489696,0.03455242
527.27051384,0.03089966
527.49614396,0.03175059
527.72178732,0.02826387
527.94744390,0.02936385
528.17311372,0.02863745
528.39879675,0.03276755
528.62449301,0.02961290
528.85020249,0.03862026
529.07592518,0.03515429
529.30166109,0.03588069
529.52741021,0.04065417
529.75317254,0.04181641
529.97894807,0.03455242
530.20473680,0.04084096
530.43053874,0.04152585
530.65635387,0.05337655
530.88218219,0.04254281
531.10802371,0.05038793
531.33387841,0.04812572
531.55974630,0.04802194
531.78562738,0.04663141
532.01152163,0.05350107
532.23742906,0.04735781
532.46334967,0.04712951
532.68928344,0.04864457
532.91523039,0.04808421
533.14119051,0.05314825
533.36716378,0.04673518
533.59315022,0.04852005
533.81914982,0.04951625
534.04516257,0.05756891
534.27118847,0.04872759
534.49722752,0.04822949
534.72327973,0.05356334
534.94934507,0.05109358
535.17542356,0.05954057
535.40151518,0.05692553
535.62761994,0.05128037
535.85373784,0.05196526
536.07986886,0.05999716
536.30601301,0.05383314
536.53217029,0.05275392
536.75834069,0.04731630
536.98452420,0.05020114
537.21072084,0.05275392
537.43693059,0.05325202
537.66315345,0.04922569
537.88938941,0.04800119
538.11563848,0.05231808
538.34190066,0.05370862
538.56817593,0.05134263
538.79446431,0.05024265
539.02076577,0.05289920
539.24708033,0.05580480
539.47340798,0.05609536
539.69974871,0.05136338
539.92610252,0.05727835
540.15246942,0.05462181
540.37884939,0.05426898
540.60524244,0.05970660
540.83164856,0.05410295
541.05806775,0.05893870
541.28450001,0.06032923
541.51094533,0.06352539
541.73740371,0.06807058
541.96387515,0.06501970
542.19035965,0.05991415
542.41685719,0.06935734
542.64336779,0.06782153
542.86989144,0.07174409
543.09642813,0.05856512
543.32297786,0.06564233
543.54954063,0.05690478
543.77611643,0.06512347
544.00270527,0.05962359
544.22930714,0.06709513
544.45592204,0.06178203
544.68254996,0.06423104
544.90919091,0.06059904
545.13584487,0.06333860
545.36251185,0.05997641
545.58919184,0.06157449
545.81588485,0.06107639
546.04259086,0.06354615
546.26930988,0.05725760
546.49604191,0.06182354
546.72278693,0.06122167
546.94954495,0.06203108
547.17631596,0.05991415
547.40309997,0.06622345
547.62989696,0.06171977
547.85670694,0.06703286
548.08352991,0.07799112
548.31036585,0.06611968
548.53721477,0.07408932
548.76407667,0.07987976
548.99095154,0.07666285
549.21783938,0.06995922
549.44474018,0.07307236
549.67165395,0.07684964
549.89858069,0.07386102
550.12552038,0.07471195
550.35247302,0.07134975
550.57943862,0.07072713
550.80641717,0.07261577
551.03340866,0.07537608
551.26041310,0.07975524
551.48743048,0.07954770
551.71446081,0.08457023
551.94150406,0.08706074
552.16856025,0.08892863
552.39562937,0.09100406
552.62271142,0.08537965
552.84980640,0.08423816
553.07691429,0.08141558
553.30403511,0.08183067
553.53116884,0.08502682
553.75831549,0.08413439
553.98547505,0.08903240
554.21264752,0.08894938
554.43983289,0.08695697
554.66703116,0.09525868
554.89424234,0.09943030
555.12146641,0.10329059
555.34870338,0.10084159
555.57595324,0.11223569
555.80321599,0.11456016
556.03049162,0.10895651
556.25778014,0.10796030
556.48508154,0.10901877
556.71239582,0.11385452
556.93972297,0.11277530
557.16706300,0.10258495
557.39441589,0.10517923
557.62178165,0.11449790
557.84916028,0.10659052
558.07655177,0.11514128
558.30395611,0.11653182
558.53137331,0.11636579
558.75880337,0.11775632
558.98624627,0.11472620
559.21370202,0.11507902
559.44117062,0.11026403
559.66865206,0.11123948
559.89614634,0.11379226
560.12365345,0.10872821
560.35117340,0.10690184
560.57870618,0.10679806
560.80625179,0.10133969
561.03381022,0.10798106
561.26138148,0.11298284
561.48896555,0.11370924
561.71656244,0.10881123
561.94417215,0.11177909
562.17179467,0.11221493
562.39942999,0.11453941
562.62707812,0.11885630
562.85473906,0.12315244
563.08241279,0.12271660
563.31009933,0.11786010
563.53779866,0.12616181
563.76551078,0.12107701
563.99323568,0.12097324
564.22097338,0.11949968
564.44872386,0.11817141
564.67648712,0.12172039
564.90426316,0.12001854
565.13205197,0.11736199
565.35985356,0.12186567
565.58766792,0.12742782
565.81549504,0.12352601
566.04333493,0.12499957
566.27118758,0.11302435
566.49905298,0.11094892
566.72693115,0.10976593
566.95482207,0.11325265
567.18272573,0.10995271
567.41064215,0.11013950
567.63857131,0.10613393
567.86651321,0.10820936
568.09446785,0.10470188
568.32243523,0.11053383
568.55041534,0.10615468
568.77840819,0.10897726
569.00641376,0.10943386
569.23443206,0.10966215
569.46246308,0.11281681
569.69050682,0.10991121
569.91856327,0.11179985
570.14663244,0.11339793
570.37471433,0.10957914
570.60280892,0.11343943
570.83091622,0.10787729
571.05903622,0.11379226
571.28716892,0.11267153
571.51531432,0.11615824
571.74347241,0.11534883
571.97164320,0.11229795
572.19982667,0.10860369
572.42802284,0.10573960
572.65623168,0.10482641
572.88445321,0.11287907
573.11268742,0.10017745
573.34093430,0.09536246
573.56919385,0.10349813
573.79746608,0.09824730
574.02575097,0.10017745
574.25404853,0.10642449
574.48235874,0.10345663
574.71068162,0.10783578
574.93901715,0.10576035
575.16736534,0.11198663
575.39572618,0.11238097
575.62409966,0.11939591
575.85248579,0.11759029
576.08088456,0.11429036
576.30929597,0.12410713
576.53772002,0.11856574
576.76615671,0.12740706
576.99460602,0.12722028
577.22306796,0.12142983
577.45154253,0.12701273
577.68002972,0.12402412
577.90852953,0.12369205
578.13704196,0.12186567
578.36556700,0.11939591
578.59410465,0.12124304
578.82265492,0.12012231
579.05121779,0.12317319
579.27979326,0.11908460
579.50838133,0.11646956
579.73698201,0.11406206
579.96559527,0.11887706
580.19422113,0.11389603
580.42285958,0.11088666
580.65151062,0.10852067
580.88017424,0.10696410
581.10885044,0.10879048
581.33753922,0.10914330
581.56624057,0.10235665
581.79495450,0.09737562
582.02368100,0.09517567
582.25242007,0.09644168
582.48117170,0.09816428
582.70993589,0.10183779
582.93871264,0.10053027
583.16750195,0.10233589
583.39630381,0.09810202
583.62511822,0.10297928
583.85394518,0.10333210
584.08278469,0.10210760
584.31163674,0.10374719
584.54050133,0.10289626
584.76937845,0.10906028
584.99826811,0.11018101
585.22717030,0.11412433
585.45608502,0.11217342
585.68501226,0.11742426
585.91395203,0.12072419
586.14290432,0.12466750
586.37186912,0.12099399
586.60084644,0.12607879
586.82983628,0.12699198
587.05883862,0.13745214
587.28785347,0.14075207
587.51688082,0.13965209
587.74592067,0.13875966
587.97497302,0.13479559
588.20403787,0.13813703
588.43311520,0.13925776
588.66220503,0.14235015
588.89130735,0.13811627
589.12042215,0.14021245
589.34954943,0.14407275
589.57868919,0.14320107
589.80784142,0.14670854
590.03700613,0.14461236
590.26618331,0.14538027
590.49537296,0.14841040
590.72457507,0.13572953
590.95378964,0.13626914
591.18301667,0.14660477
591.41225616,0.14677081
591.64150811,0.13919549
591.87077250,0.14311805
592.10004934,0.14616893
592.32933863,0.14552555
592.55864036,0.13844834
592.78795453,0.13786722
593.01728114,0.14496518
593.24662018,0.13834457
593.47597165,0.13554274
593.70533555,0.14274448
593.93471188,0.14944811
594.16410063,0.14911604
594.39350180,0.14658402
594.62291539,0.14836889
594.85234140,0.14064829
595.08177981,0.14475764
595.31123064,0.14228788
595.54069387,0.13971435
595.77016951,0.14573309
595.99965755,0.14969716
596.22915798,0.14567083
596.45867081,0.14401049
596.68819604,0.14411426
596.91773365,0.14205959
597.14728365,0.14137469
597.37684603,0.14098036
597.60642080,0.14774626
597.83600795,0.16109126
598.06560747,0.16601002
598.29521936,0.15554987
598.52484363,0.16069693
598.75448026,0.16275160
598.98412926,0.16820998
599.21379062,0.17055521
599.44346434,0.17269290
599.67315042,0.17945880
599.90284885,0.18128517
600.13255963,0.19232645
600.36228276,0.19606222
600.59201824,0.20056590
600.82176606,0.19676787
601.05152622,0.20253756
601.28129871,0.20189417
601.51108354,0.21519767
601.74088070,0.21864288
601.97069019,0.22941435
602.20051201,0.23472744
602.43034615,0.23879528
602.66019261,0.23335766
602.89005139,0.23142751
603.11992249,0.22030322
603.34980589,0.22808607
603.57970161,0.22634272
603.80960963,0.22549179
604.03952996,0.24082920
604.26946259,0.26081557
604.49940751,0.27299834
604.72936474,0.28395660
604.95933425,0.28287737
605.18931606,0.28983006
605.41931015,0.29055646
605.64931653,0.28897913
605.87933519,0.29157342
606.10936612,0.29601483
606.33940934,0.28626032
606.56946483,0.29750914
606.79953259,0.28752633
607.02961261,0.29095079
607.25970490,0.29041118
607.48980946,0.29985437
607.71992627,0.29383563
607.95005534,0.30296752
608.18019667,0.31620875
608.41035024,0.31660308
608.64051607,0.31967471
608.87069414,0.32702173
609.10088445,0.32502932
609.33108700,0.33345555
609.56130179,0.33939128
609.79152882,0.34769299
610.02176808,0.35093066
610.25201956,0.34731941
610.48228328,0.35599470
610.71255921,0.34385345
610.94284737,0.34823260
611.17314775,0.34150821
611.40346034,0.34561756
611.63378514,0.34441381
611.86412215,0.33594607
612.09447137,0.32600477
612.32483280,0.32191617
612.55520642,0.30998246
612.78559225,0.28399810
613.01599027,0.26154197
613.24640048,0.25263839
613.47682288,0.23657458
613.70725747,0.23663684
613.93770425,0.22542953
614.16816321,0.23178034
614.39863434,0.22758797
614.62911766,0.22989170
614.85961314,0.22821060
615.09012080,0.23308786
615.32064063,0.23175958
615.55117262,0.23080489
615.78171677,0.22511821
616.01227308,0.22408050
616.24284156,0.22760873
616.47342218,0.21955607
616.70401496,0.23041055
616.93461988,0.22823135
617.16523695,0.23041055
617.39586617,0.21631840
617.62650752,0.21555049
617.85716101,0.20785065
618.08782664,0.20216398
618.31850440,0.18859068
618.54919429,0.18180403
618.77989630,0.17970785
619.01061044,0.17182122
619.24133670,0.16268934
619.47207508,0.16086296
619.70282557,0.15787435
619.93358818,0.17130237
620.16436289,0.15413858
620.39514972,0.15903659
620.62594864,0.15073487
620.85675967,0.15254050
621.08758280,0.14438406
621.31841802,0.14033698
621.54926534,0.13730686
621.78012475,0.13162018
622.01099624,0.12707500
622.24187982,0.12483353
622.47277549,0.12246755
622.70368323,0.11896007
622.93460305,0.11298284
623.16553494,0.11119797
623.39647890,0.10702636
623.62743493,0.10951687
623.85840303,0.10546979
624.08938319,0.10654901
624.32037541,0.10671505
624.55137968,0.10891500
624.78239602,0.09760392
625.01342440,0.09635866
625.24446483,0.09550774
625.47551731,0.09494737
625.70658183,0.09509265
625.93765839,0.09434550
626.16874699,0.09640017
626.39984763,0.09092104
626.63096029,0.10048876
626.86208499,0.09886993
627.09322171,0.09878691
627.32437046,0.10470188
627.55553123,0.11142627
627.78670401,0.11038855
628.01788882,0.12035061
628.24908563,0.12531088
628.48029446,0.12284112
628.71151529,0.12773913
628.94274813,0.12856930
629.17399296,0.13205602
629.40524980,0.12993909
629.63651863,0.13301072
629.86779946,0.13413145
630.09909228,0.14259920
630.33039709,0.14679156
630.56171388,0.16517985
630.79304265,0.16532513
631.02438340,0.17395891
631.25573613,0.18099461
631.48710084,0.17970785
631.71847751,0.18190780
631.94986615,0.19041706
632.18126676,0.19645655
632.41267933,0.20641861
632.64410387,0.20125079
632.87554035,0.21434674
633.10698880,0.22810683
633.33844919,0.22943510
633.56992154,0.23441613
633.80140583,0.24549892
634.03290207,0.23458216
634.26441024,0.22430880
634.49593035,0.22320882
634.72746240,0.22412201
634.95900638,0.22916530
635.19056229,0.24182541
635.42213013,0.25207802
635.65370989,0.25348931
635.88530158,0.25558550
636.11690518,0.25724584
636.34852069,0.26268346
636.58014812,0.27193987
636.81178746,0.29061872
637.04343871,0.31004473
637.27510187,0.31849172
637.50677692,0.32521610
637.73846387,0.32897263
637.97016272,0.32492554
638.20187347,0.33065373
638.43359610,0.32488404
638.66533062,0.33617436
638.89707703,0.33845733
639.12883532,0.33003110
639.36060549,0.33474232
639.59238754,0.33096286
639.82418146,0.33877318
640.05598725,0.33714202
640.28780491,0.34760858
640.51963444,0.34293556
640.75147583,0.31202278
640.98332908,0.31687494
641.21519419,0.31193789
641.44707115,0.31484236
641.67895997,0.31101190
641.91086063,0.29931913
642.14277314,0.28903787
642.37469750,0.29209444
642.60663369,0.28082374
642.83858172,0.29347199
643.07054159,0.29804537
643.30251329,0.30736644
643.53449683,0.30965823
643.76649218,0.29960833
643.99849937,0.29897875
644.23051837,0.29934884
644.46254919,0.29201559
644.69459183,0.28896209
644.92664628,0.28240480
645.15871254,0.27027446
645.39079061,0.26145504
645.62288049,0.26802611
645.85498217,0.26213167
646.08709564,0.26008578
646.31922091,0.25075218
646.55135798,0.25733476
646.78350684,0.25968958
647.01566748,0.24975832
647.24783991,0.24536071
647.48002413,0.24181896
647.71222012,0.24108772
647.94442789,0.23870898
648.17664744,0.23573899
648.40887875,0.23641380
648.64112184,0.22722384
648.87337669,0.22609277
649.10564331,0.21943696
649.33792168,0.23275561
649.57021181,0.22667951
649.80251370,0.22912284
650.03482734,0.23436887
650.26715273,0.24534142
650.49948987,0.24341355
650.73183875,0.24157303
650.96419937,0.23350994
651.19657173,0.22926782
651.42895582,0.23857370
651.66135165,0.24470237
651.89375921,0.23755922
652.12617849,0.23310261
652.35860950,0.23562444
652.59105224,0.23595467
652.82350669,0.23413930
653.05597285,0.23440216
653.28845073,0.22854385
653.52094032,0.22687612
653.75344162,0.22981615
653.98595462,0.23403760
654.21847933,0.23582299
654.45101573,0.23276855
654.68356383,0.24076559
654.91612363,0.24222117
655.14869511,0.23225924
655.38127829,0.24380058
655.61387315,0.23892862
655.84647969,0.23966911
656.07909792,0.24692949
656.31172782,0.24115722
656.54436939,0.23617279
656.77702264,0.23564128
657.00968756,0.23818981
657.24236414,0.24539898
657.47505238,0.26006811
657.70775229,0.26762572
657.94046385,0.27157045
658.17318707,0.27534713
658.40592195,0.27955430
658.63866847,0.28417813
658.87142663,0.28586829
659.10419645,0.28521332
659.33697790,0.28270186
659.56977099,0.29318925
659.80257572,0.28120368
660.03539208,0.28110286
660.26822007,0.26829656
660.50105969,0.27032723
660.73391093,0.27174122
660.96677380,0.27073044
661.19964828,0.28219166
661.43253438,0.29125788
661.66543209,0.29139270
661.89834142,0.29212148
662.13126235,0.29152061
662.36419489,0.30269024
662.59713903,0.31612888
662.83009477,0.31149482
663.06306210,0.29594386
663.29604103,0.29806154
663.52903155,0.30044416
663.76203367,0.28118779
663.99504736,0.27539977
664.22807264,0.27451459
664.46110950,0.26969308
664.69415794,0.26440367
664.92721795,0.26207679
665.16028953,0.25966870
665.39337269,0.25624537
665.62646740,0.25908888
665.85957369,0.24837031
666.09269153,0.24139911
666.32582093,0.24821938
666.55896189,0.23948601
666.79211440,0.23215391
667.02527846,0.23630477
667.25845406,0.23588968
667.49164121,0.22864644
667.72483991,0.22669554
667.95805014,0.22395597
668.19127190,0.21980512
668.42450520,0.21870514
668.65775003,0.21353732
668.89100639,0.21351657
669.12427427,0.21065248
669.35755368,0.21123360
669.59084460,0.20423941
669.82414704,0.21648443
670.05746099,0.22418427
670.29078646,0.22642573
670.52412343,0.21667122
670.75747191,0.24101599
670.99083189,0.24410838
671.22420337,0.25029315
671.45758635,0.25184973
671.69098082,0.25473457
671.92438678,0.25184973
672.15780424,0.26284949
672.39123317,0.26185329
672.62467360,0.27600771
672.85812550,0.28042837
673.09158888,0.29528843
673.32506373,0.29809026
673.55855006,0.30097511
673.79204785,0.30234489
674.02555712,0.30352788
674.25907784,0.31137300
674.49261003,0.31492198
674.72615367,0.30875796
674.95970878,0.32114827
675.19327533,0.31890680
675.42685333,0.32762360
675.66044278,0.31546159
675.89404368,0.32260106
676.12765601,0.32168788
676.36127979,0.32318218
676.59491500,0.33420271
676.82856165,0.32606703
677.06221972,0.31876152
677.29588922,0.32042187
677.52957015,0.32872358
677.76326250,0.32853679
677.99696627,0.31276354
678.23068146,0.30796930
678.46440806,0.30689007
678.69814607,0.29576578
678.93189549,0.28829424
679.16565631,0.30508445
679.39942854,0.29078475
679.63321217,0.29302622
679.86700720,0.29009986
680.10081361,0.28480752
680.33463143,0.28659239
680.56846063,0.29173945
680.80230121,0.27853973
681.03615318,0.28721502
681.27001653,0.27779257
681.50389126,0.27849822
681.73777736,0.27247948
681.97167484,0.27135875
682.20558368,0.26899276
682.43950390,0.26639848
682.67343547,0.26405324
682.90737841,0.25382138
683.14133270,0.24811395
683.37529836,0.23937640
683.60927536,0.23968772
683.84326371,0.23499725
684.07726341,0.22071831
684.31127446,0.23134450
684.54529685,0.22459936
684.77933057,0.21791648
685.01337564,0.22069755
685.24743203,0.22493142
685.48149976,0.24622532
685.71557881,0.25772319
685.94966919,0.25990239
686.18377090,0.27121347
686.41788392,0.27903783
686.65200826,0.29254887
686.88614391,0.29601483
687.12029088,0.29227906
687.35444915,0.29369035
687.58861873,0.29510164
687.82279961,0.29279792
688.05699179,0.28837726
688.29119527,0.28406037
688.52541004,0.28424716
688.75963611,0.28105100
688.99387346,0.28194343
689.22812210,0.28758859
689.46238203,0.30118265
689.69665323,0.30581085
689.93093571,0.32031809
690.16522947,0.32509158
690.39953450,0.33727434
690.63385080,0.34769299
690.86817837,0.35086839
691.10251720,0.35672110
691.33686730,0.35975123
691.57122865,0.35263251
691.80560125,0.36269833
692.03998511,0.35543434
692.27438023,0.36400585
692.50878658,0.34933258
692.74320419,0.35219667
692.97763303,0.34839863
693.21207312,0.36319644
693.44652444,0.35582867
693.68098699,0.35979273
693.91546077,0.36466999
694.14994579,0.37320000
694.38444203,0.36956800
694.61894949,0.37789047
694.85346817,0.39150527
695.08799806,0.39347693
695.32253918,0.39704667
695.55709150,0.40206920
695.79165503,0.40709174
696.02622977,0.41018413
696.26081571,0.41912922
696.49541285,0.42824035
696.73002119,0.43307610
696.96464072,0.44092121
697.19927145,0.43743449
697.43391336,0.44777013
697.66856647,0.44876633
697.90323075,0.44214572
698.13790622,0.43039879
698.37259286,0.45410018
698.60729068,0.44901538
698.84199967,0.45866612
699.07671984,0.47886004
699.31145117,0.47618273
699.54619366,0.48153734
699.78094731,0.48313542
700.01571213,0.49758040
700.25048810,0.51032352
700.48527522,0.51098766
700.72007349,0.51663283
700.95488292,0.52057614
701.18970348,0.51856297
701.42453519,0.52198743
701.65937804,0.51663283
701.89423202,0.51972521
702.12909714,0.52653262
702.36397339,0.52016105
702.59886077,0.51847996
702.83375927,0.51453664
703.06866889,0.51798185
703.30358964,0.52051388
703.53852150,0.52157234
703.77346448,0.52920992
704.00841857,0.52852503
704.24338376,0.54830386
704.47836007,0.53211552
704.71334748,0.51671584
704.94834598,0.50476138
705.18335559,0.51320837
705.41837629,0.50243690
705.65340808,0.50040298
705.88845096,0.51459891
706.12350493,0.52146857
706.35856998,0.53773993
706.59364612,0.55183208
706.82873333,0.57042792
707.06383161,0.59705566
707.29894097,0.59450288
707.53406141,0.61623261
707.76919290,0.64149057
708.00433546,0.67312009
708.23948909,0.69748562
708.47465377,0.73098303
708.70982951,0.72633407
708.94501630,0.76095221
709.18021414,0.73957530
709.41542303,0.75972770
709.65064297,0.72043985
709.88587395,0.69802523
710.12111597,0.66355237
710.35636902,0.63771329
710.59163311,0.60815920
710.82690823,0.59157653
711.06219437,0.57652968
711.29749155,0.57650892
711.53279974,0.56789590
711.76811896,0.56851852
712.00344920,0.56312241
712.23879044,0.57725608
712.47414270,0.58383518
712.70950597,0.58595212
712.94488025,0.58653324
713.18026553,0.60224423
713.41566181,0.58283898
713.65106908,0.58202956
713.88648736,0.57451651
714.12191662,0.56829023
714.35735688,0.56036209
714.59280812,0.53867387
714.82827034,0.54224361
715.06374355,0.52055538
715.29922774,0.51198387
715.53472290,0.51966295
715.77022903,0.50652549
716.00574614,0.52188366
716.24127421,0.50339160
716.47681324,0.47863174
716.71236324,0.47533181
716.94792420,0.45870763
717.18349611,0.44926443
717.41907898,0.44318343
717.65467280,0.43878352
717.89027757,0.44216647
718.12589328,0.44478151
718.36151993,0.44511358
718.59715752,0.44229100
718.83280605,0.43253648
719.06846552,0.42734791
719.30413591,0.41771793
719.53981724,0.40437293
719.77550949,0.40138431
720.01121266,0.40460122
720.24692676,0.40748607
720.48265177,0.41358783
720.71838769,0.41933676
720.95413453,0.42124616
721.18989228,0.42134993
721.42566093,0.42112163
721.66144049,0.42043674
721.89723095,0.42205557
722.13303231,0.42510645
722.36884456,0.42958938
722.60466770,0.43382325
722.84050173,0.43681187
723.07634666,0.43288931
723.31220246,0.43618924
723.54806915,0.43840995
723.78394671,0.43230819
724.01983515,0.42095560
724.25573447,0.41365009
724.49164465,0.40613704
724.72756571,0.38534125
724.96349762,0.38216585
725.19944040,0.37448676
725.43539404,0.36051913
725.67135854,0.35632677
725.90733388,0.34837788
726.14332008,0.35034954
726.37931713,0.34331384
726.61532503,0.33245935
726.85134376,0.33553098
727.08737334,0.32768586
727.32341375,0.32027659
727.55946500,0.31977848
727.79552708,0.31946717
728.03159998,0.31793135
728.26768372,0.30971266
728.50377827,0.31554461
728.73988365,0.31971622
728.97599985,0.31369748
729.21212686,0.31886529
729.44826468,0.31587668
729.68441331,0.31141451
729.92057275,0.29506014
730.15674299,0.29333753
730.39292403,0.29398091
730.62911587,0.28831499
730.86531851,0.28862631
731.10153194,0.27918311
731.33775616,0.27113045
731.57399117,0.26656451
731.81023696,0.25882316
732.04649353,0.25114408
732.28276088,0.23829718
732.51903901,0.24095373
732.75532791,0.23078413
732.99162758,0.22715213
733.22793802,0.22009568
733.46425923,0.21920324
733.70059119,0.21112983
733.93693392,0.20841102
734.17328740,0.20662615
734.40965164,0.20515260
734.64602662,0.19660183
734.88241236,0.19390378
735.11880884,0.19608298
735.35521607,0.18921331
735.59163403,0.18549829
735.82806273,0.19182835
736.06450217,0.19213966
736.30095234,0.19514903
736.53741323,0.20286963
736.77388486,0.22185979
737.01036720,0.22530500
737.24686027,0.23528781
737.48336406,0.24798943
737.71987856,0.26177027
737.95640377,0.26942860
738.19293969,0.27326814
738.42948632,0.28312642
738.66604365,0.28738105
738.90261169,0.28044912
739.13919042,0.28327170
739.37577985,0.28013781
739.61237997,0.27822841
739.84899078,0.26870220
740.08561228,0.27218892
740.32224446,0.25749489
740.55888732,0.24431592
740.79554087,0.23103318
741.03220509,0.22298052
741.26887998,0.21299771
741.50556555,0.20158286
741.74226178,0.19803388
741.97896868,0.19672636
742.21568624,0.19400755
742.45241446,0.18616243
742.68915333,0.17947955
742.92590286,0.18008143
743.16266304,0.17130237
743.39943387,0.16453647
743.63621535,0.16864582
743.87300747,0.15914036
744.10981023,0.15831019
744.34662363,0.15621400
744.58344766,0.16397610
744.82028232,0.16488929
745.05712761,0.16509684
745.29398353,0.16818922
745.53085007,0.15808189
745.76772724,0.16053089
746.00461502,0.16088372
746.24151341,0.15812340
746.47842242,0.15932715
746.71534204,0.15743851
746.95227227,0.16011581
747.18921310,0.16592701
747.42616453,0.16165163
747.66312656,0.16544966
747.90009918,0.16399686
748.13708240,0.17910597
748.37407621,0.18991895
748.61108061,0.18325683
748.84809559,0.18126442
749.08512115,0.17534945
749.32215730,0.17198726
749.55920401,0.17005711
749.79626131,0.16598927
750.03332917,0.16974579
750.27040760,0.16225350
750.50749660,0.16752509
750.74459616,0.17053446
750.98170628,0.16551192
751.21882695,0.17040993
751.45595818,0.16827224
751.69309997,0.17673999
751.93025230,0.17663622
752.16741517,0.17348157
752.40458859,0.17049295
752.64177256,0.16443270
752.87896705,0.16877034
753.11617209,0.16488929
753.35338765,0.16750433
753.59061374,0.16841752
753.82785037,0.17011937
754.06509751,0.17887768
754.30235518,0.18661902
754.53962336,0.19157930
754.77690206,0.20149984
755.01419127,0.21133737
755.25149099,0.22395597
755.48880122,0.22823135
755.72612195,0.22416352
755.96345319,0.22893700
756.20079492,0.22464086
756.43814715,0.22623894
756.67550987,0.23061810
756.91288309,0.22520123
757.15026679,0.22964265
757.38766097,0.22105037
757.62506564,0.21650519
757.86248079,0.20191493
758.09990641,0.19406981
758.33734251,0.18749070
758.57478908,0.18717939
758.81224612,0.18873596
759.04971362,0.17997765
759.28719159,0.17557775
759.52468001,0.16472326
759.76217889,0.17113633
759.99968823,0.16524212
760.23720802,0.15195938
760.47473826,0.15513478
760.71227894,0.15337067
760.94983007,0.14629346
761.18739164,0.14359540
761.42496364,0.13840683
761.66254608,0.14046151
761.90013895,0.13703705
762.13774226,0.14120866
762.37535598,0.13201451
762.61298014,0.13469182
762.85061471,0.13873890
763.08825970,0.14102187
763.32591511,0.14475764
763.56358093,0.14911604
763.80125716,0.15617250
764.03894380,0.16748358
764.27664084,0.17082502
764.51434829,0.16744207
764.75206613,0.17945880
764.98979437,0.18805107
765.22753300,0.19521130
765.46528203,0.21712782
765.70304144,0.21548823
765.94081124,0.21249961
766.17859142,0.21575803
766.41638197,0.21795799
766.65418291,0.20976005
766.89199422,0.21017513
767.12981590,0.20434318
767.36764795,0.19709994
767.60549036,0.19510752
767.84334314,0.19539808
768.08120628,0.19079063
768.31907977,0.19108119
768.55696362,0.19209815
768.79485782,0.18975292
769.03276238,0.18753221
769.27067727,0.19396604
769.50860251,0.18626620
769.74653809,0.19172458
769.98448401,0.19328115
770.22244027,0.19649806
770.46040685,0.19938291
770.69838377,0.20098099
770.93637101,0.20511109
771.17436858,0.20355452
771.41237647,0.20718652
771.65039468,0.21654670
771.88842320,0.20930345
772.12646204,0.20949024
772.36451118,0.20874309
772.60257064,0.20517335
772.84064039,0.19641504
773.07872045,0.19712069
773.31681081,0.19249249
773.55491147,0.19108119
773.79302242,0.19118497
774.03114366,0.18601715
774.26927519,0.18778126
774.50741700,0.18053802
774.74556910,0.17333629
774.98373147,0.17910597
775.22190413,0.18350588
775.46008705,0.17678150
775.69828025,0.17555699
775.93648372,0.17744563
776.17469745,0.17588906
776.41292145,0.17991539
776.65115570,0.17530794
776.88940022,0.17750790
777.12765499,0.17016088
777.36592001,0.17246461
777.60419528,0.16509684
777.84248079,0.16275160
778.08077655,0.16057240
778.31908256,0.16177615
778.55739879,0.15081789
778.79572527,0.15019526
779.03406198,0.14361616
779.27240891,0.14131243
779.51076608,0.13400693
779.74913346,0.13280318
779.98751107,0.14002567
780.22589890,0.15297634
780.46429695,0.13643518
780.70270520,0.13786722
780.94112367,0.13745214
781.17955235,0.14465387
781.41799123,0.13417296
781.65644031,0.13701630
781.89489959,0.13153717
782.13336907,0.13043719
782.37184874,0.12485429
782.61033861,0.13272016
782.84883866,0.14172752
783.08734890,0.13668423
783.32586931,0.13186923
783.56439991,0.12863157
783.80294069,0.12707500
784.04149164,0.12767687
784.28005276,0.12497881
784.51862406,0.13311449
784.75720551,0.12701273
784.99579713,0.12585049
785.23439891,0.13311449
785.47301085,0.13265790
785.71163295,0.13539746
785.95026519,0.14230864
786.18890759,0.14027472
786.42756013,0.14266146
786.66622282,0.13637291
786.90489564,0.14382370
787.14357861,0.13469182
787.38227171,0.13861438
787.62097494,0.13025040
787.85968831,0.13253337
788.09841180,0.12919193
788.33714541,0.13018814
788.57588915,0.12298640
788.81464301,0.12194869
789.05340698,0.12113927
789.29218106,0.12068268
789.53096526,0.12184492
789.76975956,0.11871102
790.00856397,0.12250905
790.24737848,0.12387884
790.48620309,0.12180341
790.72503780,0.13085227
790.96388260,0.13101831
791.20273749,0.13817854
791.44160247,0.13328053
791.68047754,0.13089378
791.91936269,0.12811271
792.15825792,0.12321470
792.39716323,0.12294489
792.63607861,0.11657333
792.87500406,0.11285831
793.11393958,0.12140908
793.35288517,0.11520355
793.59184082,0.11337717
793.83080653,0.10420378
794.06978230,0.10827162
794.30876813,0.11568090
794.54776401,0.10868670
794.78676993,0.10947537
795.02578591,0.11821292
795.26481193,0.11759029
795.50384798,0.11294133
795.74289408,0.11769406
795.98195022,0.11609598
796.22101638,0.12091097
796.46009258,0.12089022
796.69917880,0.12408638
796.93827505,0.12317319
797.17738132,0.12572597
797.41649761,0.13124661
797.65562392,0.13834457
797.89476024,0.14000491
798.13390657,0.13944455
798.37306290,0.14755947
798.61222925,0.14158224
798.85140559,0.14689533
799.09059194,0.13763892
799.32978828,0.14490292
799.56899462,0.13305223
799.80821094,0.13819929
800.04743726,0.13566727
800.28667356,0.12902590
800.52591985,0.13170320
800.76517611,0.13527294
801.00444236,0.13267865
801.24371857,0.13591632
801.48300476,0.14434256
801.72230092,0.15254050
801.96160705,0.16111201
802.20092314,0.17229857
802.44024919,0.17188349
802.67958519,0.18022671
802.91893116,0.18087009
803.15828707,0.18311155
803.39765294,0.18940010
803.63702875,0.20172814
803.87641450,0.19112270
804.11581020,0.18875671
804.35521584,0.19525280
804.59463141,0.19583392
804.83405692,0.19128874
805.07349235,0.18917180
805.31293772,0.19444339
805.55239300,0.18881898
805.79185821,0.18363041
806.03133334,0.17744563
806.27081839,0.16866657
806.51031335,0.16563645
806.74981822,0.15845547
806.98933300,0.15814415
807.22885768,0.14699910
807.46839227,0.14191431
807.70793675,0.13606160
807.94749114,0.13759742
808.18705542,0.13054096
808.42662959,0.13089378
808.66621364,0.12765612
808.90580759,0.12705424
809.14541141,0.13045794
809.38502512,0.12510334
809.62464871,0.12375431
809.86428217,0.12389959
810.10392550,0.12186567
810.34357870,0.11545260
810.58324177,0.11941667
810.82291470,0.11096967
811.06259749,0.10530376
811.30229015,0.10416227
811.54199265,0.09712657
811.78170501,0.09258138
812.02142722,0.08245329
812.26115928,0.07797037
812.50090118,0.07402706
812.74065292,0.06902528
812.98041450,0.06771776
813.22018592,0.07145353
813.45996717,0.05771419
813.69975825,0.05640667
813.93955916,0.05740288
814.17936989,0.05536896
814.41919045,0.05138414
814.65902083,0.05605385
814.89886102,0.04675593
815.13871102,0.04947474
815.37857084,0.04642386
815.61844047,0.04814647
815.85831990,0.05184073
816.09820913,0.04619557
816.33810817,0.04391260
816.57801700,0.04328997
816.81793562,0.04262583
817.05786404,0.04115228
817.29780225,0.03378451
817.53775024,0.03297509
817.77770801,0.03183361
818.01767557,0.02757898
818.25765290,0.02961290
818.49764001,0.03077514
818.73763689,0.03235246
818.97764354,0.02770350
819.21765996,0.03129399
819.45768614,0.02519224
819.69772209,0.02486017
819.93776779,0.02382245
820.17782324,0.02249418
820.41788845,0.02378095
820.65796341,0.01772070
820.89804812,0.01832257
821.13814257,0.01761692
821.37824677,0.01975462
821.61836070,0.01861313
821.85848437,0.01786598
822.09861777,0.02494319
822.33876090,0.02662428
822.57891376,0.02780728
822.81907635,0.02961290
823.05924866,0.03494675
823.29943069,0.04347676
823.53962243,0.05534820
823.77982389,0.06821586
824.02003506,0.07865526
824.26025594,0.08880410
824.50048652,0.10903953
824.74072681,0.11549411
824.98097680,0.13386165
825.22123648,0.13919549
825.46150586,0.16856280
825.70178493,0.16897789
825.94207369,0.16984957
826.18237214,0.17636641
826.42268027,0.18674355
826.66299808,0.19079063
826.90332557,0.19747351
827.14366273,0.20583749
827.38400957,0.20801669
827.62436608,0.20961477
827.86473225,0.21563351
828.10510809,0.22316731
828.34549359,0.22316731
828.58588874,0.22677856
828.82629356,0.23059734
829.06670802,0.21812402
829.30713214,0.22530500
829.54756590,0.21175246
829.78800931,0.21438825
830.02846236,0.21451278
830.26892505,0.21667122
830.50939738,0.21017513
830.74987934,0.20928270
830.99037093,0.21677499
831.23087215,0.22022020
831.47138299,0.21515616
831.71190346,0.21476183
831.95243355,0.21503163
832.19297325,0.21106757
832.43352257,0.21108832
832.67408150,0.21158642
832.91465003,0.21289394
833.15522818,0.19604147
833.39581592,0.19683013
833.63641327,0.19369623
833.87702022,0.18240591
834.11763676,0.16644586
834.35826289,0.16308367
834.59889861,0.16767037
834.83954392,0.14766324
835.08019881,0.14079357
835.32086328,0.13633140
835.56153733,0.13909172
835.80222095,0.13056171
836.04291415,0.12080720
836.28361692,0.11429036
836.52432926,0.11076213
836.76505116,0.10993196
837.00578262,0.11163381
837.24652364,0.09735487
837.48727421,0.09141914
837.72803434,0.08697773
837.96880402,0.08164388
838.20958325,0.07896658
838.45037202,0.07855149
838.69117033,0.07562514
838.93197819,0.07691190
839.17279558,0.07645531
839.41362250,0.08440420
839.65445896,0.08326271
839.89530494,0.08936447
840.13616045,0.09152291
840.37702548,0.09046445
840.61790003,0.09349457
840.85878410,0.09938879
841.09967768,0.09625489
841.34058078,0.09563226
841.58149338,0.08988333
841.82241549,0.08986257
842.06334710,0.09121160
842.30428821,0.08969654
842.54523883,0.08859656
842.78619893,0.09150216
843.02716853,0.08674943
843.26814762,0.08830600
843.50913619,0.08427967
843.75013425,0.08475702
843.99114179,0.08442495
844.23215881,0.08809846
844.47318530,0.08205896
844.71422127,0.09361910
844.95526670,0.08457023
845.19632161,0.08357403
845.43738597,0.07467044
845.67845980,0.08307592
845.91954309,0.07485723
846.16063584,0.07205540
846.40173803,0.07107995
846.64284968,0.07481572
846.88397078,0.06593289
847.12510132,0.06885924
847.36624130,0.06717814
847.60739073,0.06836114
847.84854959,0.06653476
848.08971788,0.07251199
848.33089561,0.06937810
848.57208276,0.07531382
848.81327934,0.08004580
849.05448534,0.08064767
849.29570076,0.08392685
849.53692560,0.09741713
849.77815986,0.09938879
850.01940353,0.10737918
850.26065660,0.11043006
850.50191908,0.11858650
850.74319097,0.11686389
850.98447225,0.12499957
851.22576294,0.12979381
851.46706301,0.13475408
851.70837248,0.13575028
851.94969135,0.15102543
852.19101959,0.15222918
852.43235722,0.17024390
852.67370424,0.17460230
852.91506063,0.18192856
853.15642640,0.18508321
853.39780154,0.18693034
853.63918605,0.19653957
853.88057992,0.19927913
854.12198317,0.19797162
854.36339577,0.20085646
854.60481773,0.20307717
854.84624905,0.20062816
855.08768973,0.20515260
855.32913975,0.19253399
855.57059912,0.18848691
855.81206784,0.19573015
856.05354590,0.19602071
856.29503330,0.19689239
856.53653004,0.19622826
856.77803611,0.19469244
857.01955151,0.18603790
857.26107624,0.22173527
857.50261030,0.18975292
857.74415367,0.18309080
857.98570637,0.16987032
858.22726839,0.17767393
858.46883972,0.16503457
858.71042037,0.16331197
858.95201032,0.15384802
859.19360958,0.14731042
859.43521814,0.14272372
859.67683601,0.13819929
859.91846317,0.14716514
860.16009963,0.12802969
860.40174538,0.12699198
860.64340042,0.11759029
860.88506474,0.11619975
861.12673835,0.11323189
861.36842125,0.11059610
861.61011342,0.11177909
861.85181487,0.11362622
862.09352559,0.10903953
862.33524558,0.11877328
862.57697484,0.11213191
862.81871336,0.11767331
863.06046114,0.12207321
863.30221819,0.11777708
863.54398449,0.12719952
863.78576004,0.11682238
864.02754485,0.11624126
864.26933890,0.11159230
864.51114220,0.11188286
864.75295474,0.11316963
864.99477653,0.11686389
865.23660755,0.10642449
865.47844780,0.10106988
865.72029728,0.10042650
865.96215600,0.10050952
866.20402394,0.09901521
866.44590110,0.09463606
866.68778748,0.08315894
866.92968308,0.08589850
867.17158790,0.08484004
867.41350193,0.08921919
867.65542516,0.09007011
867.89735761,0.08857581
868.13929926,0.09007011
868.38125011,0.09042294
868.62321015,0.09104557
868.86517940,0.09884918
869.10715783,0.09478134
869.34914546,0.09745864
869.59114227,0.10335285
869.83314827,0.09901521
870.07516344,0.10389247
870.31718780,0.09947180
870.55922133,0.11123948
870.80126404,0.10852067
871.04331592,0.10553205
871.28537696,0.10144346
871.52744717,0.09146065
871.76952655,0.09183423
872.01161508,0.09289270
872.25371277,0.08737206
872.49581961,0.08002504
872.73793560,0.08338724
872.98006075,0.07934015
873.22219503,0.07682888
873.46433846,0.07315538
873.70649103,0.07151579
873.94865274,0.06834038
874.19082358,0.07334217
874.43300356,0.07020827
874.67519266,0.06925357
874.91739089,0.06340087
875.15959824,0.06421028
875.40181471,0.05794249
875.64404031,0.06122167
875.88627501,0.05661422
876.12851883,0.05136338
876.37077176,0.05082377
876.61303379,0.04762761
876.85530493,0.05306523
877.09758517,0.04441070
877.33987451,0.04339374
877.58217294,0.04486729
877.82448047,0.04194094
878.06679709,0.05208978
878.30912279,0.05188224
878.55145758,0.05410295
878.79380145,0.05619913
879.03615440,0.05856512
879.27851643,0.06358765
879.52088753,0.06373293
879.76326770,0.06391972
880.00565694,0.07020827
880.24805524,0.06977243
880.49046260,0.07054034
880.73287903,0.06881773
880.97530451,0.07188937
881.21773905,0.06601590
881.46018264,0.06636873
881.70263527,0.07516854
881.94509695,0.07454591
882.18756768,0.07203465
882.43004744,0.07288557
882.67253625,0.07496100
882.91503409,0.07161956
883.15754095,0.07070637
883.40005685,0.07232521
883.64258178,0.07161956
883.88511573,0.06541403
884.12765869,0.06823661
884.37021068,0.06688758
884.61277168,0.07122523
884.85534170,0.06323483
885.09792072,0.06257069
885.34050876,0.05993490
885.58310579,0.06381595
885.82571183,0.06325559
886.06832686,0.05941604
886.31095090,0.06788379
886.55358392,0.06242541
886.79622594,0.05848210
887.03887694,0.05466331
887.28153693,0.05711232
887.52420589,0.05981038
887.76688384,0.05671799
888.00957077,0.05514066
888.25226667,0.04548992
888.49497154,0.04729554
888.73768537,0.04825024
888.98040818,0.04347676
889.22313994,0.04248055
889.46588067,0.04922569
889.70863035,0.04111077
889.95138899,0.03947118
890.19415657,0.03874478
890.43693311,0.03642030
890.67971859,0.03540334
890.92251302,0.03060910
891.16531639,0.03054684
891.40812869,0.02629221
891.65094993,0.02459036
891.89378010,0.02556581
892.13661920,0.02272248
892.37946723,0.02450735
892.62232418,0.02247343
892.86519005,0.02625070
893.10806484,0.02618844
893.35094854,0.03413733
893.59384116,0.02620920
893.83674269,0.02963365
894.07965312,0.02930158
894.32257246,0.03363923
894.56550070,0.03434487
894.80843784,0.04453523
895.05138388,0.03905610
895.29433881,0.04721253
895.53730263,0.04171264
895.78027533,0.04683895
896.02325692,0.04482579
896.26624740,0.04509559
896.50924675,0.05144640
896.75225498,0.05640667
896.99527208,0.05418597
897.23829806,0.05584631
897.48133290,0.05810852
897.72437661,0.05949906
897.96742918,0.05972736
898.21049061,0.06032923
898.45356090,0.05522368
898.69664005,0.06076507
898.93972804,0.05217280
899.18282488,0.05781796
899.42593057,0.06319332
899.66904511,0.05767268
899.91216848,0.06032923
900.15530069,0.05696704
900.39844174,0.06053677
900.64159162,0.05557650
900.88475033,0.05725760
901.12791786,0.06524800
901.37109422,0.06753097
901.61427940,0.06049527
901.85747340,0.06431405
902.10067621,0.06568384
902.34388784,0.07176484
902.58710827,0.07147428
902.83033752,0.06721965
903.07357557,0.06856868
903.31682242,0.06713664
903.56007807,0.06719890
903.80334251,0.06709513
904.04661575,0.06807058
904.28989778,0.06979318
904.53318860,0.07413083
904.77648820,0.07095542
905.01979659,0.07234596
905.26311375,0.07340443
905.50643969,0.07732699
905.74977441,0.08398911
905.99311789,0.08899089
906.23647015,0.09351533
906.47983117,0.09575679
906.72320095,0.09328703
906.96657950,0.10005292
907.20996680,0.09613036
907.45336285,0.10109064
907.69676766,0.09594358
907.94018122,0.10405850
908.18360352,0.09561151
908.42703457,0.10117365
908.67047435,0.09509265
908.91392288,0.09679450
909.15738014,0.09635866
909.40084613,0.08926070
909.64432085,0.08932296
909.88780430,0.08901165
910.13129648,0.08718527
910.37479737,0.08187217
910.61830699,0.08046088
910.86182531,0.07992127
911.10535236,0.07610248
911.34888811,0.08014957
911.59243257,0.06827812
911.83598573,0.06937810
912.07954760,0.06771776
912.32311816,0.06877622
912.56669743,0.07458742
912.81028538,0.06944036
913.05388203,0.06914980
913.29748736,0.07365348
913.54110138,0.06638948
913.78472408,0.06464612
914.02835547,0.05835758
914.27199552,0.06147072
914.51564426,0.05655195
914.75930166,0.05451803
915.00296774,0.05291995
915.24664247,0.05580480
915.49032588,0.05653120
915.73401794,0.05765193
915.97771866,0.05788023
916.22142803,0.06719890
916.46514606,0.07284406
916.70887274,0.07051958
916.95260806,0.06780077
917.19635202,0.07404781
917.44010463,0.07373650
917.68386588,0.08517210
917.92763576,0.08218349
918.17141427,0.09345306
918.41520141,0.10129818
918.65899718,0.09434550
918.90280158,0.09901521
919.14661459,0.10358115
919.39043623,0.10615468
919.63426648,0.11043006
919.87810534,0.11684314
920.12195281,0.12387884
920.36580890,0.12657689
920.60967358,0.13570878
920.85354687,0.14517273
921.09742876,0.15735549
921.34131924,0.15442914
921.58521832,0.15884980
921.82912599,0.15368198
922.07304225,0.15200089
922.31696709,0.13658046
922.56090052,0.13639367
922.80484252,0.13020889
923.04879310,0.12549767
923.29275226,0.11734124
923.53671999,0.10833388
923.78069629,0.09793599
924.02468115,0.09801900
924.26867458,0.08652113
924.51267656,0.07857224
924.75668711,0.07008374
925.00070621,0.06582912
925.24473386,0.06387821
925.48877006,0.06477065
925.73281481,0.06479140
925.97686810,0.05922926
926.22092994,0.06107639
926.46500031,0.05721609
926.70907921,0.05235959
926.95316665,0.05503689
927.19726262,0.04760686
927.44136712,0.05061623
927.68548014,0.04368430
927.92960168,0.04534464
928.17373175,0.03915987
928.41787032,0.03957495
928.66201741,0.03816366
928.90617302,0.03189587
929.15033713,0.03048458
929.39450974,0.03046382
929.63869086,0.02801482
929.88288047,0.02936385
930.12707859,0.02907329
930.37128520,0.03974099
930.61550029,0.02809784
930.85972388,0.03282981
931.10395595,0.03056759
931.34819651,0.02928083
931.59244554,0.03247699
931.83670306,0.03540334
932.08096904,0.04023909
932.32524350,0.04312393
932.56952643,0.04436919
932.81381782,0.05144640
933.05811768,0.04980681
933.30242600,0.06086884
933.54674278,0.05978962
933.79106801,0.06678381
934.03540169,0.06655552
934.27974382,0.06587062
934.52409440,0.07157805
934.76845343,0.07311387
935.01282089,0.07186861
935.25719680,0.07487798
935.50158114,0.07577042
935.74597391,0.07178559
935.99037511,0.07070637
936.23478474,0.06937810
936.47920279,0.06987620
936.72362927,0.07718171
936.96806417,0.06412727
937.21250748,0.06815360
937.45695920,0.06493668
937.70141934,0.06057828
937.94588788,0.05922926
938.19036483,0.05844059
938.43485019,0.06541403
938.67934394,0.05630290
938.92384608,0.05655195
939.16835663,0.05665572
939.41287556,0.05617838
939.65740288,0.05553499
939.90193859,0.04685970
940.14648268,0.05128037
940.39103515,0.04700498
940.63559600,0.05281618
940.88016523,0.04605029
941.12474282,0.05370862
941.36932879,0.05142565
941.61392312,0.05445577
941.85852581,0.05335579
942.10313687,0.05267090
942.34775628,0.05298222
942.59238405,0.05161243
942.83702017,0.05306523
943.08166464,0.05721609
943.32631746,0.05499538
943.57097862,0.04791817
943.81564813,0.04912192
944.06032597,0.05088603
944.30501215,0.05030491
944.54970666,0.05306523
944.79440950,0.04486729
945.03912067,0.04229376
945.28384016,0.04760686
945.52856798,0.04194094
945.77330412,0.04324846
946.01804857,0.03658634
946.26280133,0.03449015
946.50756241,0.03600522
946.75233179,0.04100700
946.99710948,0.03687690
947.24189548,0.03874478
947.48668977,0.03781084
947.73149236,0.04028060
947.97630324,0.03579767
948.22112242,0.04113152
948.46594988,0.03978250
948.71078563,0.03664860
948.95562966,0.04932946
949.20048198,0.04025984
949.44534257,0.04119379
949.69021144,0.04032211
949.93508857,0.04179566
950.17997398,0.04254281
950.42486766,0.04106926
950.66976959,0.04619557
950.91467979,0.04592576
951.15959825,0.04468051
951.40452496,0.04003155
951.64945993,0.03837120
951.89440314,0.04592576
952.13935461,0.03722972
952.38431431,0.03756179
952.62928226,0.03216567
952.87425845,0.03594295
953.11924287,0.03764480
953.36423553,0.03422035
953.60923642,0.03347319
953.85424553,0.03598446
954.09926287,0.03000723
954.34428843,0.03013176
954.58932222,0.02948837
954.83436421,0.03262227
955.07941443,0.02948837
955.32447285,0.02413377
955.56953948,0.02481866
955.81461432,0.02585637
956.05969736,0.02278474
956.30478860,0.01813578
956.54988803,0.01823955
956.79499567,0.01799050
957.04011149,0.02272248
957.28523550,0.01585281
957.53036770,0.01643393
957.77550808,0.01734712
958.02065664,0.01697354
958.26581338,0.01213779
958.51097830,0.01610186
958.75615139,0.01433775
959.00133264,0.01796975
959.24652207,0.01066424
959.49171965,0.01942255
959.73692540,0.01572828
959.98213931,0.01460755
960.22736137,0.01620563
960.47259159,0.01809427
960.71782995,0.05310674
960.96307647,0.02178853
961.20833112,0.02116591
961.45359392,0.02718465
961.69886486,0.02432056
961.94414394,0.02591864
962.18943115,0.02749596
962.43472648,0.02714314
962.68002995,0.03175059
962.92534154,0.03496750
963.17066126,0.03241473
963.41598909,0.03581843
963.66132504,0.03729198
963.90666911,0.03907685
964.15202128,0.03891082
964.39738157,0.04739932
964.64274996,0.04426542
964.88812645,0.05128037
965.13351104,0.04316544
965.37890374,0.04719177
965.62430452,0.04862382
965.86971340,0.04978606
966.11513036,0.05227657
966.36055542,0.05771419
966.60598855,0.05275392
966.85142977,0.04912192
967.09687907,0.04795968
967.34233644,0.04916343
967.58780188,0.04800119
967.83327539,0.04702574
968.07875697,0.05148791
968.32424661,0.05638592
968.56974432,0.05128037
968.81525008,0.04856156
969.06076390,0.04708800
969.30628577,0.05113509
969.55181570,0.05275392
969.79735367,0.05493312
970.04289968,0.04978606
970.28845374,0.05493312
970.53401583,0.05495387
970.77958597,0.06076507
971.02516413,0.05080302
971.27075033,0.05449728
971.51634455,0.05190299
971.76194680,0.05798400
972.00755708,0.05252562
972.25317537,0.05412370
972.49880168,0.05177847
972.74443600,0.05109358
972.99007834,0.04883136
973.23572868,0.05101056
973.48138703,0.05042944
973.72705338,0.04951625
973.97272774,0.04912192
974.21841009,0.05318976
974.46410043,0.05659346
974.70979877,0.05501614
974.95550510,0.05090679
975.20121941,0.05543122
975.44694171,0.05520292
975.69267199,0.05242185
975.93841024,0.05418597
976.18415647,0.05958208
976.42991068,0.05779721
976.67567285,0.05348032
976.92144299,0.05397842
977.16722110,0.05441426
977.41300717,0.05841984
977.65880119,0.05812928
977.90460317,0.05298222
978.15041311,0.06080658
978.39623099,0.05702930
978.64205683,0.05715383
978.88789061,0.05377088
979.13373233,0.05613687
979.37958199,0.04887287
979.62543958,0.04372581
979.87130511,0.04511635
980.11717857,0.04538615
980.36305996,0.03986551
980.60894928,0.03841271
980.85484651,0.03648256
981.10075167,0.03830894
981.34666475,0.03575616
981.59258573,0.03774858
981.83851463,0.03505052
982.08445144,0.03413733
982.33039616,0.03351470
982.57634878,0.02969592
982.82230930,0.03197889
983.06827771,0.03380526
983.31425403,0.03496750
983.56023823,0.03465619
983.80623032,0.03575616
984.05223031,0.03137701
984.29823817,0.03260151
984.54425391,0.03380526
984.79027754,0.02932234
985.03630904,0.03287132
985.28234841,0.03197889
985.52839565,0.03770707
985.77445076,0.03623351
986.02051374,0.04194094
986.26658457,0.03529957
986.51266327,0.04594652
986.75874982,0.04362204
987.00484422,0.04563520
987.25094647,0.04920494
987.49705658,0.04511635
987.74317452,0.04279187
987.98930031,0.04337299
988.23543394,0.04632009
988.48157541,0.04393335
988.72772471,0.04625783
988.97388184,0.05503689
989.22004680,0.04320695
989.46621959,0.05069925
989.71240020,0.04806345
989.95858862,0.04984832
990.20478487,0.04082021
990.45098893,0.05001436
990.69720080,0.04393335
990.94342048,0.04264659
991.18964797,0.03951269
991.43588326,0.04131831
991.68212635,0.03683539
991.92837724,0.03752028
992.17463593,0.03596371
992.42090240,0.03380526
992.66717667,0.03181285
992.91345872,0.02936385
993.15974856,0.02591864
993.40604618,0.02988270
993.65235158,0.02527525
993.89866475,0.02851292
994.14498570,0.02554506
994.39131441,0.02643749
994.63765090,0.02749596
994.88399515,0.02869971
995.13034716,0.02842990
995.37670693,0.03011100
995.62307445,0.02658277
995.86944973,0.02440357
996.11583276,0.02268097
996.36222354,0.02579411
996.60862206,0.02452810
996.85502833,0.02537903
997.10144233,0.02492243
997.34786408,0.02183004
997.59429355,0.02349039
997.84073076,0.02286776
998.08717570,0.01415096
998.33362836,0.01815654
998.58008875,0.01466982
998.82655685,0.01649619
999.07303267,0.02486017
999.31951621,0.01861313
999.56600746,0.01367361
999.81250642,0.01367361
1000.05901309,0.01246986
1000.30552746,0.01282269
1000.55204953,0.01085103
1000.79857929,0.01549999
1001.04511676,0.01369437
1001.29166191,0.01678675
1001.53821476,0.01026991
1001.78477529,0.01363210
1002.03134351,0.01226232
1002.27791941,0.01454529
1002.52450299,0.01803201
1002.77109424,0.01606035
1003.01769317,0.01045670
1003.26429976,0.01599809
1003.51091403,0.01350758
1003.75753596,0.01510566
1004.00416555,0.01485661
1004.25080280,0.01998291
1004.49744771,0.01780371
1004.74410027,0.01238685
1004.99076048,0.01429624
1005.23742834,0.01489811
1005.48410384,0.02004518
1005.73078699,0.01367361
1005.97747778,0.01601884
1006.22417620,0.01624714
1006.47088226,0.01475283
1006.71759595,0.01464906
1006.96431727,0.01867539
1007.21104622,0.01547923
1007.45778279,0.02102063
1007.70452698,0.01298872
1007.95127879,0.01790748
1008.19803821,0.01716033
1008.44480524,0.02220362
1008.69157988,0.02270172
1008.93836213,0.02214136
1009.18515199,0.01599809
1009.43194944,0.01853011
1009.67875450,0.01790748
1009.92556715,0.01595658
1010.17238739,0.01950556
1010.41921522,0.01948481
1010.66605064,0.02097912
1010.91289364,0.01871690
1011.15974422,0.01786598
1011.40660239,0.01840559
1011.65346813,0.01911123
1011.90034144,0.02496394
1012.14722232,0.02035649
1012.39411078,0.01796975
1012.64100679,0.02008668
1012.88791037,0.01956783
1013.13482151,0.02147722
1013.38174020,0.02041875
1013.62866645,0.02685258
1013.87560025,0.02732993
1014.12254160,0.02440357
1014.36949049,0.02637523
1014.61644693,0.02909404
1014.86341091,0.02095836
1015.11038242,0.02160175
1015.35736147,0.02571109
1015.60434805,0.02014895
1015.85134216,0.02133194
1016.09834379,0.01979612
1016.34535295,0.02004518
1016.59236963,0.02058479
1016.83939383,0.02118666
1017.08642554,0.02058479
1017.33346476,0.01933953
1017.58051150,0.01975462
1017.82756574,0.01508490
1018.07462748,0.01568678
1018.32169673,0.01850936
1018.56877347,0.01276042
1018.81585771,0.01898671
1019.06294945,0.01556225
1019.31004867,0.01033217
1019.55715538,0.00863032
1019.80426957,0.01624714
1020.05139125,0.01809427
1020.29852041,0.01487736
1020.54565704,0.01062273
1020.79280114,0.01201327
1021.03995272,0.00840202
1021.28711177,0.01437926
1021.53427828,0.01155667
1021.78145225,0.01303023
1022.02863368,0.00985482
1022.27582257,0.00670017
1022.52301891,0.01556225
1022.77022270,0.01282269
1023.01743395,0.01230383
1023.26465263,0.01114159
1023.51187876,0.00300591
1023.75911234,0.00726054
1024.00635335,0.00809071
1024.25360179,0.00622282
1024.50085766,0.00696998
1024.74812097,0.00705300
1024.99539170,0.00692847
1025.24266985,0.00686621
1025.48995543,0.00402287
1025.73724842,0.00491531
1025.98454883,0.00811146
1026.23185665,0.00279837
1026.47917188,0.00244555
1026.72649452,0.00765487
1026.97382456,0.00624358
1027.22116200,0.00333798
1027.46850685,0.00526813
1027.71585908,0.00483229
1027.96321872,0.00414740
1028.21058574,0.00178141
1028.45796014,-0.01405411
1028.70534194,-0.01272583
1028.95273111,-0.01297488
1029.20012767,-0.01314092
1029.44753160,-0.01204094
1029.69494290,-0.01156359
