198.80933475,0.00908452
199.01143578,0.00669977
199.21355429,0.00128742
199.41569028,0.00141184
199.61784374,0.00321596
199.82001468,0.00224132
200.02220309,0.00232427
200.22440896,0.00128742
200.42663230,0.00141184
200.62887310,0.00240722
200.83113136,0.00319522
201.03340708,-0.00026785
201.23570025,0.00356848
201.43801087,0.00462607
201.64033894,0.00477123
201.84268445,0.00456386
202.04504741,0.00398322
202.24742780,0.00278048
202.44982564,0.00377585
202.65224090,-0.00159502
202.85467360,0.00551776
203.05712372,0.00230353
203.25959128,-0.00078628
203.46207625,0.00369291
203.66457864,0.00356848
203.86709846,0.00537260
204.06963568,0.00412838
204.27219032,0.00452238
204.47476237,0.00236574
204.67735182,0.00149479
204.87995868,0.01128263
205.08258293,0.00771588
205.28522459,0.00394175
205.48788364,0.00137037
205.69056008,0.00358922
205.89325391,0.00840020
206.09596513,0.00298785
206.29869374,0.00680345
206.50143972,0.00526892
206.70420308,0.00336112
206.90698382,0.00249016
207.10978194,0.00072752
207.31259742,0.00684492
207.51543027,-0.00016417
207.71828048,0.00180584
207.92114806,0.00307080
208.12403299,0.00997620
208.32693528,0.00151553
208.52985493,0.00311227
208.73279193,-0.00169870
208.93574627,0.00968589
209.13871796,0.00504081
209.34170699,0.00325743
209.54471336,0.00022983
209.74773707,0.00560071
209.95077811,0.00172290
210.15383649,0.00193027
210.35691219,0.00491639
210.56000522,0.00574587
210.76311557,-0.00047522
210.96624324,0.00659608
211.16938823,0.00213763
211.37255053,0.00348554
211.57573015,-0.00018490
211.77892707,0.00576660
211.98214130,0.00159847
212.18537284,0.00257311
212.38862167,0.00180584
212.59188781,0.00182658
212.79517124,-0.00026785
212.99847196,-0.00028859
213.20178997,0.00497860
213.40512527,0.00497860
213.60847785,0.00257311
213.81184772,0.00288417
214.01523486,-0.00084849
214.21863928,0.00464681
214.42206097,0.00543481
214.62549993,0.00305006
214.82895616,-0.00024712
215.03242966,0.00340259
215.23592042,0.00018836
215.43942843,0.00317448
215.64295370,0.00385880
215.84649623,0.00541407
216.05005601,0.00804767
216.25363303,0.00323669
216.45722731,0.00222058
216.66083882,0.00047868
216.86446757,0.00236574
217.06811356,0.00267680
217.27177679,0.00690713
217.47545724,0.00443944
217.67915493,0.00234500
217.88286984,0.00383807
218.08660198,0.00562144
218.29035133,0.00767440
218.49411790,0.00902230
218.69790169,0.00363070
218.90170269,0.00371364
219.10552090,0.00613987
219.30935632,0.00441870
219.51320894,-0.00010196
219.71707876,0.00029205
219.92096578,0.00574587
220.12486999,-0.00113880
220.32879140,0.00557997
220.53272999,0.00058236
220.73668578,0.00491639
220.94065875,0.00535186
221.14464890,0.00174363
221.34865623,0.00392101
221.55268073,0.00176437
221.75672241,-0.00165723
221.96078126,0.00255237
222.16485728,0.00039573
222.36895046,0.00118373
222.57306080,0.00414912
222.77718831,0.00209616
222.98133297,-0.00128396
223.18549478,0.00379659
223.38967375,-0.00030933
223.59386986,-0.00033006
223.79808312,0.00103858
224.00231352,0.00296711
224.20656106,0.00512376
224.41082574,0.00516523
224.61510756,0.00852462
224.81940650,0.00027131
225.02372258,0.00022983
225.22805578,0.00168142
225.43240610,-0.00215492
225.63677355,0.00452238
225.84115811,-0.00095217
226.04555979,0.00213763
226.24997858,0.00052015
226.45441448,0.00307080
226.65886748,0.00603618
226.86333759,0.00346480
227.06782480,0.00166068
227.27232911,0.00108005
227.47685052,0.00313301
227.68138902,0.00493712
227.88594461,-0.00020564
228.09051728,0.00327817
228.29510704,0.00269753
228.49971389,0.00732187
228.70433781,0.00543481
228.90897881,0.00261458
229.11363688,0.00087268
229.31831202,0.00483344
229.52300423,0.00512376
229.72771350,0.00176437
229.93243984,0.00047868
230.13718324,0.00114226
230.34194369,0.00188879
230.54672120,0.00744630
230.75151576,0.00064457
230.95632737,0.00763293
231.16115602,0.00211690
231.36600172,0.00161921
231.57086446,0.00029205
231.77574423,0.00348554
231.98064104,-0.00194755
232.18555488,0.00110079
232.39048575,0.00331964
232.59543365,0.00072752
232.80039857,-0.00053743
233.00538051,0.00493712
233.21037947,0.00557997
233.41539544,0.01968110
233.62042843,0.00201321
233.82547842,0.00234500
234.03054543,0.00769514
234.23562943,0.00122521
234.44073044,0.00443944
234.64584845,0.00441870
234.85098345,0.00145332
235.05613545,0.00385880
235.26130444,0.00555923
235.46649041,0.00236574
235.67169337,0.00493712
235.87691331,0.00628503
236.08215023,0.00010541
236.28740413,0.00493712
236.49267500,0.00267680
236.69796284,0.00014689
236.90326765,0.00329890
237.10858942,0.00489565
237.31392816,0.00533113
237.51928386,0.00584955
237.72465651,0.00199248
237.93004612,0.00095563
238.13545268,0.00099710
238.34087619,0.00524818
238.54631664,0.00174363
238.75177404,0.00300859
238.95724838,0.00078973
239.16273965,0.00448091
239.36824786,0.00686566
239.57377300,0.00174363
239.77931508,0.00475049
239.98487407,0.00327817
240.19045000,0.00421133
240.39604284,0.00323669
240.60165260,-0.00304660
240.80727928,0.00379659
241.01292287,0.00454312
241.21858337,0.00497860
241.42426077,0.00269753
241.62995508,0.00286343
241.83566630,-0.00014343
242.04139441,0.00292564
242.24713941,0.00085194
242.45290131,0.00166068
242.65868010,0.00319522
242.86447578,0.00130816
243.07028835,0.00483344
243.27611779,0.00665829
243.48196412,0.00589102
243.68782732,0.00209616
243.89370739,0.00195100
244.09960434,0.00022983
244.30551816,0.00483344
244.51144884,0.00278048
244.71739638,0.00224132
244.92336078,0.00302932
245.12934204,0.00323669
245.33534016,0.00203395
245.54135512,0.00006394
245.74738694,0.00201321
245.95343560,0.00128742
246.15950110,0.00759145
246.36558345,0.00242795
246.57168263,0.00350627
246.77779865,0.00215837
246.98393150,0.00479197
247.19008118,0.00168142
247.39624769,0.00396249
247.60243102,0.00394175
247.80863117,0.00566292
248.01484814,0.00334038
248.22108192,0.00294638
248.42733252,-0.00120102
248.63359993,-0.00053743
248.83988415,-0.00033006
249.04618517,0.00725966
249.25250299,0.00108005
249.45883761,-0.00076554
249.66518903,0.00392101
249.87155724,0.00122521
250.07794224,0.00379659
250.28434403,0.00334038
250.49076260,0.00823430
250.69719796,-0.00035080
250.90365009,-0.00103512
251.11011901,0.00143258
251.31660469,0.00549702
251.52310715,0.00219985
251.72962638,0.00288417
251.93616237,0.00280122
252.14271513,0.00325743
252.34928464,0.00081047
252.55587091,0.00049942
252.76247394,0.00193027
252.96909372,0.00398322
253.17573025,0.00232427
253.38238352,0.00147405
253.58905354,0.00282195
253.79574030,0.00166068
254.00244380,0.00493712
254.20916403,0.00920894
254.41590099,0.00618134
254.62265469,0.00195100
254.82942511,0.00095563
255.03621225,0.00182658
255.24301612,0.00433575
255.44983670,0.00103858
255.65667400,0.00470902
255.86352802,0.00118373
256.07039874,0.00099710
256.27728617,0.00157774
256.48419031,0.00385880
256.69111115,0.00329890
256.89804868,0.00217911
257.10500292,0.00095563
257.31197384,0.00298785
257.51896146,0.00900157
257.72596577,-0.00207197
257.93298676,0.00184732
258.14002443,0.00228279
258.34707878,0.00244869
258.55414981,0.00253164
258.76123752,0.00190953
258.96834190,0.00580808
259.17546294,-0.00068259
259.38260065,-0.00055817
259.58975502,0.00014689
259.79692606,0.00302932
260.00411375,0.00280122
260.21131810,-0.00267334
260.41853909,0.00244869
260.62577674,0.00199248
260.83303103,0.00381733
261.04030197,-0.00232081
261.24758955,0.00124595
261.45489377,-0.00062038
261.66221462,0.00215837
261.86955210,0.00358922
262.07690622,0.00172290
262.28427696,0.00031278
262.49166433,-0.00182312
262.69906831,0.00576660
262.90648892,-0.00047522
263.11392614,0.00029205
263.32137998,0.00402470
263.52885042,0.00423207
263.73633747,0.00518597
263.94384113,-0.00078628
264.15136139,0.00367217
264.35889825,0.00970662
264.56645171,0.00537260
264.77402176,0.00327817
264.98160840,0.00300859
265.18921163,-0.00105586
265.39683144,-0.00103512
265.60446784,0.00763293
265.81212081,0.00153626
266.01979037,0.00201321
266.22747650,0.00068605
266.43517920,0.00134963
266.64289847,-0.00126323
266.85063430,0.00188879
267.05838670,0.00052015
267.26615566,0.00317448
267.47394117,-0.00130470
267.68174324,-0.00122175
267.88956187,0.00526892
268.09739704,0.00381733
268.30524876,0.00520670
268.51311702,0.00744630
268.72100183,-0.00095217
268.92890317,-0.00055817
269.13682105,-0.00136691
269.34475546,-0.00111807
269.55270640,0.00078973
269.76067387,0.00170216
269.96865786,-0.00026785
270.17665838,-0.00041301
270.38467541,0.00228279
270.59270896,0.00217911
270.80075902,0.00176437
271.00882560,0.00143258
271.21690868,0.00004320
271.42500826,0.00406617
271.63312435,0.00307080
271.84125694,0.00137037
272.04940602,0.00746703
272.25757160,0.00267680
272.46575367,0.00576660
272.67395223,0.00114226
272.88216727,0.00139110
273.09039880,0.00810988
273.29864681,0.00278048
273.50691129,0.00280122
273.71519225,0.00294638
273.92348968,0.00161921
274.13180358,0.00064457
274.34013395,0.00137037
274.54848077,0.00201321
274.75684406,0.00203395
274.96522381,0.00363070
275.17362001,-0.00337840
275.38203267,0.00502007
275.59046177,0.00305006
275.79890732,0.00282195
276.00736932,0.00315375
276.21584776,0.00029205
276.42434263,-0.00064112
276.63285394,-0.00557651
276.84138169,0.00097637
277.04992586,0.00387954
277.25848646,0.00265606
277.46706349,0.00060310
277.67565694,-0.00317103
277.88426680,-0.00174018
278.09289309,-0.00043375
278.30153578,-0.00167797
278.51019489,0.00728040
278.71887041,0.00128742
278.92756233,0.00518597
279.13627065,0.00392101
279.34499537,0.00392101
279.55373649,0.00516523
279.76249401,0.01016284
279.97126791,0.00354775
280.18005820,-0.00006048
280.38886488,0.00408691
280.59768795,-0.00062038
280.80652739,0.00298785
281.01538321,0.00095563
281.22425540,0.00155700
281.43314397,0.00271827
281.64204891,-0.00074480
281.85097021,0.00375512
282.05990788,0.00400396
282.26886190,0.00269753
282.47783229,-0.00109733
282.68681903,0.00446017
282.89582212,0.00058236
283.10484156,0.00137037
283.31387735,0.00311227
283.52292949,0.00288417
283.73199796,0.00203395
283.94108277,0.00504081
284.15018392,-0.00053743
284.35930141,0.00120447
284.56843522,0.00203395
284.77758536,0.00466754
284.98675183,0.00120447
285.19593461,0.00837946
285.40513372,0.00408691
285.61434914,0.00412838
285.82358088,-0.00285997
286.03282893,0.00060310
286.24209328,0.00504081
286.45137395,-0.00043375
286.66067091,0.00311227
286.86998417,0.00058236
287.07931373,0.00400396
287.28865959,0.00387954
287.49802174,0.00068605
287.70740017,0.00163995
287.91679489,0.00263532
288.12620590,0.00083121
288.33563318,-0.00055817
288.54507675,0.00468828
288.75453658,0.00012615
288.96401269,-0.00043375
289.17350507,0.00000173
289.38301372,0.00566292
289.59253863,0.00176437
289.80207980,0.00613987
290.01163723,0.00300859
290.22121091,0.00348554
290.43080085,0.00255237
290.64040703,0.00273901
290.85002947,0.00338185
291.05966815,0.00808914
291.26932307,0.00340259
291.47899422,0.00255237
291.68868162,0.00319522
291.89838525,0.00168142
292.10810511,0.00775735
292.31784119,0.00180584
292.52759350,-0.00033006
292.73736204,0.00305006
292.94714679,0.00331964
293.15694776,-0.00003975
293.36676494,0.00105931
293.57659834,0.00076900
293.78644794,0.00190953
293.99631375,-0.00024712
294.20619576,0.00342333
294.41609397,0.00800619
294.62600838,0.00093489
294.83593898,0.00288417
295.04588578,0.00078973
295.25584876,-0.00236229
295.46582793,0.00037499
295.67582328,0.00259385
295.88583481,0.00016762
296.09586253,0.00099710
296.30590641,0.00269753
296.51596647,0.00163995
296.72604270,0.00130816
296.93613509,0.00560071
297.14624365,-0.00271481
297.35636837,0.00163995
297.56650925,0.00197174
297.77666629,0.00008468
297.98683947,-0.00028859
298.19702881,0.00141184
298.40723429,0.00193027
298.61745592,0.00284269
298.82769369,0.00630576
299.03794760,0.00802693
299.24821765,-0.00205123
299.45850383,0.00390028
299.66880614,0.00074826
299.87912458,-0.00057891
300.08945914,-0.00142912
300.29980983,0.00253164
300.51017663,0.00307080
300.72055955,0.00618134
300.93095859,0.00325743
301.14137374,0.00147405
301.35180499,-0.00122175
301.56225235,-0.00008122
301.77271582,-0.00230007
301.98319538,0.01053610
302.19369105,-0.00383461
302.40420280,0.00089342
302.61473065,0.00383807
302.82527459,0.00172290
303.03583461,-0.00184386
303.24641072,0.00155700
303.45700291,0.00269753
303.66761117,0.00342333
303.87823552,0.00504081
304.08887593,0.00226206
304.29953241,0.00076900
304.51020496,0.00029205
304.72089358,0.00649240
304.93159825,0.00342333
305.14231899,0.00178511
305.35305578,0.00358922
305.56380862,0.00267680
305.77457752,0.00211690
305.98536246,0.00166068
306.19616344,0.00178511
306.40698047,0.00313301
306.61781354,0.00161921
306.82866264,0.00435649
307.03952778,0.00112152
307.25040895,0.00099710
307.46130614,0.00112152
307.67221937,0.00166068
307.88314861,-0.00144986
308.09409387,0.00392101
308.30505515,0.00222058
308.51603245,0.00354775
308.72702576,-0.00003975
308.93803507,0.00093489
309.14906039,0.00145332
309.36010172,0.00263532
309.57115904,0.00452238
309.78223236,0.00255237
309.99332168,0.00259385
310.20442699,0.00506155
310.41554829,0.00224132
310.62668557,-0.00194755
310.83783884,0.00414912
311.04900809,-0.00337840
311.26019332,0.00193027
311.47139452,0.00188879
311.68261169,0.00280122
311.89384484,0.00394175
312.10509395,0.00331964
312.31635903,0.00296711
312.52764007,0.00288417
312.73893706,0.00070678
312.95025002,0.00093489
313.16157892,-0.00122175
313.37292378,0.00472975
313.58428458,0.00217911
313.79566133,0.00307080
314.00705402,0.00307080
314.21846266,0.00234500
314.42988722,-0.00003975
314.64132772,0.00468828
314.85278416,-0.00153281
315.06425652,0.01012136
315.27574480,-0.00062038
315.48724901,0.00338185
315.69876914,-0.00107659
315.91030518,0.00410765
316.12185715,0.00101784
316.33342502,0.00278048
316.54500880,0.00186805
316.75660848,0.00392101
316.96822407,0.00329890
317.17985556,0.00093489
317.39150295,0.00085194
317.60316624,0.00338185
317.81484541,0.00219985
318.02654048,0.00201321
318.23825143,0.00280122
318.44997826,0.00280122
318.66172098,0.00369291
318.87347957,0.00597397
319.08525404,0.00145332
319.29704439,0.00257311
319.50885060,0.00047868
319.72067268,0.00350627
319.93251063,0.00234500
320.14436443,0.00186805
320.35623410,0.00877346
320.56811962,0.00495786
320.78002100,-0.00080701
320.99193822,0.00022983
321.20387130,-0.00080701
321.41582021,0.00058236
321.62778498,0.00506155
321.83976558,0.00282195
322.05176201,0.00197174
322.26377428,0.00027131
322.47580239,0.00582881
322.68784632,0.00489565
322.89990607,-0.00028859
323.11198165,0.00085194
323.32407305,0.00288417
323.53618027,0.00271827
323.74830330,-0.00006048
323.96044215,0.00224132
324.17259680,0.00591176
324.38476726,0.00419059
324.59695352,0.00134963
324.80915558,0.00180584
325.02137344,0.00049942
325.23360710,0.00139110
325.44585655,0.00549702
325.65812178,0.00439796
325.87040281,-0.00103512
326.08269962,0.00439796
326.29501221,-0.00111807
326.50734058,0.00616060
326.71968472,0.00064457
326.93204464,0.00821356
327.14442032,0.00547628
327.35681178,0.00363070
327.56921900,-0.00018490
327.78164198,0.00193027
327.99408072,-0.00115954
328.20653522,0.00280122
328.41900547,0.00029205
328.63149147,0.00238648
328.84399322,0.00085194
329.05651071,0.00292564
329.26904395,0.00093489
329.48159293,0.00253164
329.69415764,0.00176437
329.90673809,0.00346480
330.11933427,0.00178511
330.33194617,0.00479197
330.54457381,0.00155700
330.75721716,-0.00130470
330.96987624,0.00122521
331.18255104,0.00244869
331.39524154,0.00699008
331.60794777,0.00211690
331.82066970,-0.00167797
332.03340733,0.00188879
332.24616067,0.00562144
332.45892971,0.00161921
332.67171445,0.00315375
332.88451489,0.00087268
333.09733102,0.00238648
333.31016283,0.00238648
333.52301034,0.00058236
333.73587352,-0.00111807
333.94875239,-0.00242450
334.16164694,-0.00001901
334.37455717,-0.00209270
334.58748306,0.00587029
334.80042463,0.00342333
335.01338187,-0.00051670
335.22635477,0.00377585
335.43934333,0.00066531
335.65234755,0.00572513
335.86536743,0.00390028
336.07840296,0.00108005
336.29145415,-0.00016417
336.50452098,0.00284269
336.71760345,0.00327817
336.93070157,0.00344406
337.14381533,-0.00045448
337.35694473,0.00244869
337.57008976,0.00595323
337.78325042,0.00004320
337.99642671,0.00197174
338.20961863,0.00137037
338.42282617,0.00485418
338.63604933,-0.00122175
338.84928810,0.00193027
339.06254250,0.00346480
339.27581250,0.00014689
339.48909812,0.00230353
339.70239934,0.00481270
339.91571616,0.00103858
340.12904859,0.00244869
340.34239661,-0.00273555
340.55576023,0.00406617
340.76913945,0.00294638
340.98253425,0.00323669
341.19594464,0.00302932
341.40937061,0.00006394
341.62281217,0.00190953
341.83626930,0.00908452
342.04974201,0.00232427
342.26323030,-0.00051670
342.47673415,0.00309153
342.69025357,0.00877346
342.90378856,-0.00122175
343.11733911,0.00477123
343.33090522,0.00319522
343.54448688,0.00137037
343.75808410,0.00203395
343.97169687,0.00188879
344.18532519,-0.00035080
344.39896906,0.00296711
344.61262847,-0.00263187
344.82630341,0.00520670
345.03999390,0.00394175
345.25369992,0.00483344
345.46742147,0.00752924
345.68115855,0.00307080
345.89491115,0.00302932
346.10867928,-0.00010196
346.32246293,0.00292564
346.53626210,-0.00240376
346.75007679,-0.00070333
346.96390698,0.00458460
347.17775269,0.00294638
347.39161390,-0.00022638
347.60549061,0.00238648
347.81938283,0.00199248
348.03329055,0.00244869
348.24721376,0.00280122
348.46115246,0.00450165
348.67510665,0.00037499
348.88907634,0.00132889
349.10306150,-0.00006048
349.31706215,-0.00115954
349.53107828,0.00184732
349.74510988,0.00172290
349.95915696,0.00464681
350.17321950,0.00427354
350.38729752,0.00547628
350.60139100,0.00139110
350.81549994,0.00207542
351.02962435,-0.00059964
351.24376421,0.00280122
351.45791952,0.00072752
351.67209028,-0.00084849
351.88627650,0.00054089
352.10047816,0.00315375
352.31469526,0.00232427
352.52892780,0.00379659
352.74317578,0.00470902
352.95743919,0.00234500
353.17171804,0.00236574
353.38601232,0.00441870
353.60032202,-0.00151207
353.81464714,0.00703156
354.02898769,-0.00341987
354.24334365,-0.00132544
354.45771503,-0.00209270
354.67210182,0.00437723
354.88650403,0.00311227
355.10092164,0.00537260
355.31535465,-0.00076554
355.52980306,0.00808914
355.74426687,0.00327817
355.95874608,0.00186805
356.17324069,0.00234500
356.38775068,-0.00113880
356.60227606,0.00290490
356.81681682,-0.00418714
357.03137297,-0.00149133
357.24594449,0.00313301
357.46053139,0.00578734
357.67513367,0.00572513
357.88975132,0.00060310
358.10438433,0.00033352
358.31903271,0.00151553
358.53369645,0.00209616
358.74837556,-0.00317103
358.96307002,0.00178511
359.17777983,-0.00265260
359.39250499,0.00271827
359.60724551,0.00269753
359.82200137,0.00251090
360.03677257,0.00041647
360.25155911,0.00022983
360.46636100,0.00211690
360.68117821,-0.00261113
360.89601076,-0.00059964
361.11085864,0.00358922
361.32572184,-0.00377240
361.54060037,0.00159847
361.75549422,0.00134963
361.97040338,0.00493712
362.18532786,0.00462607
362.40026766,0.00093489
362.61522276,0.00178511
362.83019318,0.00477123
363.04517889,0.00066531
363.26017991,0.00311227
363.47519623,-0.00118028
363.69022784,0.00302932
363.90527474,-0.00026785
364.12033694,0.00786103
364.33541442,-0.00111807
364.55050719,-0.00028859
364.76561524,-0.00043375
364.98073857,0.00170216
365.19587718,-0.00033006
365.41103106,0.00087268
365.62620021,-0.00074480
365.84138463,0.00356848
366.05658432,0.00211690
366.27179927,0.00348554
366.48702948,0.00076900
366.70227494,0.00058236
366.91753566,0.00396249
367.13281163,0.00147405
367.34810285,-0.00151207
367.56340932,0.00234500
367.77873103,0.00155700
367.99406798,0.00309153
368.20942017,-0.00111807
368.42478759,0.00188879
368.64017025,0.00041647
368.85556813,0.00564218
369.07098125,-0.00109733
369.28640958,0.00122521
369.50185314,0.00193027
369.71731191,0.00354775
369.93278590,-0.00389682
370.14827511,0.00238648
370.36377952,-0.00041301
370.57929914,0.00101784
370.79483397,0.00653387
371.01038400,0.00408691
371.22594922,0.00012615
371.44152965,0.00190953
371.65712526,0.00197174
371.87273607,-0.00078628
372.08836206,0.00435649
372.30400324,0.00526892
372.51965960,-0.00109733
372.73533114,0.00271827
372.95101786,-0.00018490
373.16671976,0.00568365
373.38243682,0.00396249
373.59816905,0.00313301
373.81391645,-0.00259039
374.02967901,0.00402470
374.24545673,0.00139110
374.46124961,-0.00128396
374.67705764,0.00209616
374.89288082,-0.00101438
375.10871916,0.00103858
375.32457264,0.00195100
375.54044126,-0.00018490
375.75632503,0.00599471
375.97222393,0.00354775
376.18813797,-0.00265260
376.40406713,-0.00010196
376.62001143,0.00190953
376.83597086,-0.00451893
377.05194541,-0.00020564
377.26793508,0.00323669
377.48393987,0.00379659
377.69995978,0.00427354
377.91599480,0.00064457
378.13204493,-0.00055817
378.34811016,0.00412838
378.56419050,0.00369291
378.78028595,0.00396249
378.99639649,0.00103858
379.21252213,-0.00037154
379.42866286,0.00257311
379.64481868,-0.00118028
379.86098960,0.00777809
380.07717559,0.00365143
380.29337667,0.00217911
380.50959283,0.00078973
380.72582407,0.00282195
380.94207038,0.00334038
381.15833176,0.00118373
381.37460821,0.00199248
381.59089972,0.00157774
381.80720630,0.00383807
382.02352794,0.00018836
382.23986464,0.00257311
382.45621639,0.00081047
382.67258319,0.00145332
382.88896505,0.00122521
383.10536195,0.00495786
383.32177389,0.00269753
383.53820087,-0.00001901
383.75464289,0.00103858
383.97109995,0.00184732
384.18757204,0.00052015
384.40405916,0.00118373
384.62056131,-0.00207197
384.83707848,0.00145332
385.05361067,0.00134963
385.27015788,0.00238648
385.48672011,0.00508228
385.70329735,0.00429428
385.91988960,0.00406617
386.13649686,0.00033352
386.35311912,0.00120447
386.56975639,0.00396249
386.78640865,0.00209616
387.00307592,0.00149479
387.21975817,-0.00047522
387.43645542,0.00234500
387.65316765,0.00163995
387.86989487,0.00433575
388.08663707,0.00060310
388.30339426,-0.00030933
388.52016641,0.00416986
388.73695355,0.00466754
388.95375565,0.00421133
389.17057273,0.00025057
389.38740477,0.00674124
389.60425177,0.00566292
389.82111374,-0.00064112
390.03799066,0.00715598
390.25488253,0.00193027
390.47178936,-0.00039227
390.68871114,0.00340259
390.90564787,0.00269753
391.12259954,0.00066531
391.33956614,0.00311227
391.55654769,0.00039573
391.77354418,0.00311227
391.99055559,-0.00008122
392.20758194,0.00271827
392.42462321,0.00346480
392.64167941,0.00433575
392.85875053,0.00435649
393.07583657,0.00022983
393.29293752,0.00381733
393.51005339,0.00412838
393.72718417,0.00342333
393.94432986,0.00460533
394.16149045,0.00284269
394.37866594,0.00124595
394.59585634,0.00535186
394.81306163,0.00472975
395.03028181,0.00555923
395.24751689,0.00964441
395.46476685,0.00259385
395.68203170,0.00267680
395.89931143,0.00640945
396.11660604,0.00363070
396.33391553,0.00454312
396.55123990,0.00068605
396.76857913,0.00479197
396.98593324,0.00537260
397.20330221,-0.00163649
397.42068604,0.00371364
397.63808474,-0.00203049
397.85549829,0.00651313
398.07292670,0.00636797
398.29036996,0.00462607
398.50782807,0.00616060
398.72530103,0.00649240
398.94278883,0.00412838
399.16029147,0.00659608
399.37780895,0.00317448
399.59534127,0.00603618
399.81288841,0.00570439
400.03045039,0.00717672
400.24802720,0.00852462
400.46561883,0.00385880
400.68322529,0.00093489
400.90084656,0.00278048
401.11848265,0.00495786
401.33613355,0.00327817
401.55379926,0.00338185
401.77147978,0.00609839
401.98917511,0.00788177
402.20688524,0.00207542
402.42461017,0.00290490
402.64234989,0.00516523
402.86010441,-0.00064112
403.07787372,0.00707303
403.29565782,0.00506155
403.51345670,0.00626429
403.73127037,0.00672050
403.94909882,0.00234500
404.16694205,0.00653387
404.38480005,0.00273901
404.60267282,0.00400396
404.82056036,0.00176437
405.03846267,0.00769514
405.25637974,0.00889788
405.47431157,0.00655461
405.69225816,0.00431502
405.91021951,0.00317448
406.12819561,0.00292564
406.34618645,0.00354775
406.56419205,0.00317448
406.78221239,0.00338185
407.00024747,0.00643018
407.21829729,0.00120447
407.43636184,0.00821356
407.65444113,0.00613987
407.87253515,0.00794398
408.09064390,0.00593250
408.30876737,0.00609839
408.52690556,0.00993473
408.74505847,0.00431502
408.96322610,0.00752924
409.18140844,0.00483344
409.39960550,0.00344406
409.61781726,0.00744630
409.83604372,0.00607766
410.05428489,0.00802693
410.27254076,0.00190953
410.49081133,0.00840020
410.70909659,0.00750851
410.92739654,0.00470902
411.14571118,0.01047389
411.36404051,0.00599471
411.58238452,0.01007989
411.80074321,0.00630576
412.01911658,0.00848314
412.23750462,0.00939557
412.45590734,0.00769514
412.67432472,0.00539334
412.89275677,0.00734261
413.11120349,0.00508228
413.32966486,0.00375512
413.54814090,0.00543481
413.76663159,0.00732187
413.98513693,0.00365143
414.20365692,0.00363070
414.42219156,0.00667903
414.64074084,0.00253164
414.85930477,0.00524818
415.07788333,0.00298785
415.29647653,0.00613987
415.51508437,0.00458460
415.73370683,0.00412838
415.95234392,0.00288417
416.17099564,0.00765367
416.38966198,0.00678271
416.60834294,0.00609839
416.82703851,0.00711450
417.04574870,0.00284269
417.26447350,0.00634724
417.48321291,0.00570439
417.70196692,0.00219985
417.92073554,0.00736335
418.13951875,0.00800619
418.35831657,0.00394175
418.57712898,0.00356848
418.79595598,0.00976883
419.01479757,0.00916746
419.23365374,0.00618134
419.45252450,0.00439796
419.67140984,0.00875272
419.89030975,0.00931262
420.10922425,0.00999694
420.32815331,0.00543481
420.54709694,0.00672050
420.76605514,0.00622282
420.98502791,0.00595323
421.20401523,0.00224132
421.42301712,0.00674124
421.64203356,0.00956147
421.86106455,0.00454312
422.08011009,0.00524818
422.29917018,0.00769514
422.51824482,0.00655461
422.73733399,0.00497860
422.95643771,0.00798546
423.17555596,0.00688640
423.39468875,0.00454312
423.61383606,0.00574587
423.83299790,0.00522744
424.05217427,0.00587029
424.27136516,0.00705229
424.49057057,0.00690713
424.70979050,0.00640945
424.92902494,0.00725966
425.14827390,0.00502007
425.36753736,0.00690713
425.58681532,0.01049463
425.80610779,0.00699008
426.02541476,0.01053610
426.24473623,0.00477123
426.46407219,0.00699008
426.68342265,0.00149479
426.90278759,0.00802693
427.12216702,0.00719745
427.34156093,0.00750851
427.56096933,0.00933336
427.78039220,0.01086789
427.99982955,0.00674124
428.21928137,0.00506155
428.43874766,0.00280122
428.65822841,0.00676198
428.87772363,0.00898083
429.09723331,0.00620208
429.31675745,0.00363070
429.53629605,0.00342333
429.75584910,0.00678271
429.97541660,0.00802693
430.19499854,0.00452238
430.41459494,0.01047389
430.63420577,0.00742556
430.85383104,0.00769514
431.07347075,0.00790251
431.29312489,0.01117895
431.51279347,0.00620208
431.73247647,0.00597397
431.95217390,0.00611913
432.17188574,0.00968589
432.39161201,0.00553850
432.61135270,0.00504081
432.83110780,0.00981031
433.05087731,0.01109600
433.27066123,0.00618134
433.49045956,0.00983105
433.71027229,0.00674124
433.93009942,0.00916746
434.14994095,0.00703156
434.36979687,0.00690713
434.58966718,0.00761219
434.80955189,0.00900157
435.02945098,0.00769514
435.24936445,0.01428949
435.46929230,0.00864904
435.68923454,0.00933336
435.90919115,0.01242317
436.12916213,0.00721819
436.34914748,0.01196695
436.56914720,0.00962368
436.78916128,0.01012136
437.00918972,0.00893936
437.22923252,0.00674124
437.44928968,0.00999694
437.66936119,0.00877346
437.88944706,0.01072273
438.10954727,0.01018357
438.32966182,0.01037021
438.54979072,0.01022505
438.76993395,0.01744151
438.99009153,0.01489086
439.21026343,0.01428949
439.43044967,0.01370886
439.65065024,0.01928710
439.87086513,0.00933336
440.09109434,0.00989326
440.31133788,0.00821356
440.53159573,0.01399917
440.75186789,0.00871125
440.97215437,0.01063979
441.19245516,0.01319043
441.41277025,0.01161442
441.63309964,0.01119968
441.85344334,0.01360517
442.07380133,0.01113747
442.29417362,0.01207064
442.51456020,0.01136558
442.73496107,0.01372959
442.95537623,0.01350149
443.17580567,0.01464202
443.39624939,0.01617655
443.61670739,0.01207064
443.83717967,0.01507750
444.05766622,0.01532634
444.27816704,0.01667424
444.49868212,0.01049463
444.71921147,0.01117895
444.93975509,0.01524339
445.16031296,0.01513971
445.38088508,0.01501528
445.60147147,0.01605213
445.82207210,0.01117895
446.04268698,0.01472497
446.26331610,0.01860278
446.48395947,0.00862830
446.70461707,0.01165590
446.92528892,0.01057758
447.14597499,0.01526413
447.36667530,0.00852462
447.58738984,0.01881015
447.80811860,0.01292085
448.02886158,0.00939557
448.24961879,0.01451760
448.47039021,0.01433097
448.69117585,0.01961889
448.91197570,0.01468349
449.13278975,0.00723893
449.35361802,0.01007989
449.57446049,0.01457981
449.79531715,0.00827577
450.01618802,0.00949925
450.23707308,0.00949925
450.45797234,0.01592771
450.67888578,0.01080568
450.89981341,0.00935410
451.12075522,0.01408212
451.34171122,0.01545076
451.56268139,0.01704751
451.78366574,0.01509823
452.00466426,0.01698530
452.22567696,0.00964441
452.44670382,0.01231948
452.66774484,0.00858683
452.88880003,0.01652908
453.10986938,0.01254759
453.33095288,0.01646687
453.55205053,0.01194622
453.77316234,0.00842093
453.99428830,0.01256832
454.21542840,0.01242317
454.43658264,0.01366738
454.65775102,0.01184253
454.87893354,0.01292085
455.10013019,0.01457981
455.32134098,0.01843688
455.54256589,0.01858204
455.76380493,0.01088863
455.98505809,0.01433097
456.20632537,0.01482865
456.42760677,0.01524339
456.64890229,0.01263053
456.87021191,0.01966036
457.09153565,0.01681940
457.31287349,0.01524339
457.53422544,0.02208659
457.75559149,0.02003363
457.97697163,0.01358443
458.19836587,0.01800141
458.41977420,0.01822951
458.64119663,0.01930783
458.86263313,0.01559592
459.08408373,0.02011658
459.30554840,0.01777330
459.52702716,0.02478239
459.74851999,0.01545076
459.97002689,0.02596440
460.19154786,0.01887236
460.41308290,0.02038616
460.63463201,0.01686087
460.85619518,0.01669498
461.07777241,0.01922489
461.29936369,0.01860278
461.52096903,0.02268796
461.74258841,0.02260501
461.96422185,0.01893457
462.18586933,0.01972257
462.40753086,0.02509345
462.62920642,0.02022026
462.85089602,0.01854057
463.07259966,0.01827099
463.29431733,0.01601066
463.51604902,0.01806362
463.73779475,0.01860278
463.95955449,0.02341375
464.18132826,0.02484460
464.40311604,0.01800141
464.62491784,0.02001289
464.84673365,0.02192069
465.06856347,0.02268796
465.29040730,0.01997142
465.51226513,0.01941152
465.73413696,0.01764888
465.95602279,0.02293680
466.17792261,0.02434692
466.39983643,0.02704272
466.62176424,0.02221101
466.84370603,0.02876389
467.06566181,0.02270870
467.28763157,0.02606808
467.50961531,0.02326859
467.73161303,0.02503124
467.95362472,0.02252206
468.17565038,0.02687682
468.39769001,0.02287459
468.61974360,0.02378702
468.84181116,0.02355891
469.06389267,0.02973852
469.28598814,0.02501050
469.50809757,0.02851504
469.73022094,0.02822473
469.95235827,0.02706346
470.17450954,0.02413955
470.39667475,0.02440913
470.61885390,0.02492755
470.84104699,0.02747820
471.06325402,0.02938600
471.28547498,0.02312344
471.50770986,0.02625472
471.72995867,0.02235617
471.95222141,0.01966036
472.17449806,0.02144374
472.39678864,0.01661203
472.61909313,0.02306122
472.84141153,0.02198290
473.06374384,0.03015326
473.28609005,0.02461650
473.50845017,0.02109121
473.73082420,0.02438839
473.95321212,0.02237690
474.17561393,0.02762335
474.39802964,0.02067647
474.62045924,0.02312344
474.84290273,0.01951520
475.06536010,0.02613029
475.28783136,0.02428470
475.51031649,0.02594366
475.73281550,0.01804288
475.95532838,0.01810509
476.17785513,0.02204511
476.40039575,0.02252206
476.62295024,0.02134006
476.84551859,0.02360039
477.06810080,0.02285385
477.29069686,0.02579850
477.51330678,0.02422249
477.73593055,0.02552892
477.95856817,0.02343449
478.18121963,0.02544597
478.40388494,0.02720862
478.62656409,0.02897126
478.84925707,0.02391144
479.07196389,0.02546671
479.29468455,0.02378702
479.51741903,0.02845283
479.74016733,0.02165111
479.96292946,0.02235617
480.18570542,0.02416028
480.40849519,0.02055205
480.63129877,0.02656577
480.85411617,0.02343449
481.07694738,0.02044837
481.29979239,0.02482387
481.52265121,0.02100827
481.74552383,0.02277091
481.96841025,0.02200364
482.19131046,0.02496902
482.41422447,0.02248059
482.63715227,0.02312344
482.86009385,0.02082163
483.08304922,0.02001289
483.30601837,0.02065574
483.52900130,0.02457502
483.75199801,0.01951520
483.97500849,0.02349670
484.19803274,0.02422249
484.42107076,0.02086311
484.64412255,0.02594366
484.86718810,0.02401512
485.09026741,0.01773183
485.31336047,0.01918341
485.53646729,0.02102900
485.75958786,0.01854057
485.98272218,0.01854057
486.20587024,0.01632171
486.42903205,0.02017879
486.65220760,0.01889310
486.87539689,0.02554966
487.09859991,0.02131932
487.32181666,0.02175480
487.54504715,0.02540450
487.76829136,0.02171332
487.99154929,0.02650356
488.21482094,0.02528008
488.43810631,0.02289533
488.66140540,0.03067169
488.88471820,0.02839062
489.10804471,0.02727083
489.33138493,0.03060948
489.55473885,0.03102422
489.77810647,0.03398960
490.00148780,0.03535824
490.22488281,0.03585593
490.44829153,0.03801257
490.67171393,0.03560708
490.89515002,0.03880057
491.11859979,0.04006553
491.34206325,0.04093648
491.56554038,0.03834436
491.78903120,0.03857247
492.01253568,0.03656098
492.23605384,0.03904942
492.45958567,0.04222217
492.68313116,0.03813699
492.90669031,0.03531677
493.13026312,0.02986295
493.35384960,0.02820399
493.57744972,0.02619250
493.80106350,0.02955189
494.02469092,0.03015326
494.24833200,0.03316012
494.47198671,0.02890905
494.69565507,0.02642061
494.91933706,0.03403107
495.14303269,0.02698051
495.36674195,0.02546671
495.59046484,0.02843210
495.81420136,0.02799662
496.03795150,0.02583998
496.26171526,0.02679388
496.48549264,0.02712567
496.70928364,0.02608882
496.93308825,0.02712567
497.15690647,0.03332602
497.38073830,0.02998737
497.60458373,0.03734899
497.82844276,0.04344565
498.05231539,0.03741120
498.27620162,0.03662319
498.50010144,0.03954710
498.72401485,0.03867615
498.94794185,0.04522903
499.17188244,0.03647804
499.39583661,0.04116459
499.61980435,0.03573150
499.84378568,0.04062543
500.06778058,0.04025216
500.29178904,0.04166227
500.51581108,0.03357486
500.73984668,0.04386039
500.96389585,0.03784667
501.18795858,0.03996184
501.41203486,0.04736494
501.63612470,0.03994111
501.86022809,0.04612072
502.08434503,0.05030959
502.30847551,0.04705388
502.53261954,0.04549861
502.75677711,0.03946416
502.98094822,0.04228438
503.20513286,0.04282354
503.42933104,0.04077059
503.65354274,0.03944342
503.87776797,0.03604256
504.10200673,0.03361634
504.32625901,0.03960932
504.55052480,0.03529603
504.77480411,0.03297349
504.99909694,0.03463245
505.22340327,0.03566929
505.44772312,0.03486055
505.67205646,0.03031916
505.89640331,0.02926157
506.12076366,0.02733304
506.34513750,0.02579850
506.56952484,0.02747820
506.79392567,0.02606808
507.01833999,0.02938600
507.24276779,0.03150117
507.46720907,0.03075464
507.69166384,0.02901273
507.91613208,0.02926157
508.14061380,0.03083758
508.36510898,0.03058874
508.58961764,0.03175001
508.81413976,0.03295275
509.03867534,0.03600109
509.26322439,0.03349191
509.48778689,0.03351265
509.71236285,0.03985816
509.93695226,0.03573150
510.16155512,0.03637435
510.38617142,0.03658172
510.61080117,0.03564856
510.83544436,0.03552414
511.06010099,0.03380297
511.28477105,0.04278207
511.50945454,0.03944342
511.73415147,0.03894573
511.95886182,0.03714162
512.18358560,0.03656098
512.40832280,0.03226843
512.63307341,0.03494350
512.85783745,0.03546192
513.08261489,0.03228917
513.30740575,0.03241359
513.53221001,0.03554487
513.75702768,0.03539971
513.98185875,0.03027769
514.20670322,0.03116937
514.43156109,0.03152190
514.65643235,0.03152190
514.88131700,0.02836989
515.10621504,0.03531677
515.33112647,0.02975926
515.55605128,0.03071316
515.78098946,0.03201959
516.00594103,0.02930305
516.23090597,0.03058874
516.45588428,0.03510940
516.68087596,0.02519713
516.90588100,0.03098274
517.13089941,0.02621324
517.35593118,0.02913715
517.58097631,0.02924084
517.80603479,0.02876389
518.03110663,0.02331007
518.25619181,0.02706346
518.48129034,0.02445060
518.70640222,0.02768557
518.93152743,0.02863947
519.15666598,0.02905420
519.38181787,0.02511418
519.60698310,0.02868094
519.83216165,0.02490681
520.05735353,0.02038616
520.28255873,0.02111195
520.50777726,0.02007510
520.73300910,0.02293680
520.95825426,0.02472018
521.18351273,0.02652430
521.40878452,0.02677314
521.63406961,0.02360039
521.85936801,0.02310270
522.08467971,0.02272943
522.31000471,0.02094605
522.53534300,0.02304049
522.76069459,0.02830767
522.98605947,0.02905420
523.21143764,0.02836989
523.43682910,0.03193664
523.66223383,0.02868094
523.88765185,0.03172927
524.11308315,0.03121085
524.33852772,0.03357486
524.56398556,0.02751967
524.78945667,0.03380297
525.01494104,0.03386518
525.24043868,0.03305644
525.46594959,0.03357486
525.69147374,0.03886279
525.91701116,0.03357486
526.14256182,0.03542045
526.36812574,0.03092053
526.59370290,0.03299423
526.81929331,0.03162559
527.04489696,0.03405181
527.27051384,0.02857725
527.49614396,0.02648282
527.72178732,0.02627545
527.94744390,0.02909568
528.17311372,0.02467871
528.39879675,0.03116937
528.62449301,0.02963484
528.85020249,0.03591814
529.07592518,0.03376149
529.30166109,0.03137674
529.52741021,0.03510940
529.75317254,0.04039732
529.97894807,0.03121085
530.20473680,0.03813699
530.43053874,0.04097795
530.65635387,0.05006074
530.88218219,0.03992037
531.10802371,0.04713683
531.33387841,0.04589261
531.55974630,0.04574745
531.78562738,0.04790410
532.01152163,0.05159528
532.23742906,0.04473134
532.46334967,0.04620367
532.68928344,0.04485577
532.91523039,0.04369450
533.14119051,0.05267360
533.36716378,0.04636956
533.59315022,0.04690872
533.81914982,0.04713683
534.04516257,0.05632330
534.27118847,0.04865063
534.49722752,0.05010222
534.72327973,0.05159528
534.94934507,0.04925200
535.17542356,0.05416666
535.40151518,0.05729794
535.62761994,0.04985337
535.85373784,0.04583040
536.07986886,0.05771268
536.30601301,0.05217591
536.53217029,0.05265286
536.75834069,0.04601704
536.98452420,0.04983264
537.21072084,0.05203075
537.43693059,0.05184412
537.66315345,0.04829810
537.88938941,0.04701241
538.11563848,0.04970821
538.34190066,0.05213444
538.56817593,0.04968748
538.79446431,0.05333718
539.02076577,0.05124275
539.24708033,0.05381413
539.47340798,0.05491319
539.69974871,0.05184412
539.92610252,0.05184412
540.15246942,0.05105612
540.37884939,0.05389708
540.60524244,0.05970343
540.83164856,0.05132570
541.05806775,0.05748457
541.28450001,0.05653067
541.51094533,0.06366419
541.73740371,0.06368492
541.96387515,0.06181860
542.19035965,0.06190154
542.41685719,0.06702357
542.64336779,0.06559272
542.86989144,0.07073549
543.09642813,0.05920574
543.32297786,0.06256513
543.54954063,0.05630257
543.77611643,0.06656736
544.00270527,0.05926795
544.22930714,0.06497061
544.45592204,0.06287618
544.68254996,0.06327018
544.90919091,0.06094764
545.13584487,0.06310429
545.36251185,0.06005596
545.58919184,0.05930942
545.81588485,0.05968269
546.04259086,0.06252365
546.26930988,0.05895690
546.49604191,0.06250292
546.72278693,0.06003522
546.94954495,0.06107207
547.17631596,0.06011817
547.40309997,0.06739684
547.62989696,0.06194302
547.85670694,0.06959496
548.08352991,0.07776532
548.31036585,0.06588304
548.53721477,0.06897285
548.76407667,0.07880216
548.99095154,0.07440593
549.21783938,0.07287139
549.44474018,0.07442667
549.67165395,0.07844964
549.89858069,0.07525614
550.12552038,0.07204192
550.35247302,0.07100507
550.57943862,0.07065254
550.80641717,0.07440593
551.03340866,0.07614783
551.26041310,0.08241039
551.48743048,0.08390346
551.71446081,0.08346798
551.94150406,0.09064297
552.16856025,0.08823748
552.39562937,0.09199087
552.62271142,0.09141023
552.84980640,0.08581126
553.07691429,0.08315693
553.30403511,0.08415230
553.53116884,0.08688958
553.75831549,0.08647484
553.98547505,0.08989644
554.21264752,0.09230192
554.43983289,0.09348393
554.66703116,0.09933175
554.89424234,0.09460373
555.12146641,0.10339620
555.34870338,0.10609200
555.57595324,0.10690074
555.80321599,0.10909886
556.03049162,0.10667263
556.25778014,0.10524178
556.48508154,0.11179466
556.71239582,0.11117255
556.93972297,0.10833159
557.16706300,0.10408051
557.39441589,0.10316809
557.62178165,0.11196056
557.84916028,0.10764727
558.07655177,0.11708259
558.30395611,0.11469784
558.53137331,0.11146287
558.75880337,0.11274856
558.98624627,0.11718627
559.21370202,0.11285225
559.44117062,0.11185687
559.66865206,0.11438678
559.89614634,0.11569321
560.12365345,0.11196056
560.35117340,0.11187761
560.57870618,0.11473931
560.80625179,0.10996981
561.03381022,0.11050897
561.26138148,0.11660564
561.48896555,0.11590058
561.71656244,0.11587984
561.94417215,0.11621163
562.17179467,0.11546510
562.39942999,0.11809870
562.62707812,0.11919776
562.85473906,0.12670453
563.08241279,0.12993950
563.31009933,0.12272304
563.53779866,0.12929665
563.76551078,0.12313778
563.99323568,0.12104335
564.22097338,0.12035903
564.44872386,0.11787059
564.67648712,0.12398799
564.90426316,0.12301336
565.13205197,0.12409168
565.35985356,0.12388431
565.58766792,0.13134961
565.81549504,0.12819760
566.04333493,0.12973213
566.27118758,0.12245346
566.49905298,0.12031755
566.72693115,0.11975765
566.95482207,0.12025534
567.18272573,0.11629458
567.41064215,0.11789133
567.63857131,0.11316330
567.86651321,0.11268635
568.09446785,0.11129698
568.32243523,0.11318404
568.55041534,0.11266561
568.77840819,0.12023460
569.00641376,0.11235456
569.23443206,0.11486373
569.46246308,0.11494668
569.69050682,0.11446973
569.91856327,0.11697890
570.14663244,0.11693743
570.37471433,0.11040529
570.60280892,0.11743511
570.83091622,0.11619090
571.05903622,0.11743511
571.28716892,0.11639827
571.51531432,0.12054566
571.74347241,0.12203872
571.97164320,0.11032234
572.19982667,0.11268635
572.42802284,0.10916107
572.65623168,0.10978318
572.88445321,0.11098592
573.11268742,0.10310588
573.34093430,0.10298146
573.56919385,0.10437083
573.79746608,0.09775574
574.02575097,0.10343767
574.25404853,0.10472336
574.48235874,0.10795833
574.71068162,0.10924402
574.93901715,0.10797906
575.16736534,0.11310109
575.39572618,0.11666785
575.62409966,0.11820238
575.85248579,0.11942586
576.08088456,0.11990281
576.30929597,0.12465158
576.53772002,0.12390505
576.76615671,0.12655938
576.99460602,0.12913076
577.22306796,0.12525295
577.45154253,0.12840497
577.68002972,0.12790728
577.90852953,0.12100187
578.13704196,0.12152030
578.36556700,0.12278525
578.59410465,0.12083598
578.82265492,0.12125071
579.05121779,0.12056640
579.27979326,0.11602500
579.50838133,0.11820238
579.73698201,0.11878302
579.96559527,0.11714480
580.19422113,0.10978318
580.42285958,0.10663116
580.65151062,0.10797906
580.88017424,0.10267040
581.10885044,0.10403904
581.33753922,0.10679706
581.56624057,0.09941470
581.79495450,0.09875112
582.02368100,0.09362909
582.25242007,0.09700921
582.48117170,0.10057597
582.70993589,0.10049302
582.93871264,0.10285703
583.16750195,0.09727879
583.39630381,0.09748616
583.62511822,0.09615900
583.85394518,0.09997460
584.08278469,0.10101145
584.31163674,0.09920733
584.54050133,0.09860596
584.76937845,0.10804127
584.99826811,0.10930623
585.22717030,0.10990760
585.45608502,0.11104813
585.68501226,0.11654343
585.91395203,0.11403425
586.14290432,0.12172767
586.37186912,0.12083598
586.60084644,0.12195577
586.82983628,0.12896486
587.05883862,0.13856607
587.28785347,0.14192546
587.51688082,0.14437242
587.74592067,0.13808912
587.97497302,0.13769512
588.20403787,0.13734259
588.43311520,0.14128262
588.66220503,0.14484937
588.89130735,0.14435168
589.12042215,0.14393695
589.34954943,0.14885160
589.57868919,0.14754518
589.80784142,0.14646685
590.03700613,0.15071793
590.26618331,0.14476642
590.49537296,0.14582401
590.72457507,0.14024577
590.95378964,0.13844165
591.18301667,0.14377105
591.41225616,0.14304526
591.64150811,0.13696933
591.87077250,0.14476642
592.10004934,0.14563738
592.32933863,0.14638391
592.55864036,0.14484937
592.78795453,0.13970661
593.01728114,0.14578253
593.24662018,0.13999692
593.47597165,0.14219504
593.70533555,0.13943703
593.93471188,0.15034467
594.16410063,0.14914192
594.39350180,0.15030319
594.62291539,0.14766960
594.85234140,0.14839539
595.08177981,0.14704749
595.31123064,0.14476642
595.54069387,0.13985177
595.77016951,0.15057277
595.99965755,0.15221099
596.22915798,0.14937003
596.45867081,0.14518116
596.68819604,0.14495306
596.91773365,0.14059830
597.14728365,0.14312820
597.37684603,0.14511895
597.60642080,0.14530558
597.83600795,0.16033988
598.06560747,0.16494348
598.29521936,0.16345042
598.52484363,0.17130973
598.75448026,0.16907014
598.98412926,0.16933972
599.21379062,0.17645249
599.44346434,0.18221737
599.67315042,0.18742234
599.90284885,0.19312501
600.13255963,0.20579529
600.36228276,0.20432296
600.59201824,0.20453033
600.82176606,0.20048663
601.05152622,0.20531834
601.28129871,0.20409486
601.51108354,0.21630893
601.74088070,0.21917063
601.97069019,0.22995384
602.20051201,0.23455745
602.43034615,0.24036380
602.66019261,0.23426713
602.89005139,0.23283628
603.11992249,0.23213122
603.34980589,0.23202754
603.57970161,0.23422566
603.80960963,0.23389386
604.03952996,0.25189354
604.26946259,0.27134481
604.49940751,0.27731705
604.72936474,0.27881011
604.95933425,0.28455425
605.18931606,0.29390662
605.41931015,0.29367851
605.64931653,0.29262093
605.87933519,0.28994586
606.10936612,0.29942265
606.33940934,0.30369446
606.56946483,0.29956781
606.79953259,0.29233061
607.02961261,0.30591332
607.25970490,0.30253319
607.48980946,0.30804922
607.71992627,0.31062061
607.95005534,0.31373115
608.18019667,0.32084393
608.41035024,0.32559269
608.64051607,0.32764565
608.87069414,0.33146125
609.10088445,0.33210409
609.33108700,0.34659923
609.56130179,0.34881808
609.79152882,0.35356684
610.02176808,0.35972572
610.25201956,0.35429264
610.48228328,0.35748613
610.71255921,0.34417300
610.94284737,0.34267994
611.17314775,0.33745423
611.40346034,0.33724686
611.63378514,0.33591969
611.86412215,0.33253957
612.09447137,0.31841770
612.32483280,0.31796149
612.55520642,0.30178666
612.78559225,0.28015802
613.01599027,0.25554325
613.24640048,0.24098590
613.47682288,0.23613346
613.70725747,0.23152985
613.93770425,0.21661998
614.16816321,0.22053926
614.39863434,0.22111990
614.62911766,0.22132727
614.85961314,0.22207380
615.09012080,0.22933173
615.32064063,0.22732025
615.55117262,0.22215675
615.78171677,0.22066369
616.01227308,0.21917063
616.24284156,0.22072590
616.47342218,0.22194938
616.70401496,0.22634561
616.93461988,0.22638709
617.16523695,0.22620045
617.39586617,0.21975126
617.62650752,0.21742872
617.85716101,0.20994268
618.08782664,0.20535981
618.31850440,0.19148679
618.54919429,0.18812740
618.77989630,0.18066210
619.01061044,0.17330048
619.24133670,0.16761855
619.47207508,0.16815771
619.70282557,0.16461169
619.93358818,0.17209773
620.16436289,0.16243431
620.39514972,0.16622917
620.62594864,0.16170852
620.85675967,0.15911640
621.08758280,0.15185846
621.31841802,0.14648759
621.54926534,0.14246462
621.78012475,0.13601543
622.01099624,0.13168140
622.24187982,0.13383805
622.47277549,0.12658011
622.70368323,0.12137514
622.93460305,0.11030160
623.16553494,0.11152508
623.39647890,0.10918181
623.62743493,0.11042602
623.85840303,0.10868412
624.08938319,0.10891223
624.32037541,0.10609200
624.55137968,0.11042602
624.78239602,0.09958060
625.01342440,0.09524657
625.24446483,0.10051376
625.47551731,0.09642858
625.70658183,0.09535026
625.93765839,0.09240561
626.16874699,0.09441709
626.39984763,0.09286182
626.63096029,0.09501846
626.86208499,0.09601384
627.09322171,0.09823269
627.32437046,0.10316809
627.55553123,0.10671411
627.78670401,0.10636158
628.01788882,0.11428310
628.24908563,0.12208019
628.48029446,0.11476005
628.71151529,0.11853417
628.94274813,0.12067008
629.17399296,0.13052013
629.40524980,0.12971139
629.63651863,0.12908928
629.86779946,0.13381731
630.09909228,0.13582880
630.33039709,0.14557517
630.56171388,0.16042283
630.79304265,0.16154262
631.02438340,0.17278205
631.25573613,0.18124273
631.48710084,0.18234179
631.71847751,0.18169894
631.94986615,0.18912277
632.18126676,0.19206742
632.41267933,0.20461328
632.64410387,0.19812261
632.87554035,0.20571234
633.10698880,0.22746541
633.33844919,0.23453671
633.56992154,0.24359876
633.80140583,0.25027606
634.03290207,0.23640304
634.26441024,0.22182496
634.49593035,0.22215675
634.72746240,0.22350465
634.95900638,0.22636635
635.19056229,0.23544914
635.42213013,0.24590056
635.65370989,0.25104333
635.88530158,0.24915627
636.11690518,0.25334513
636.34852069,0.25400871
636.58014812,0.27111670
636.81178746,0.28845280
637.04343871,0.29936044
637.27510187,0.30991555
637.50677692,0.32123793
637.73846387,0.32727238
637.97016272,0.32492911
638.20187347,0.33208336
638.43359610,0.32942903
638.66533062,0.33504874
638.89707703,0.33316168
639.12883532,0.32895208
639.36060549,0.32675396
639.59238754,0.32729840
639.82418146,0.33830622
640.05598725,0.33130151
640.28780491,0.34155039
640.51963444,0.34549652
640.75147583,0.32144622
640.98332908,0.32903398
641.21519419,0.31892531
641.44707115,0.32617085
641.67895997,0.31728110
641.91086063,0.30668492
642.14277314,0.29839514
642.37469750,0.29557402
642.60663369,0.28950724
642.83858172,0.30138517
643.07054159,0.31005069
643.30251329,0.31038399
643.53449683,0.31147647
643.76649218,0.30443458
643.99849937,0.29591576
644.23051837,0.29642378
644.46254919,0.29300484
644.69459183,0.28908383
644.92664628,0.28073380
645.15871254,0.27613890
645.39079061,0.26120083
645.62288049,0.26171069
645.85498217,0.25435122
646.08709564,0.25536998
646.31922091,0.24896853
646.55135798,0.24925996
646.78350684,0.25314171
647.01566748,0.24334147
647.24783991,0.23917654
647.48002413,0.23874979
647.71222012,0.23480451
647.94442789,0.24254979
648.17664744,0.24377485
648.40887875,0.24341155
648.64112184,0.23423434
648.87337669,0.23060917
649.10564331,0.22441432
649.33792168,0.23491905
649.57021181,0.22514658
649.80251370,0.23555399
650.03482734,0.23812221
650.26715273,0.24385739
650.49948987,0.24060149
650.73183875,0.24207865
650.96419937,0.23847700
651.19657173,0.23311145
651.42895582,0.23988636
651.66135165,0.24542641
651.89375921,0.23623606
652.12617849,0.23396561
652.35860950,0.23210396
652.59105224,0.23288747
652.82350669,0.23071974
653.05597285,0.23743049
653.28845073,0.23169631
653.52094032,0.23246987
653.75344162,0.23270164
653.98595462,0.23695075
654.21847933,0.23802522
654.45101573,0.24012463
654.68356383,0.24551885
654.91612363,0.24872747
655.14869511,0.23525192
655.38127829,0.24930043
655.61387315,0.24279639
655.84647969,0.24822213
656.07909792,0.25577906
656.31172782,0.25160574
656.54436939,0.24308828
656.77702264,0.24753849
657.00968756,0.24309839
657.24236414,0.25574942
657.47505238,0.27374329
657.70775229,0.27890996
657.94046385,0.28262742
658.17318707,0.28931637
658.40592195,0.29145309
658.63866847,0.29359654
658.87142663,0.29798294
659.10419645,0.29858983
659.33697790,0.29578219
659.56977099,0.30415401
659.80257572,0.29373996
660.03539208,0.29379990
660.26822007,0.28078213
660.50105969,0.28450992
660.73391093,0.28752866
660.96677380,0.28626094
661.19964828,0.29658806
661.43253438,0.30402885
661.66543209,0.30561610
661.89834142,0.30703797
662.13126235,0.31312132
662.36419489,0.32260668
662.59713903,0.33472008
662.83009477,0.32469046
663.06306210,0.31890799
663.29604103,0.31101881
663.52903155,0.31757065
663.76203367,0.29430118
663.99504736,0.29025421
664.22807264,0.28108469
664.46110950,0.27225018
664.69415794,0.26550721
664.92721795,0.26709217
665.16028953,0.26844151
665.39337269,0.26611958
665.62646740,0.27269586
665.85957369,0.26793035
666.09269153,0.25901278
666.32582093,0.26583477
666.55896189,0.25469937
666.79211440,0.24901111
667.02527846,0.25614462
667.25845406,0.24863784
667.49164121,0.24492593
667.72483991,0.24382687
667.95805014,0.23687999
668.19127190,0.23055521
668.42450520,0.22922805
668.65775003,0.22943542
668.89100639,0.22684330
669.12427427,0.22186643
669.35755368,0.22236412
669.59084460,0.21796788
669.82414704,0.22078811
670.05746099,0.22943542
670.29078646,0.23223491
670.52412343,0.23580166
670.75747191,0.25079448
670.99083189,0.25011017
671.22420337,0.26085191
671.45758635,0.26931259
671.69098082,0.26846237
671.92438678,0.26750847
672.15780424,0.28096676
672.39123317,0.28096676
672.62467360,0.29313935
672.85812550,0.30120603
673.09158888,0.31091092
673.32506373,0.31727717
673.55855006,0.32063656
673.79204785,0.31767117
674.02555712,0.33144051
674.25907784,0.33372158
674.49261003,0.34452553
674.72615367,0.33405337
674.95970878,0.34776050
675.19327533,0.35375348
675.42685333,0.36117731
675.66044278,0.35951835
675.89404368,0.36600902
676.12765601,0.36074183
676.36127979,0.36970020
676.59491500,0.37511254
676.82856165,0.37198126
677.06221972,0.36474406
677.29588922,0.36739839
677.52957015,0.36876703
677.76326250,0.36775092
677.99696627,0.35844003
678.23068146,0.34840334
678.46440806,0.34288731
678.69814607,0.33459253
678.93189549,0.32702354
679.16565631,0.33372158
679.39942854,0.32470100
679.63321217,0.32694059
679.86700720,0.31922644
680.10081361,0.31706980
680.33463143,0.31261135
680.56846063,0.31692464
680.80230121,0.30211845
681.03615318,0.31283946
681.27001653,0.29683053
681.50389126,0.29826138
681.73777736,0.29531673
681.97167484,0.28515562
682.20558368,0.28754037
682.43950390,0.28720858
682.67343547,0.27968107
682.90737841,0.27115818
683.14133270,0.26193023
683.37529836,0.25110554
683.60927536,0.25127143
683.84326371,0.24930142
684.07726341,0.23967948
684.31127446,0.24666783
684.54529685,0.23893295
684.77933057,0.23723251
685.01337564,0.24088222
685.24743203,0.24639825
685.48149976,0.25703631
685.71557881,0.26485414
685.94966919,0.27569957
686.18377090,0.28364182
686.41788392,0.29307714
686.65200826,0.30274056
686.88614391,0.30286498
687.12029088,0.30977039
687.35444915,0.29963002
687.58861873,0.30705385
687.82279961,0.30228435
688.05699179,0.29938117
688.29119527,0.29179145
688.52541004,0.29069239
688.75963611,0.29378220
688.99387346,0.29832359
689.22812210,0.29807475
689.46238203,0.30738564
689.69665323,0.31485094
689.93093571,0.32177709
690.16522947,0.32629774
690.39953450,0.33573306
690.63385080,0.34222373
690.86817837,0.34579048
691.10251720,0.34941945
691.33686730,0.35207378
691.57122865,0.34964756
691.80560125,0.35873035
692.03998511,0.35004156
692.27438023,0.36262889
692.50878658,0.35238484
692.74320419,0.36235931
692.97763303,0.35423043
693.21207312,0.36750208
693.44652444,0.35721655
693.68098699,0.37353653
693.91546077,0.38666303
694.14994579,0.39796467
694.38444203,0.39315369
694.61894949,0.39879415
694.85346817,0.41357960
695.08799806,0.42166701
695.32253918,0.42749409
695.55709150,0.42699641
695.79165503,0.43578888
696.02622977,0.44186481
696.26081571,0.44628178
696.49541285,0.45702352
696.73002119,0.45395445
696.96464072,0.45764563
697.19927145,0.45835069
697.43391336,0.46871916
697.66856647,0.47852775
697.90323075,0.47724205
698.13790622,0.46550494
698.37259286,0.48671884
698.60729068,0.49045150
698.84199967,0.48788011
699.07671984,0.50820233
699.31145117,0.51191425
699.54619366,0.51203867
699.78094731,0.50272777
700.01571213,0.52302925
700.25048810,0.52549695
700.48527522,0.53696449
700.72007349,0.53700596
700.95488292,0.54156809
701.18970348,0.55714155
701.42453519,0.55898714
701.65937804,0.56298937
701.89423202,0.56709529
702.12909714,0.57410438
702.36397339,0.56916898
702.59886077,0.57190626
702.83375927,0.56159999
703.06866889,0.55334669
703.30358964,0.56267832
703.53852150,0.55465311
703.77346448,0.56211842
704.00841857,0.55583512
704.24338376,0.57603292
704.47836007,0.56400548
704.71334748,0.55780513
704.94834598,0.54399432
705.18335559,0.54847350
705.41837629,0.52713517
705.65340808,0.53387468
705.88845096,0.54685602
706.12350493,0.55432132
706.35856998,0.56831877
706.59364612,0.58814330
706.82873333,0.59600261
707.06383161,0.63285218
707.29894097,0.63096512
707.53406141,0.64425750
707.76919290,0.67219019
708.00433546,0.70043392
708.23948909,0.72403258
708.47465377,0.74881324
708.70982951,0.74375342
708.94501630,0.77743024
709.18021414,0.76148352
709.41542303,0.77703624
709.65064297,0.74978788
709.88587395,0.72421921
710.12111597,0.69678422
710.35636902,0.67343440
710.59163311,0.65228271
710.82690823,0.63453187
711.06219437,0.60243106
711.29749155,0.60234811
711.53279974,0.59065247
711.76811896,0.58830919
712.00344920,0.58283464
712.23879044,0.59647956
712.47414270,0.61476955
712.70950597,0.61487324
712.94488025,0.62014042
713.18026553,0.62783383
713.41566181,0.61151385
713.65106908,0.61559903
713.88648736,0.61636630
714.12191662,0.61429260
714.35735688,0.60773972
714.59280812,0.58320790
714.82827034,0.58667098
715.06374355,0.56186957
715.29922774,0.56012767
715.53472290,0.56721971
715.77022903,0.55996177
716.00574614,0.57057910
716.24127421,0.56045946
716.47681324,0.54256347
716.71236324,0.52553843
716.94792420,0.51846712
717.18349611,0.50119324
717.41907898,0.50743506
717.65467280,0.49625784
717.89027757,0.49681774
718.12589328,0.50390978
718.36151993,0.49986607
718.59715752,0.48802527
718.83280605,0.48294472
719.06846552,0.46971454
719.30413591,0.46164786
719.53981724,0.44086943
719.77550949,0.43941784
720.01121266,0.43966669
720.24692676,0.43721973
720.48265177,0.44483019
720.71838769,0.45049138
720.95413453,0.44663431
721.18989228,0.44541083
721.42566093,0.44128417
721.66144049,0.43769668
721.89723095,0.44086943
722.13303231,0.44941306
722.36884456,0.44225881
722.60466770,0.44704904
722.84050173,0.43806994
723.07634666,0.44086943
723.31220246,0.44750526
723.54806915,0.44731863
723.78394671,0.45478393
724.01983515,0.44308829
724.25573447,0.43719899
724.49164465,0.42842726
724.72756571,0.41349665
724.96349762,0.40677787
725.19944040,0.41148516
725.43539404,0.39056157
725.67135854,0.37911477
725.90733388,0.37129694
726.14332008,0.36938914
726.37931713,0.36410122
726.61532503,0.34896324
726.85134376,0.35707139
727.08737334,0.34852776
727.32341375,0.34678586
727.55946500,0.34193341
727.79552708,0.34460848
728.03159998,0.34180899
728.26768372,0.33457179
728.50377827,0.34672365
728.73988365,0.34512690
728.97599985,0.34054403
729.21212686,0.33849108
729.44826468,0.33129535
729.68441331,0.32401668
729.92057275,0.31163672
730.15674299,0.30993629
730.39292403,0.30755154
730.62911587,0.29112787
730.86531851,0.29289051
731.10153194,0.28075939
731.33775616,0.27507746
731.57399117,0.27034944
731.81023696,0.25736810
732.04649353,0.25649715
732.28276088,0.24538214
732.51903901,0.24287297
732.75532791,0.24741436
732.99162758,0.23851821
733.22793802,0.22875110
733.46425923,0.22651151
733.70059119,0.23016121
733.93693392,0.22058074
734.17328740,0.22228117
734.40965164,0.22360833
734.64602662,0.21813378
734.88241236,0.21726283
735.11880884,0.21767756
735.35521607,0.21699324
735.59163403,0.21110395
735.82806273,0.21340575
736.06450217,0.21807157
736.30095234,0.21479513
736.53741323,0.22740320
736.77388486,0.23920253
737.01036720,0.24492593
737.24686027,0.26522741
737.48336406,0.27022501
737.71987856,0.27648757
737.95640377,0.28685605
738.19293969,0.28940670
738.42948632,0.30031434
738.66604365,0.29992034
738.90261169,0.30209772
739.13919042,0.30545710
739.37577985,0.29942265
739.61237997,0.29873833
739.84899078,0.28961407
740.08561228,0.28708416
740.32224446,0.27598989
740.55888732,0.25222533
740.79554087,0.24422087
741.03220509,0.22929026
741.26887998,0.21873515
741.50556555,0.20766161
741.74226178,0.19835072
741.97896868,0.20351422
742.21568624,0.19208816
742.45241446,0.18333716
742.68915333,0.17184889
742.92590286,0.17916904
743.16266304,0.17705387
743.39943387,0.16631212
743.63621535,0.16701718
743.87300747,0.16529601
744.10981023,0.15969703
744.34662363,0.15700123
744.58344766,0.16452874
744.82028232,0.16925677
745.05712761,0.16523380
745.29398353,0.16647802
745.53085007,0.15922008
745.76772724,0.16763929
746.00461502,0.16251726
746.24151341,0.15892977
746.47842242,0.15787218
746.71534204,0.15897124
746.95227227,0.15822471
747.18921310,0.16710013
747.42616453,0.16212326
747.66312656,0.16278684
747.90009918,0.16222694
748.13708240,0.18557676
748.37407621,0.18916425
748.61108061,0.18642697
748.84809559,0.18055841
749.08512115,0.17782113
749.32215730,0.16859319
749.55920401,0.17415069
749.79626131,0.17437880
750.03332917,0.17230510
750.27040760,0.17074983
750.50749660,0.17804924
750.74459616,0.17130973
750.98170628,0.17012772
751.21882695,0.17143415
751.45595818,0.16645728
751.69309997,0.18186484
751.93025230,0.17369448
752.16741517,0.17437880
752.40458859,0.17025214
752.64177256,0.16502643
752.87896705,0.16477759
753.11617209,0.16629139
753.35338765,0.16956782
753.59061374,0.16336747
753.82785037,0.17089499
754.06509751,0.17620365
754.30235518,0.18501686
754.53962336,0.19366417
754.77690206,0.19835072
755.01419127,0.20822151
755.25149099,0.22205306
755.48880122,0.21720061
755.72612195,0.22213601
755.96345319,0.22404381
756.20079492,0.22209454
756.43814715,0.22369128
756.67550987,0.22958058
756.91288309,0.22186643
757.15026679,0.21983421
757.38766097,0.22259222
757.62506564,0.21699324
757.86248079,0.20119168
758.09990641,0.19540607
758.33734251,0.18974488
758.57478908,0.18816887
758.81224612,0.18682097
759.04971362,0.17541565
759.28719159,0.17375669
759.52468001,0.16539970
759.76217889,0.16513012
759.99968823,0.16096199
760.23720802,0.15150594
760.47473826,0.14671570
760.71227894,0.14887234
760.94983007,0.14416505
761.18739164,0.13690712
761.42496364,0.13383805
761.66254608,0.13489563
761.90013895,0.13466753
762.13774226,0.13966513
762.37535598,0.13516521
762.61298014,0.13616059
762.85061471,0.13593248
763.08825970,0.13866976
763.32591511,0.14592769
763.56358093,0.14387473
763.80125716,0.15351742
764.03894380,0.16797108
764.27664084,0.17632807
764.51434829,0.17369448
764.75206613,0.18659287
764.98979437,0.19436922
765.22753300,0.20021705
765.46528203,0.21620524
765.70304144,0.22026968
765.94081124,0.22404381
766.17859142,0.22004158
766.41638197,0.21987568
766.65418291,0.21309470
766.89199422,0.21257627
767.12981590,0.20691508
767.36764795,0.20193821
767.60549036,0.19745903
767.84334314,0.19984378
768.08120628,0.19694061
768.31907977,0.19913873
768.55696362,0.20005115
768.79485782,0.19536460
769.03276238,0.19374712
769.27067727,0.19441070
769.50860251,0.18854214
769.74653809,0.19308353
769.98448401,0.19604892
770.22244027,0.19076099
770.46040685,0.19515723
770.69838377,0.19424480
770.93637101,0.20623076
771.17436858,0.20137832
771.41237647,0.20589897
771.65039468,0.21180901
771.88842320,0.20417781
772.12646204,0.20865699
772.36451118,0.20548423
772.60257064,0.20500728
772.84064039,0.20513171
773.07872045,0.19756272
773.31681081,0.19835072
773.55491147,0.19671250
773.79302242,0.19430701
774.03114366,0.19173563
774.26927519,0.18860435
774.50741700,0.18744308
774.74556910,0.18636476
774.98373147,0.18922646
775.22190413,0.18804445
775.46008705,0.18402148
775.69828025,0.18205147
775.93648372,0.18207221
776.17469745,0.18329569
776.41292145,0.17804924
776.65115570,0.17367374
776.88940022,0.17460691
777.12765499,0.16575222
777.36592001,0.16911161
777.60419528,0.16094125
777.84248079,0.15698049
778.08077655,0.15241836
778.31908256,0.15167183
778.55739879,0.14816729
778.79572527,0.14588622
779.03406198,0.14640464
779.27240891,0.14252683
779.51076608,0.13419058
779.74913346,0.13427352
779.98751107,0.13840018
780.22589890,0.15836987
780.46429695,0.13900155
780.70270520,0.14063977
780.94112367,0.13406615
781.17955235,0.14368810
781.41799123,0.13244867
781.65644031,0.13394173
781.89489959,0.12481747
782.13336907,0.13014687
782.37184874,0.12415389
782.61033861,0.12755475
782.84883866,0.13387952
783.08734890,0.13043719
783.32586931,0.12946255
783.56439991,0.12606169
783.80294069,0.12361473
784.04149164,0.12264009
784.28005276,0.12463084
784.51862406,0.13078972
784.75720551,0.12216314
784.99579713,0.12405020
785.23439891,0.12668380
785.47301085,0.13087266
785.71163295,0.13466753
785.95026519,0.13893934
786.18890759,0.14140704
786.42756013,0.14580327
786.66622282,0.13808912
786.90489564,0.14580327
787.14357861,0.14057756
787.38227171,0.14474569
787.62097494,0.13284267
787.85968831,0.13798544
788.09841180,0.13336110
788.33714541,0.12966992
788.57588915,0.12624832
788.81464301,0.12498337
789.05340698,0.12599948
789.29218106,0.12208019
789.53096526,0.12809391
789.76975956,0.12415389
790.00856397,0.12340736
790.24737848,0.13240720
790.48620309,0.11932218
790.72503780,0.13307078
790.96388260,0.13354773
791.20273749,0.14455905
791.44160247,0.13510300
791.68047754,0.13431500
791.91936269,0.12749254
792.15825792,0.12282672
792.39716323,0.12697412
792.63607861,0.11380615
792.87500406,0.11169098
793.11393958,0.12183135
793.35288517,0.11867933
793.59184082,0.11299741
793.83080653,0.10907812
794.06978230,0.11322551
794.30876813,0.11811943
794.54776401,0.11330846
794.78676993,0.11019792
795.02578591,0.11917702
795.26481193,0.11449047
795.50384798,0.11227161
795.74289408,0.11411720
795.98195022,0.11992355
796.22101638,0.12077376
796.46009258,0.12288893
796.69917880,0.12208019
796.93827505,0.11946734
797.17738132,0.12400873
797.41649761,0.12904781
797.65562392,0.13638869
797.89476024,0.13825502
798.13390657,0.13972734
798.37306290,0.14733781
798.61222925,0.14196693
798.85140559,0.14273420
799.09059194,0.13657533
799.32978828,0.14621801
799.56899462,0.13667901
799.80821094,0.14437242
800.04743726,0.13352699
800.28667356,0.13271825
800.52591985,0.13369289
800.76517611,0.13414910
801.00444236,0.13064456
801.24371857,0.13551774
801.48300476,0.14563738
801.72230092,0.15262573
801.96160705,0.15922008
802.20092314,0.17442027
802.44024919,0.17614144
802.67958519,0.17902388
802.91893116,0.18572191
803.15828707,0.18661360
803.39765294,0.19018036
803.63702875,0.19936683
803.87641450,0.19513649
804.11581020,0.19772861
804.35521584,0.19737608
804.59463141,0.19629776
804.83405692,0.19519870
805.07349235,0.19967789
805.31293772,0.19855809
805.55239300,0.19451438
805.79185821,0.18493391
806.03133334,0.18568044
806.27081839,0.17276132
806.51031335,0.16815771
806.74981822,0.16515085
806.98933300,0.15542522
807.22885768,0.14503600
807.46839227,0.13645090
807.70793675,0.12969066
807.94749114,0.12890265
808.18705542,0.12572990
808.42662959,0.11977839
808.66621364,0.12174840
808.90580759,0.12446494
809.14541141,0.12456863
809.38502512,0.11490521
809.62464871,0.11608721
809.86428217,0.11921849
810.10392550,0.11339141
810.34357870,0.10897444
810.58324177,0.11096518
810.82291470,0.10750211
811.06259749,0.10134324
811.30229015,0.10435010
811.54199265,0.09676037
811.78170501,0.08885959
812.02142722,0.08249334
812.26115928,0.07591973
812.50090118,0.07397045
812.74065292,0.06837147
812.98041450,0.06650515
813.22018592,0.06934611
813.45996717,0.05959974
813.69975825,0.06175639
813.93955916,0.05833479
814.17936989,0.05680025
814.41919045,0.05373118
814.65902083,0.05821037
814.89886102,0.04877505
815.13871102,0.04991558
815.37857084,0.05171970
815.61844047,0.05431182
815.85831990,0.05122201
816.09820913,0.04989485
816.33810817,0.04533272
816.57801700,0.04527050
816.81793562,0.04458619
817.05786404,0.04711609
817.29780225,0.03554487
817.53775024,0.03548266
817.77770801,0.03707941
818.01767557,0.03249654
818.25765290,0.03046432
818.49764001,0.02971779
818.73763689,0.03289054
818.97764354,0.02959337
819.21765996,0.03206106
819.45768614,0.02766483
819.69772209,0.02469944
819.93776779,0.02469944
820.17782324,0.02065574
820.41788845,0.02386997
820.65796341,0.01860278
820.89804812,0.01559592
821.13814257,0.01779404
821.37824677,0.02024100
821.61836070,0.01601066
821.85848437,0.01721340
822.09861777,0.02416028
822.33876090,0.02486534
822.57891376,0.02559113
822.81907635,0.02969705
823.05924866,0.03262096
823.29943069,0.04276133
823.53962243,0.05263212
823.77982389,0.06337387
824.02003506,0.07386677
824.26025594,0.08425598
824.50048652,0.10273261
824.74072681,0.11069560
824.98097680,0.12643495
825.22123648,0.13052013
825.46150586,0.15581922
825.70178493,0.15424321
825.94207369,0.15913714
826.18237214,0.16641581
826.42268027,0.17172447
826.66299808,0.18014367
826.90332557,0.19171489
827.14366273,0.19038773
827.38400957,0.19932536
827.62436608,0.19940831
827.86473225,0.20531834
828.10510809,0.20994268
828.34549359,0.21050258
828.58588874,0.21647482
828.82629356,0.21614303
829.06670802,0.21315691
829.30713214,0.21153943
829.54756590,0.21288733
829.78800931,0.21189195
830.02846236,0.21606008
830.26892505,0.21910841
830.50939738,0.21995863
830.74987934,0.21674440
830.99037093,0.21688956
831.23087215,0.21825820
831.47138299,0.21568682
831.71190346,0.21790567
831.95243355,0.21276291
832.19297325,0.21064774
832.43352257,0.20880215
832.67408150,0.20793119
832.91465003,0.20954868
833.15522818,0.19787377
833.39581592,0.19577934
833.63641327,0.19648439
833.87702022,0.17777966
834.11763676,0.16761855
834.35826289,0.16270389
834.59889861,0.16031914
834.83954392,0.14329410
835.08019881,0.13933334
835.32086328,0.13236572
835.56153733,0.14207062
835.80222095,0.13597395
836.04291415,0.12458937
836.28361692,0.11697890
836.52432926,0.11784985
836.76505116,0.11169098
837.00578262,0.11312183
837.24652364,0.09821196
837.48727421,0.09435488
837.72803434,0.08740800
837.96880402,0.08574904
838.20958325,0.08033670
838.45037202,0.08473293
838.69117033,0.07915469
838.93197819,0.08475367
839.17279558,0.08199566
839.41362250,0.08900475
839.65445896,0.08529283
839.89530494,0.09491478
840.13616045,0.09396088
840.37702548,0.09839859
840.61790003,0.09756911
840.85878410,0.10267040
841.09967768,0.09939396
841.34058078,0.09947691
841.58149338,0.09530878
841.82241549,0.09205308
842.06334710,0.09493552
842.30428821,0.09095402
842.54523883,0.09076739
842.78619893,0.09087107
843.02716853,0.08460851
843.26814762,0.09120286
843.50913619,0.08888033
843.75013425,0.08583199
843.99114179,0.08510620
844.23215881,0.09226045
844.47318530,0.08572831
844.71422127,0.09586868
844.95526670,0.08506473
845.19632161,0.08771906
845.43738597,0.07728837
845.67845980,0.08400714
845.91954309,0.07768237
846.16063584,0.07579531
846.40173803,0.07222855
846.64284968,0.07749574
846.88397078,0.06741757
847.12510132,0.07519393
847.36624130,0.07363866
847.60739073,0.06830926
847.84854959,0.07119170
848.08971788,0.07156497
848.33089561,0.07077696
848.57208276,0.07278845
848.81327934,0.07867774
849.05448534,0.08068923
849.29570076,0.08686884
849.53692560,0.09856448
849.77815986,0.09856448
850.01940353,0.11233382
850.26065660,0.11239603
850.50191908,0.12139587
850.74319097,0.12203872
850.98447225,0.12714001
851.22576294,0.13645090
851.46706301,0.13696933
851.70837248,0.13634722
851.94969135,0.14837465
852.19101959,0.15144372
852.43235722,0.16792960
852.67370424,0.17620365
852.91506063,0.18095241
853.15642640,0.18856288
853.39780154,0.19389227
853.63918605,0.20032073
853.88057992,0.20424002
854.12198317,0.20208337
854.36339577,0.20490360
854.60481773,0.20312022
854.84624905,0.20370086
855.08768973,0.19810188
855.32913975,0.19474249
855.57059912,0.18391780
855.81206784,0.19324943
856.05354590,0.19391301
856.29503330,0.19436922
856.53653004,0.19770788
856.77803611,0.19430701
857.01955151,0.18489244
857.26107624,0.22178348
857.50261030,0.19353975
857.74415367,0.18792003
857.98570637,0.17889946
858.22726839,0.17908609
858.46883972,0.17417143
858.71042037,0.17066688
858.95201032,0.16129378
859.19360958,0.15737449
859.43521814,0.15158888
859.67683601,0.14341852
859.91846317,0.15389069
860.16009963,0.13485416
860.40174538,0.12960771
860.64340042,0.12367694
860.88506474,0.12037976
861.12673835,0.11791206
861.36842125,0.11332920
861.61011342,0.11614942
861.85181487,0.11388910
862.09352559,0.11658490
862.33524558,0.11909407
862.57697484,0.11737290
862.81871336,0.12259862
863.06046114,0.12709854
863.30221819,0.12013092
863.54398449,0.13081045
863.78576004,0.11990281
864.02754485,0.11751806
864.26933890,0.11641900
864.51114220,0.11326699
864.75295474,0.11531995
864.99477653,0.12398799
865.23660755,0.10945139
865.47844780,0.10345841
865.72029728,0.10198608
865.96215600,0.10405978
866.20402394,0.10349988
866.44590110,0.09503920
866.68778748,0.08562462
866.92968308,0.08778127
867.17158790,0.08666147
867.41350193,0.08844485
867.65542516,0.08929506
867.89735761,0.08931580
868.13929926,0.09172129
868.38125011,0.09157613
868.62321015,0.09514289
868.86517940,0.09814975
869.10715783,0.09644931
869.34914546,0.09763132
869.59114227,0.10430862
869.83314827,0.10256672
870.07516344,0.10768875
870.31718780,0.10150913
870.55922133,0.11614942
870.80126404,0.11627385
871.04331592,0.11417941
871.28537696,0.10770948
871.52744717,0.10298146
871.76952655,0.10260819
872.01161508,0.09972575
872.25371277,0.09360835
872.49581961,0.08595641
872.73793560,0.08850706
872.98006075,0.08191271
873.22219503,0.08035744
873.46433846,0.07983901
873.70649103,0.07687363
873.94865274,0.07262255
874.19082358,0.07370087
874.43300356,0.07297508
874.67519266,0.07069401
874.91739089,0.06196376
875.15959824,0.06507430
875.40181471,0.05893616
875.64404031,0.06225407
875.88627501,0.05628183
876.12851883,0.05460214
876.37077176,0.04952158
876.61303379,0.04626588
876.85530493,0.04620367
877.09758517,0.04433734
877.33987451,0.04077059
877.58217294,0.04284428
877.82448047,0.04269912
878.06679709,0.05248697
878.30912279,0.04636956
878.55145758,0.05354455
878.79380145,0.05588783
879.03615440,0.05232107
879.27851643,0.06339461
879.52088753,0.06403745
879.76326770,0.06227481
880.00565694,0.06974011
880.24805524,0.06874474
880.49046260,0.06758347
880.73287903,0.06785305
880.97530451,0.07341056
881.21773905,0.06517798
881.46018264,0.06465956
881.70263527,0.07119170
881.94509695,0.06963643
882.18756768,0.06963643
882.43004744,0.07150276
882.67253625,0.07239444
882.91503409,0.07065254
883.15754095,0.06949127
883.40005685,0.06833000
883.64258178,0.07206265
883.88511573,0.06673326
884.12765869,0.06557199
884.37021068,0.06329092
884.61277168,0.06810189
884.85534170,0.06256513
885.09792072,0.06177712
885.34050876,0.05785784
885.58310579,0.06669178
885.82571183,0.06324945
886.06832686,0.06186007
886.31095090,0.06596599
886.55358392,0.06548904
886.79622594,0.06003522
887.03887694,0.05603299
887.28153693,0.05827258
887.52420589,0.05877026
887.76688384,0.05717352
888.00957077,0.05377266
888.25226667,0.04856768
888.49497154,0.04790410
888.73768537,0.05184412
888.98040818,0.04773820
889.22313994,0.04419218
889.46588067,0.04927274
889.70863035,0.04473134
889.95138899,0.03996184
890.19415657,0.04274060
890.43693311,0.03989963
890.67971859,0.03747341
890.92251302,0.03320160
891.16531639,0.03206106
891.40812869,0.02892978
891.65094993,0.02700125
891.89378010,0.02824546
892.13661920,0.02258427
892.37946723,0.02675240
892.62232418,0.02219027
892.86519005,0.02741599
893.10806484,0.02677314
893.35094854,0.03141822
893.59384116,0.02442986
893.83674269,0.03154264
894.07965312,0.03280759
894.32257246,0.03494350
894.56550070,0.03483982
894.80843784,0.04108164
895.05138388,0.04228438
895.29433881,0.04576819
895.53730263,0.04203554
895.78027533,0.05041327
896.02325692,0.04498019
896.26624740,0.04711609
896.50924675,0.05080727
896.75225498,0.05536940
896.99527208,0.05259065
897.23829806,0.05680025
897.48133290,0.06042922
897.72437661,0.05810668
897.96742918,0.05812742
898.21049061,0.05713204
898.45356090,0.05845921
898.69664005,0.06063659
898.93972804,0.05331644
899.18282488,0.05847995
899.42593057,0.06011817
899.66904511,0.05509982
899.91216848,0.05804447
900.15530069,0.05580488
900.39844174,0.05883247
900.64159162,0.05279802
900.88475033,0.05437403
901.12791786,0.06378861
901.37109422,0.05800300
901.61427940,0.06130017
901.85747340,0.06125870
902.10067621,0.06592451
902.34388784,0.07036222
902.58710827,0.07210413
902.83033752,0.06721021
903.07357557,0.07034149
903.31682242,0.06743831
903.56007807,0.06903506
903.80334251,0.06465956
904.04661575,0.06928390
904.28989778,0.06812263
904.53318860,0.07189676
904.77648820,0.07015485
905.01979659,0.07314098
905.26311375,0.07168939
905.50643969,0.07384603
905.74977441,0.08610157
905.99311789,0.08798864
906.23647015,0.09304845
906.47983117,0.09479036
906.72320095,0.09338024
906.96657950,0.09591015
907.20996680,0.09456225
907.45336285,0.09767280
907.69676766,0.09856448
907.94018122,0.09875112
908.18360352,0.09634563
908.42703457,0.09497699
908.67047435,0.09230192
908.91392288,0.09120286
909.15738014,0.09327656
909.40084613,0.08912917
909.64432085,0.08968907
909.88780430,0.08371682
910.13129648,0.08462925
910.37479737,0.07876069
910.61830699,0.07946575
910.86182531,0.07695658
911.10535236,0.07200044
911.34888811,0.07818006
911.59243257,0.06669178
911.83598573,0.06895211
912.07954760,0.06482546
912.32311816,0.06573788
912.56669743,0.07287139
912.81028538,0.06996822
913.05388203,0.06654662
913.29748736,0.06918022
913.54110138,0.06519872
913.78472408,0.06175639
914.02835547,0.05910206
914.27199552,0.06241997
914.51564426,0.05690394
914.75930166,0.05244549
915.00296774,0.05219665
915.24664247,0.05750531
915.49032588,0.05613667
915.73401794,0.05557677
915.97771866,0.06059512
916.22142803,0.06671252
916.46514606,0.07235297
916.70887274,0.07579531
916.95260806,0.07019633
917.19635202,0.08108323
917.44010463,0.08008786
917.68386588,0.08997938
917.92763576,0.08620526
918.17141427,0.09802532
918.41520141,0.10567726
918.65899718,0.10347914
918.90280158,0.10312661
919.14661459,0.10435010
919.39043623,0.11108961
919.63426648,0.11249972
919.87810534,0.12178988
920.12195281,0.12734738
920.36580890,0.13022982
920.60967358,0.14391621
920.85354687,0.15102899
921.09742876,0.15841134
921.34131924,0.15897124
921.58521832,0.16301495
921.82912599,0.15778923
922.07304225,0.15600585
922.31696709,0.14387473
922.56090052,0.14250610
922.80484252,0.13475047
923.04879310,0.12958697
923.29275226,0.12212167
923.53671999,0.11187761
923.78069629,0.10273261
924.02468115,0.10277409
924.26867458,0.09118213
924.51267656,0.08054407
924.75668711,0.07434372
925.00070621,0.06816411
925.24473386,0.06567567
925.48877006,0.06673326
925.73281481,0.06967790
925.97686810,0.06478398
926.22092994,0.06293839
926.46500031,0.05870805
926.70907921,0.05418740
926.95316665,0.05414592
927.19726262,0.04960453
927.44136712,0.05107685
927.68548014,0.04655620
927.92960168,0.04773820
928.17373175,0.04101943
928.41787032,0.04112311
928.66201741,0.03674762
928.90617302,0.03318086
929.15033713,0.03150117
929.39450974,0.02998737
929.63869086,0.03129380
929.88288047,0.02938600
930.12707859,0.03067169
930.37128520,0.04012774
930.61550029,0.03031916
930.85972388,0.03386518
931.10395595,0.02951042
931.34819651,0.03369928
931.59244554,0.03660246
931.83670306,0.03581445
932.08096904,0.04151712
932.32524350,0.04535345
932.56952643,0.04639030
932.81381782,0.05001927
933.05811768,0.04964600
933.30242600,0.06117575
933.54674278,0.05779563
933.79106801,0.06501209
934.03540169,0.06372640
934.27974382,0.06503282
934.52409440,0.07370087
934.76845343,0.07453035
935.01282089,0.07061107
935.25719680,0.07457183
935.50158114,0.07403266
935.74597391,0.07034149
935.99037511,0.07295434
936.23478474,0.07247739
936.47920279,0.07005117
936.72362927,0.07861553
936.96806417,0.06741757
937.21250748,0.06868253
937.45695920,0.06928390
937.70141934,0.06349829
937.94588788,0.06175639
938.19036483,0.06148681
938.43485019,0.06540609
938.67934394,0.06109280
938.92384608,0.05924721
939.16835663,0.05806521
939.41287556,0.05706983
939.65740288,0.06329092
939.90193859,0.04889947
940.14648268,0.05470582
940.39103515,0.05049622
940.63559600,0.05514130
940.88016523,0.05045474
941.12474282,0.05439477
941.36932879,0.05509982
941.61392312,0.05619888
941.85852581,0.05524498
942.10313687,0.05296392
942.34775628,0.05321276
942.59238405,0.05277728
942.83702017,0.05176117
943.08166464,0.05630257
943.32631746,0.05315055
943.57097862,0.05223812
943.81564813,0.04898242
944.06032597,0.05070359
944.30501215,0.04960453
944.54970666,0.05315055
944.79440950,0.04860916
945.03912067,0.04744789
945.28384016,0.05030959
945.52856798,0.04433734
945.77330412,0.04431660
946.01804857,0.03981669
946.26280133,0.03992037
946.50756241,0.04010700
946.75233179,0.04288575
946.99710948,0.04016921
947.24189548,0.04460692
947.48668977,0.04035585
947.73149236,0.04558156
947.97630324,0.03842731
948.22112242,0.03873836
948.46594988,0.04178670
948.71078563,0.03936047
948.95562966,0.04844326
949.20048198,0.03927752
949.44534257,0.03811625
949.69021144,0.04151712
949.93508857,0.04332123
950.17997398,0.04278207
950.42486766,0.04000332
950.66976959,0.04626588
950.91467979,0.04201480
951.15959825,0.04257470
951.40452496,0.03805404
951.64945993,0.04012774
951.89440314,0.04580967
952.13935461,0.03720383
952.38431431,0.03819920
952.62928226,0.03579372
952.87425845,0.03627067
953.11924287,0.03985816
953.36423553,0.03923605
953.60923642,0.03421771
953.85424553,0.03689277
954.09926287,0.03357486
954.34428843,0.02901273
954.58932222,0.02986295
954.83436421,0.03388592
955.07941443,0.02828694
955.32447285,0.02706346
955.56953948,0.02785146
955.81461432,0.02561187
956.05969736,0.02498976
956.30478860,0.01744151
956.54988803,0.02088384
956.79499567,0.02015805
957.04011149,0.02221101
957.28523550,0.01710972
957.53036770,0.01706824
957.77550808,0.01654982
958.02065664,0.01837467
958.26581338,0.01383328
958.51097830,0.01538855
958.75615139,0.01302454
959.00133264,0.01851983
959.24652207,0.01323191
959.49171965,0.02005437
959.73692540,0.01588624
959.98213931,0.01609361
960.22736137,0.01466276
960.47259159,0.01646687
960.71782995,0.04892021
960.96307647,0.01849909
961.20833112,0.01959815
961.45359392,0.02644135
961.69886486,0.02451281
961.94414394,0.02839062
962.18943115,0.02801736
962.43472648,0.02693904
962.68002995,0.03425918
962.92534154,0.03390665
963.17066126,0.03156338
963.41598909,0.03353339
963.66132504,0.03929826
963.90666911,0.04087427
964.15202128,0.04031437
964.39738157,0.04941790
964.64274996,0.04450324
964.88812645,0.05082801
965.13351104,0.04641104
965.37890374,0.05180265
965.62430452,0.05024737
965.86971340,0.05145012
966.11513036,0.05489245
966.36055542,0.05599151
966.60598855,0.05478877
966.85142977,0.05095243
967.09687907,0.05151233
967.34233644,0.05078654
967.58780188,0.05176117
967.83327539,0.05033032
968.07875697,0.05468508
968.32424661,0.05999374
968.56974432,0.05601225
968.81525008,0.05238328
969.06076390,0.05470582
969.30628577,0.05337866
969.55181570,0.05472656
969.79735367,0.05760899
970.04289968,0.05124275
970.28845374,0.05771268
970.53401583,0.05727720
970.77958597,0.06459735
971.02516413,0.05756752
971.27075033,0.05835552
971.51634455,0.05702836
971.76194680,0.06260660
972.00755708,0.05526572
972.25317537,0.05835552
972.49880168,0.05833479
972.74443600,0.05483024
972.99007834,0.05308834
973.23572868,0.05493393
973.48138703,0.05984859
973.72705338,0.05256991
973.97272774,0.05547309
974.21841009,0.05736015
974.46410043,0.05845921
974.70979877,0.05995227
974.95550510,0.05323350
975.20121941,0.05555604
975.44694171,0.05883247
975.69267199,0.05781636
975.93841024,0.05816889
976.18415647,0.06291766
976.42991068,0.06470103
976.67567285,0.05895690
976.92144299,0.05342013
977.16722110,0.05586709
977.41300717,0.06092691
977.65880119,0.06183933
977.90460317,0.05495466
978.15041311,0.06127944
978.39623099,0.06069880
978.64205683,0.05821037
978.88789061,0.05804447
979.13373233,0.05812742
979.37958199,0.05057917
979.62543958,0.05026811
979.87130511,0.04987411
980.11717857,0.04896168
980.36305996,0.04330049
980.60894928,0.04145490
980.85484651,0.03861394
981.10075167,0.04124754
981.34666475,0.03774299
981.59258573,0.03865542
981.83851463,0.03473613
982.08445144,0.03902868
982.33039616,0.03662319
982.57634878,0.03631214
982.82230930,0.03525455
983.06827771,0.04170375
983.31425403,0.04114385
983.56023823,0.04025216
983.80623032,0.03977521
984.05223031,0.03432139
984.29823817,0.03774299
984.54425391,0.03848952
984.79027754,0.03324307
985.03630904,0.03809552
985.28234841,0.03819920
985.52839565,0.04228438
985.77445076,0.04081206
986.02051374,0.04670135
986.26658457,0.04101943
986.51266327,0.04966674
986.75874982,0.04630735
987.00484422,0.04806999
987.25094647,0.05480951
987.49705658,0.04916905
987.74317452,0.04842252
987.98930031,0.04883726
988.23543394,0.05348234
988.48157541,0.04661841
988.72772471,0.04966674
988.97388184,0.05389708
989.22004680,0.04672209
989.46621959,0.05095243
989.71240020,0.04782115
989.95858862,0.04900316
990.20478487,0.04205628
990.45098893,0.05174044
990.69720080,0.04151712
990.94342048,0.04226365
991.18964797,0.04128901
991.43588326,0.04162080
991.68212635,0.03761857
991.92837724,0.03699646
992.17463593,0.03535824
992.42090240,0.03413476
992.66717667,0.03042284
992.91345872,0.03002884
993.15974856,0.02710493
993.40604618,0.02944821
993.65235158,0.02536303
993.89866475,0.03110716
994.14498570,0.02826620
994.39131441,0.02973852
994.63765090,0.02812104
994.88399515,0.02913715
995.13034716,0.03239285
995.37670693,0.03208180
995.62307445,0.02768557
995.86944973,0.02625472
996.11583276,0.02669019
996.36222354,0.03025695
996.60862206,0.02909568
996.85502833,0.02780999
997.10144233,0.02469944
997.34786408,0.02324786
997.59429355,0.02370407
997.84073076,0.02472018
998.08717570,0.01725488
998.33362836,0.02061426
998.58008875,0.01555445
998.82655685,0.01918341
999.07303267,0.02625472
999.31951621,0.02015805
999.56600746,0.01416507
999.81250642,0.01652908
1000.05901309,0.01310748
1000.30552746,0.01470423
1000.55204953,0.01043242
1000.79857929,0.01466276
1001.04511676,0.01497381
1001.29166191,0.01885162
1001.53821476,0.00949925
1001.78477529,0.01408212
1002.03134351,0.01246464
1002.27791941,0.01615582
1002.52450299,0.01746225
1002.77109424,0.01611434
1003.01769317,0.01362591
1003.26429976,0.01673645
1003.51091403,0.01354296
1003.75753596,0.01424802
1004.00416555,0.01383328
1004.25080280,0.02015805
1004.49744771,0.01708898
1004.74410027,0.01391623
1004.99076048,0.01428949
1005.23742834,0.01350149
1005.48410384,0.01822951
1005.73078699,0.01435170
1005.97747778,0.01532634
1006.22417620,0.01480792
1006.47088226,0.01615582
1006.71759595,0.01684014
1006.96431727,0.02019952
1007.21104622,0.01634245
1007.45778279,0.01897604
1007.70452698,0.01333559
1007.95127879,0.02102900
1008.19803821,0.01934931
1008.44480524,0.02229396
1008.69157988,0.02187922
1008.93836213,0.02243912
1009.18515199,0.01816730
1009.43194944,0.01934931
1009.67875450,0.01988847
1009.92556715,0.01903825
1010.17238739,0.02082163
1010.41921522,0.02167185
1010.66605064,0.02057279
1010.91289364,0.01974331
1011.15974422,0.01966036
1011.40660239,0.02061426
1011.65346813,0.02075942
1011.90034144,0.02575703
1012.14722232,0.02233543
1012.39411078,0.02038616
1012.64100679,0.02347596
1012.88791037,0.02287459
1013.13482151,0.02169258
1013.38174020,0.02287459
1013.62866645,0.02857725
1013.87560025,0.02897126
1014.12254160,0.02538376
1014.36949049,0.02739525
1014.61644693,0.02872241
1014.86341091,0.02492755
1015.11038242,0.02260501
1015.35736147,0.02615103
1015.60434805,0.02528008
1015.85134216,0.01992994
1016.09834379,0.02092532
1016.34535295,0.02140227
1016.59236963,0.02200364
1016.83939383,0.02092532
1017.08642554,0.02051058
1017.33346476,0.02075942
1017.58051150,0.01887236
1017.82756574,0.01516044
1018.07462748,0.01478718
1018.32169673,0.01872720
1018.56877347,0.01574108
1018.81585771,0.01951520
1019.06294945,0.01480792
1019.31004867,0.01240243
1019.55715538,0.00821356
1019.80426957,0.01876867
1020.05139125,0.01715119
1020.29852041,0.01619729
1020.54565704,0.01057758
1020.79280114,0.01445539
1021.03995272,0.00701082
1021.28711177,0.01567887
1021.53427828,0.01260980
1021.78145225,0.01590697
1022.02863368,0.01146927
1022.27582257,0.01144853
1022.52301891,0.01584476
1022.77022270,0.01144853
1023.01743395,0.01227801
1023.26465263,0.01200843
1023.51187876,0.00520670
1023.75911234,0.00898083
1024.00635335,0.00713524
1024.25360179,0.00707303
1024.50085766,0.00690713
1024.74812097,0.00794398
1024.99539170,0.00707303
1025.24266985,0.00761219
1025.48995543,0.00489565
1025.73724842,0.00591176
1025.98454883,0.00709377
1026.23185665,0.00427354
1026.47917188,0.00419059
1026.72649452,0.00929188
1026.97382456,0.00730114
1027.22116200,0.00317448
1027.46850685,0.00495786
1027.71585908,0.00703156
1027.96321872,0.00446017
1028.21058574,0.00313301
1028.45796014,-0.01192202
1028.70534194,-0.01111328
1028.95273111,-0.01204644
1029.20012767,-0.01177686
1029.44753160,-0.01212939
1029.69494290,-0.01156949
