198.80933475,0.00691286
199.01143578,0.00826121
199.21355429,0.00203808
199.41569028,0.00079345
199.61784374,0.00081419
199.82001468,0.00247369
200.02220309,0.00438212
200.22440896,0.00006742
200.42663230,0.00141576
200.62887310,0.00139502
200.83113136,0.00512890
201.03340708,0.00046155
201.23570025,0.00224551
201.43801087,0.00587567
201.64033894,0.00481774
201.84268445,0.00359386
202.04504741,0.00253593
202.24742780,0.00114609
202.44982564,0.00261890
202.65224090,-0.00252555
202.85467360,0.00359386
203.05712372,0.00268113
203.25959128,-0.00063787
203.46207625,0.00299229
203.66457864,-0.00016076
203.86709846,0.00550228
204.06963568,0.00622832
204.27219032,0.00297154
204.47476237,0.00226626
204.67735182,0.00151948
204.87995868,0.01176690
205.08258293,0.00631129
205.28522459,0.00297154
205.48788364,0.00274336
205.69056008,0.00245295
205.89325391,0.00828195
206.09596513,0.00263964
206.29869374,0.00736922
206.50143972,0.00583418
206.70420308,0.00469328
206.90698382,0.00228700
207.10978194,0.00073122
207.31259742,0.00658096
207.51543027,-0.00011928
207.71828048,0.00429915
207.92114806,0.00218328
208.12403299,0.00911170
208.32693528,0.00234923
208.52985493,0.00232849
208.73279193,-0.00111498
208.93574627,0.01029409
209.13871796,0.00602088
209.34170699,0.00270188
209.54471336,-0.00014002
209.74773707,0.00492146
209.95077811,0.00060676
210.15383649,0.00251518
210.35691219,0.00471402
210.56000522,0.00519113
210.76311557,-0.00138465
210.96624324,0.00533633
211.16938823,0.00112535
211.37255053,0.00272262
211.57573015,0.00006742
211.77892707,0.00490072
211.98214130,0.00216254
212.18537284,0.00301303
212.38862167,0.00197584
212.59188781,-0.00092828
212.79517124,0.00139502
212.99847196,-0.00094903
213.20178997,0.00375981
213.40512527,0.00519113
213.60847785,0.00268113
213.81184772,0.00228700
214.01523486,-0.00051341
214.21863928,0.00259816
214.42206097,0.00556452
214.62549993,0.00390501
214.82895616,0.00141576
215.03242966,0.00243221
215.23592042,0.00062750
215.43942843,0.00487997
215.64295370,0.00293006
215.84649623,0.00407096
216.05005601,0.00755592
216.25363303,0.00448584
216.45722731,0.00473476
216.66083882,-0.00123944
216.86446757,0.00243221
217.06811356,0.00301303
217.27177679,0.00724476
217.47545724,0.00390501
217.67915493,0.00154022
217.88286984,0.00282634
218.08660198,0.00519113
218.29035133,0.00817823
218.49411790,0.00738997
218.69790169,0.00336568
218.90170269,0.00216254
219.10552090,0.00703732
219.30935632,0.00624906
219.51320894,0.00218328
219.71707876,0.00106312
219.92096578,0.00440286
220.12486999,0.00139502
220.32879140,0.00359386
220.53272999,0.00131204
220.73668578,0.00344865
220.94065875,0.00612460
221.14464890,-0.00134316
221.34865623,0.00239072
221.55268073,0.00143651
221.75672241,-0.00244258
221.96078126,0.00046155
222.16485728,-0.00076233
222.36895046,0.00095940
222.57306080,0.00369758
222.77718831,0.00282634
222.98133297,-0.00300266
223.18549478,0.00357311
223.38967375,0.00172692
223.59386986,-0.00138465
223.79808312,0.00019188
224.00231352,0.00471402
224.20656106,0.00324121
224.41082574,0.00438212
224.61510756,0.00880054
224.81940650,-0.00014002
225.02372258,-0.00167506
225.22805578,0.00232849
225.43240610,-0.00175803
225.63677355,0.00216254
225.84115811,-0.00103200
226.04555979,0.00226626
226.24997858,0.00081419
226.45441448,0.00249444
226.65886748,0.00573047
226.86333759,0.00346940
227.06782480,0.00228700
227.27232911,0.00251518
227.47685052,0.00201733
227.68138902,0.00487997
227.88594461,-0.00078308
228.09051728,0.00309601
228.29510704,0.00461030
228.49971389,0.00568898
228.70433781,0.00593790
228.90897881,0.00458956
229.11363688,0.00135353
229.31831202,0.00512890
229.52300423,0.00436138
229.72771350,0.00147799
229.93243984,0.00025411
230.13718324,0.00207956
230.34194369,0.00263964
230.54672120,0.00743145
230.75151576,0.00214179
230.95632737,0.00564749
231.16115602,0.00247369
231.36600172,-0.00171655
231.57086446,0.00066899
231.77574423,0.00272262
231.98064104,-0.00072085
232.18555488,0.00183064
232.39048575,0.00305452
232.59543365,-0.00028523
232.80039857,0.00008816
233.00538051,0.00367683
233.21037947,0.00255667
233.41539544,0.01780334
233.62042843,0.00085568
233.82547842,0.00259816
234.03054543,0.00884203
234.23562943,0.00029560
234.44073044,0.00166469
234.64584845,0.00452733
234.85098345,0.00124981
235.05613545,0.00183064
235.26130444,0.00407096
235.46649041,0.00164394
235.67169337,0.00629055
235.87691331,0.00907021
236.08215023,0.00004667
236.28740413,0.00392576
236.49267500,0.00195510
236.69796284,-0.00113572
236.90326765,0.00322047
237.10858942,0.00322047
237.31392816,0.00548154
237.51928386,0.00631129
237.72465651,0.00098014
237.93004612,0.00083494
238.13545268,0.00081419
238.34087619,0.00398799
238.54631664,0.00124981
238.75177404,0.00021262
238.95724838,-0.00175803
239.16273965,0.00286783
239.36824786,0.00712030
239.57377300,0.00479700
239.77931508,0.00402948
239.98487407,0.00326196
240.19045000,0.00498369
240.39604284,0.00440286
240.60165260,-0.00358349
240.80727928,0.00245295
241.01292287,0.00346940
241.21858337,0.00448584
241.42426077,0.00303378
241.62995508,0.00537782
241.83566630,-0.00001556
242.04139441,0.00475551
242.24713941,0.00330345
242.45290131,0.00170617
242.65868010,0.00313749
242.86447578,-0.00090754
243.07028835,0.00496295
243.27611779,0.00720327
243.48196412,0.00324121
243.68782732,0.00075196
243.89370739,0.00064824
244.09960434,-0.00030597
244.30551816,0.00575121
244.51144884,0.00151948
244.71739638,0.00249444
244.92336078,0.00471402
245.12934204,0.00187213
245.33534016,0.00199659
245.54135512,-0.00009853
245.74738694,0.00025411
245.95343560,0.00210031
246.15950110,0.00626980
246.36558345,0.00168543
246.57168263,0.00409171
246.77779865,0.00085568
246.98393150,0.00541931
247.19008118,0.00222477
247.39624769,0.00334493
247.60243102,0.00330345
247.80863117,0.00371832
248.01484814,0.00255667
248.22108192,0.00317898
248.42733252,-0.00001556
248.63359993,-0.00047192
248.83988415,-0.00165432
249.04618517,0.00560600
249.25250299,-0.00045118
249.45883761,-0.00057564
249.66518903,0.00382204
249.87155724,0.00023337
250.07794224,0.00539857
250.28434403,0.00266039
250.49076260,0.00765964
250.69719796,-0.00208993
250.90365009,-0.00009853
251.11011901,0.00212105
251.31660469,0.00266039
251.52310715,0.00282634
251.72962638,0.00272262
251.93616237,0.00133279
252.14271513,0.00160246
252.34928464,0.00222477
252.55587091,0.00156097
252.76247394,0.00212105
252.96909372,0.00245295
253.17573025,0.00168543
253.38238352,0.00087642
253.58905354,0.00390501
253.79574030,0.00046155
254.00244380,0.00230774
254.20916403,0.00774261
254.41590099,0.00541931
254.62265469,0.00251518
254.82942511,0.00162320
255.03621225,0.00071047
255.24301612,0.00253593
255.44983670,0.00050304
255.65667400,0.00342791
255.86352802,0.00147799
256.07039874,0.00015039
256.27728617,0.00102163
256.48419031,0.00396725
256.69111115,0.00332419
256.89804868,0.00116684
257.10500292,0.00044081
257.31197384,0.00278485
257.51896146,0.00884203
257.72596577,-0.00190324
257.93298676,0.00110461
258.14002443,0.00415394
258.34707878,0.00255667
258.55414981,0.00259816
258.76123752,0.00095940
258.96834190,0.00548154
259.17546294,-0.00053415
259.38260065,-0.00005705
259.58975502,-0.00070010
259.79692606,0.00234923
260.00411375,0.00317898
260.21131810,-0.00235960
260.41853909,0.00469328
260.62577674,0.00071047
260.83303103,0.00336568
261.04030197,-0.00018151
261.24758955,-0.00007779
261.45489377,-0.00022300
261.66221462,0.00145725
261.86955210,0.00384278
262.07690622,0.00091791
262.28427696,-0.00018151
262.49166433,-0.00142613
262.69906831,0.00288857
262.90648892,-0.00103200
263.11392614,-0.00026448
263.32137998,0.00494220
263.52885042,0.00187213
263.73633747,0.00595865
263.94384113,-0.00126018
264.15136139,0.00502518
264.35889825,0.00853087
264.56645171,0.00537782
264.77402176,0.00247369
264.98160840,0.00257741
265.18921163,0.00029560
265.39683144,-0.00289894
265.60446784,0.00770112
265.81212081,-0.00103200
266.01979037,0.00440286
266.22747650,0.00098014
266.43517920,0.00448584
266.64289847,-0.00074159
266.85063430,0.00002593
267.05838670,0.00060676
267.26615566,0.00357311
267.47394117,-0.00136390
267.68174324,-0.00072085
267.88956187,0.00369758
268.09739704,0.00297154
268.30524876,0.00448584
268.51311702,0.00593790
268.72100183,-0.00362497
268.92890317,-0.00020225
269.13682105,-0.00202770
269.34475546,-0.00096977
269.55270640,0.00154022
269.76067387,0.00328270
269.96865786,-0.00173729
270.17665838,0.00064824
270.38467541,0.00010890
270.59270896,0.00357311
270.80075902,-0.00061713
271.00882560,0.00263964
271.21690868,0.00205882
271.42500826,0.00429915
271.63312435,0.00052378
271.84125694,0.00210031
272.04940602,0.00595865
272.25757160,0.00274336
272.46575367,0.00533633
272.67395223,0.00245295
272.88216727,0.00064824
273.09039880,0.00716179
273.29864681,0.00199659
273.50691129,0.00263964
273.71519225,0.00118758
273.92348968,0.00104237
274.13180358,0.00083494
274.34013395,0.00077271
274.54848077,0.00326196
274.75684406,0.00210031
274.96522381,0.00131204
275.17362001,-0.00213142
275.38203267,0.00678840
275.59046177,0.00145725
275.79890732,0.00162320
276.00736932,0.00272262
276.21584776,-0.00086605
276.42434263,-0.00040969
276.63285394,-0.00242183
276.84138169,-0.00049266
277.04992586,0.00247369
277.25848646,0.00284708
277.46706349,0.00098014
277.67565694,-0.00383241
277.88426680,0.00042006
278.09289309,0.00048229
278.30153578,-0.00146762
278.51019489,0.00394650
278.71887041,0.00118758
278.92756233,0.00334493
279.13627065,0.00421617
279.34499537,0.00220403
279.55373649,0.00307526
279.76249401,0.00931914
279.97126791,0.00309601
280.18005820,0.00151948
280.38886488,0.00274336
280.59768795,-0.00198622
280.80652739,0.00193436
281.01538321,0.00021262
281.22425540,0.00286783
281.43314397,0.00201733
281.64204891,0.00102163
281.85097021,0.00201733
282.05990788,0.00407096
282.26886190,0.00257741
282.47783229,-0.00250481
282.68681903,0.00402948
282.89582212,0.00129130
283.10484156,0.00062750
283.31387735,0.00029560
283.52292949,0.00108386
283.73199796,0.00068973
283.94108277,0.00322047
284.15018392,0.00060676
284.35930141,0.00071047
284.56843522,0.00303378
284.77758536,0.00440286
284.98675183,0.00015039
285.19593461,0.00722402
285.40513372,0.00718253
285.61434914,0.00475551
285.82358088,-0.00493183
286.03282893,0.00008816
286.24209328,0.00338642
286.45137395,0.00124981
286.66067091,0.00290931
286.86998417,0.00228700
287.07931373,0.00214179
287.28865959,0.00390501
287.49802174,0.00098014
287.70740017,0.00095940
287.91679489,0.00183064
288.12620590,0.00263964
288.33563318,-0.00053415
288.54507675,0.00303378
288.75453658,0.00025411
288.96401269,-0.00119795
289.17350507,-0.00055490
289.38301372,0.00741071
289.59253863,0.00220403
289.80207980,0.00682989
290.01163723,0.00183064
290.22121091,0.00506667
290.43080085,0.00253593
290.64040703,0.00064824
290.85002947,0.00328270
291.05966815,0.00487997
291.26932307,0.00402948
291.47899422,0.00193436
291.68868162,0.00512890
291.89838525,0.00309601
292.10810511,0.00606237
292.31784119,0.00241146
292.52759350,-0.00057564
292.73736204,0.00313749
292.94714679,0.00338642
293.15694776,0.00226626
293.36676494,0.00056527
293.57659834,0.00212105
293.78644794,-0.00038895
293.99631375,-0.00099051
294.20619576,0.00440286
294.41609397,0.00651873
294.62600838,0.00313749
294.83593898,0.00147799
295.04588578,0.00116684
295.25584876,-0.00231812
295.46582793,0.00089717
295.67582328,0.00241146
295.88583481,-0.00076233
296.09586253,0.00054452
296.30590641,0.00185138
296.51596647,0.00259816
296.72604270,-0.00074159
296.93613509,0.00496295
297.14624365,-0.00422654
297.35636837,0.00000519
297.56650925,0.00407096
297.77666629,0.00214179
297.98683947,-0.00157134
298.19702881,0.00270188
298.40723429,0.00164394
298.61745592,0.00268113
298.82769369,0.00448584
299.03794760,0.00554377
299.24821765,-0.00121870
299.45850383,0.00431989
299.66880614,0.00176841
299.87912458,-0.00130167
300.08945914,-0.00260853
300.29980983,0.00259816
300.51017663,0.00251518
300.72055955,0.00778410
300.93095859,0.00253593
301.14137374,0.00154022
301.35180499,-0.00061713
301.56225235,0.00031634
301.77271582,-0.00312712
301.98319538,0.00960955
302.19369105,-0.00399836
302.40420280,-0.00065861
302.61473065,0.00434063
302.82527459,0.00180989
303.03583461,-0.00059638
303.24641072,0.00112535
303.45700291,0.00137427
303.66761117,0.00147799
303.87823552,0.00558526
304.08887593,0.00247369
304.29953241,-0.00057564
304.51020496,-0.00186175
304.72089358,0.00500443
304.93159825,0.00307526
305.14231899,-0.00063787
305.35305578,0.00461030
305.56380862,0.00288857
305.77457752,0.00104237
305.98536246,0.00203808
306.19616344,0.00228700
306.40698047,0.00236998
306.61781354,0.00006742
306.82866264,0.00419543
307.03952778,0.00108386
307.25040895,0.00172692
307.46130614,0.00328270
307.67221937,0.00120832
307.88314861,0.00019188
308.09409387,0.00340716
308.30505515,0.00251518
308.51603245,0.00562675
308.72702576,-0.00076233
308.93803507,-0.00080382
309.14906039,0.00288857
309.36010172,0.00185138
309.57115904,0.00336568
309.78223236,0.00236998
309.99332168,0.00116684
310.20442699,0.00263964
310.41554829,0.00073122
310.62668557,-0.00177878
310.83783884,0.00118758
311.04900809,-0.00441324
311.26019332,0.00147799
311.47139452,0.00102163
311.68261169,0.00220403
311.89384484,0.00504592
312.10509395,0.00247369
312.31635903,0.00388427
312.52764007,0.00071047
312.73893706,-0.00273299
312.95025002,0.00017114
313.16157892,-0.00101126
313.37292378,0.00373906
313.58428458,0.00149874
313.79566133,0.00083494
314.00705402,0.00203808
314.21846266,0.00239072
314.42988722,-0.00020225
314.64132772,0.00207956
314.85278416,-0.00142613
315.06425652,0.00960955
315.27574480,-0.00126018
315.48724901,0.00326196
315.69876914,-0.00065861
315.91030518,0.00251518
316.12185715,-0.00055490
316.33342502,0.00234923
316.54500880,0.00334493
316.75660848,0.00448584
316.96822407,0.00290931
317.17985556,0.00064824
317.39150295,0.00147799
317.60316624,0.00243221
317.81484541,0.00245295
318.02654048,0.00183064
318.23825143,0.00346940
318.44997826,0.00166469
318.66172098,0.00288857
318.87347957,0.00579270
319.08525404,0.00346940
319.29704439,0.00199659
319.50885060,-0.00051341
319.72067268,0.00212105
319.93251063,0.00205882
320.14436443,0.00068973
320.35623410,0.00853087
320.56811962,0.00444435
320.78002100,-0.00117721
320.99193822,-0.00036820
321.20387130,-0.00076233
321.41582021,0.00077271
321.62778498,0.00581344
321.83976558,0.00243221
322.05176201,0.00261890
322.26377428,-0.00036820
322.47580239,0.00508741
322.68784632,0.00378055
322.89990607,0.00122907
323.11198165,0.00201733
323.32407305,0.00253593
323.53618027,0.00313749
323.74830330,-0.00018151
323.96044215,0.00390501
324.17259680,0.00651873
324.38476726,0.00512890
324.59695352,0.00025411
324.80915558,0.00176841
325.02137344,-0.00076233
325.23360710,-0.00005705
325.44585655,0.00344865
325.65812178,0.00531559
325.87040281,-0.00113572
326.08269962,0.00203808
326.29501221,-0.00070010
326.50734058,0.00461030
326.71968472,-0.00055490
326.93204464,0.00724476
327.14442032,0.00363535
327.35681178,0.00247369
327.56921900,0.00023337
327.78164198,0.00093866
327.99408072,-0.00115647
328.20653522,0.00137427
328.41900547,-0.00053415
328.63149147,0.00317898
328.84399322,0.00141576
329.05651071,0.00228700
329.26904395,0.00066899
329.48159293,0.00531559
329.69415764,-0.00051341
329.90673809,0.00311675
330.11933427,0.00048229
330.33194617,0.00415394
330.54457381,0.00035783
330.75721716,-0.00246332
330.96987624,0.00012965
331.18255104,0.00170617
331.39524154,0.00784633
331.60794777,0.00284708
331.82066970,0.00010890
332.03340733,0.00317898
332.24616067,0.00550228
332.45892971,0.00293006
332.67171445,0.00353163
332.88451489,0.00122907
333.09733102,0.00104237
333.31016283,0.00199659
333.52301034,0.00158171
333.73587352,-0.00146762
333.94875239,-0.00271225
334.16164694,0.00012965
334.37455717,-0.00283671
334.58748306,0.00481774
334.80042463,0.00604162
335.01338187,-0.00101126
335.22635477,0.00367683
335.43934333,0.00068973
335.65234755,0.00658096
335.86536743,0.00251518
336.07840296,0.00187213
336.29145415,-0.00088680
336.50452098,0.00336568
336.71760345,0.00255667
336.93070157,0.00180989
337.14381533,0.00021262
337.35694473,-0.00007779
337.57008976,0.00546080
337.78325042,0.00015039
337.99642671,0.00031634
338.20961863,0.00322047
338.42282617,0.00400873
338.63604933,-0.00177878
338.84928810,0.00050304
339.06254250,0.00162320
339.27581250,0.00270188
339.48909812,0.00305452
339.70239934,0.00529485
339.91571616,0.00162320
340.12904859,0.00270188
340.34239661,-0.00136390
340.55576023,0.00502518
340.76913945,0.00388427
340.98253425,0.00311675
341.19594464,0.00129130
341.40937061,0.00180989
341.62281217,0.00135353
341.83626930,0.00761815
342.04974201,0.00228700
342.26323030,-0.00167506
342.47673415,0.00425766
342.69025357,0.00811600
342.90378856,-0.00051341
343.11733911,0.00415394
343.33090522,0.00375981
343.54448688,0.00166469
343.75808410,0.00145725
343.97169687,0.00095940
344.18532519,-0.00003630
344.39896906,0.00475551
344.61262847,-0.00047192
344.82630341,0.00365609
345.03999390,0.00423691
345.25369992,0.00396725
345.46742147,0.00701658
345.68115855,0.00473476
345.89491115,0.00396725
346.10867928,0.00071047
346.32246293,0.00247369
346.53626210,-0.00138465
346.75007679,0.00006742
346.96390698,0.00369758
347.17775269,0.00207956
347.39161390,-0.00078308
347.60549061,0.00274336
347.81938283,0.00108386
348.03329055,0.00079345
348.24721376,0.00266039
348.46115246,0.00340716
348.67510665,-0.00036820
348.88907634,0.00037857
349.10306150,-0.00107349
349.31706215,-0.00028523
349.53107828,0.00193436
349.74510988,0.00199659
349.95915696,0.00554377
350.17321950,0.00490072
350.38729752,0.00575121
350.60139100,0.00106312
350.81549994,0.00195510
351.02962435,-0.00034746
351.24376421,0.00245295
351.45791952,-0.00061713
351.67209028,0.00075196
351.88627650,-0.00123944
352.10047816,0.00197584
352.31469526,0.00197584
352.52892780,0.00230774
352.74317578,0.00496295
352.95743919,0.00197584
353.17171804,0.00214179
353.38601232,0.00384278
353.60032202,0.00081419
353.81464714,0.00647724
354.02898769,-0.00240109
354.24334365,-0.00113572
354.45771503,-0.00370795
354.67210182,0.00434063
354.88650403,0.00351088
355.10092164,0.00419543
355.31535465,0.00145725
355.52980306,0.01035633
355.74426687,0.00226626
355.95874608,0.00386353
356.17324069,0.00344865
356.38775068,0.00122907
356.60227606,0.00334493
356.81681682,-0.00238035
357.03137297,-0.00184101
357.24594449,0.00243221
357.46053139,0.00508741
357.67513367,0.00502518
357.88975132,0.00288857
358.10438433,0.00015039
358.31903271,0.00278485
358.53369645,0.00270188
358.74837556,-0.00260853
358.96307002,0.00224551
359.17777983,-0.00126018
359.39250499,0.00178915
359.60724551,0.00251518
359.82200137,0.00293006
360.03677257,-0.00121870
360.25155911,-0.00099051
360.46636100,0.00154022
360.68117821,-0.00252555
360.89601076,-0.00175803
361.11085864,0.00409171
361.32572184,-0.00254630
361.54060037,0.00467253
361.75549422,0.00222477
361.97040338,0.00552303
362.18532786,0.00506667
362.40026766,0.00098014
362.61522276,0.00326196
362.83019318,0.00631129
363.04517889,0.00023337
363.26017991,0.00218328
363.47519623,0.00077271
363.69022784,0.00226626
363.90527474,0.00189287
364.12033694,0.00573047
364.33541442,-0.00219365
364.55050719,-0.00184101
364.76561524,-0.00169580
364.98073857,-0.00040969
365.19587718,0.00044081
365.41103106,0.00224551
365.62620021,-0.00074159
365.84138463,0.00112535
366.05658432,0.00243221
366.27179927,0.00369758
366.48702948,0.00127056
366.70227494,0.00154022
366.91753566,0.00081419
367.13281163,-0.00146762
367.34810285,-0.00150911
367.56340932,0.00127056
367.77873103,0.00185138
367.99406798,0.00251518
368.20942017,-0.00277448
368.42478759,0.00241146
368.64017025,-0.00119795
368.85556813,0.00319973
369.07098125,0.00139502
369.28640958,0.00156097
369.50185314,-0.00030597
369.71731191,0.00512890
369.93278590,-0.00372869
370.14827511,0.00255667
370.36377952,-0.00165432
370.57929914,0.00056527
370.79483397,0.00485923
371.01038400,0.00027485
371.22594922,-0.00014002
371.44152965,-0.00101126
371.65712526,0.00346940
371.87273607,-0.00300266
372.08836206,0.00396725
372.30400324,0.00544005
372.51965960,-0.00061713
372.73533114,0.00529485
372.95101786,-0.00294043
373.16671976,0.00434063
373.38243682,0.00463105
373.59816905,0.00160246
373.81391645,-0.00200696
374.02967901,0.00355237
374.24545673,0.00066899
374.46124961,-0.00198622
374.67705764,0.00114609
374.89288082,0.00073122
375.10871916,0.00019188
375.32457264,0.00156097
375.54044126,-0.00072085
375.75632503,0.00467253
375.97222393,0.00176841
376.18813797,-0.00287820
376.40406713,0.00324121
376.62001143,0.00058601
376.83597086,0.00006742
377.05194541,0.00100089
377.26793508,0.00170617
377.48393987,0.00297154
377.69995978,0.00315824
377.91599480,0.00004667
378.13204493,0.00033709
378.34811016,0.00475551
378.56419050,0.00668468
378.78028595,0.00367683
378.99639649,0.00207956
379.21252213,-0.00001556
379.42866286,0.00266039
379.64481868,-0.00028523
379.86098960,0.00579270
380.07717559,0.00197584
380.29337667,0.00112535
380.50959283,-0.00043043
380.72582407,0.00409171
380.94207038,0.00187213
381.15833176,0.00023337
381.37460821,0.00106312
381.59089972,0.00114609
381.80720630,0.00400873
382.02352794,-0.00009853
382.23986464,0.00207956
382.45621639,0.00137427
382.67258319,0.00112535
382.88896505,0.00147799
383.10536195,0.00243221
383.32177389,-0.00011928
383.53820087,0.00081419
383.75464289,0.00042006
383.97109995,0.00100089
384.18757204,-0.00018151
384.40405916,-0.00026448
384.62056131,-0.00240109
384.83707848,0.00104237
385.05361067,0.00313749
385.27015788,0.00180989
385.48672011,0.00479700
385.70329735,0.00293006
385.91988960,0.00394650
386.13649686,-0.00003630
386.35311912,0.00280559
386.56975639,0.00346940
386.78640865,0.00089717
387.00307592,0.00066899
387.21975817,-0.00155060
387.43645542,0.00270188
387.65316765,-0.00067936
387.86989487,0.00411245
388.08663707,0.00027485
388.30339426,-0.00011928
388.52016641,0.00172692
388.73695355,0.00589642
388.95375565,0.00288857
389.17057273,0.00085568
389.38740477,0.00440286
389.60425177,0.00479700
389.82111374,-0.00219365
390.03799066,0.00556452
390.25488253,0.00245295
390.47178936,0.00066899
390.68871114,0.00218328
390.90564787,-0.00103200
391.12259954,0.00015039
391.33956614,0.00365609
391.55654769,0.00075196
391.77354418,0.00290931
391.99055559,0.00122907
392.20758194,0.00197584
392.42462321,0.00274336
392.64167941,0.00334493
392.85875053,0.00606237
393.07583657,-0.00096977
393.29293752,0.00361460
393.51005339,0.00519113
393.72718417,0.00276411
393.94432986,0.00529485
394.16149045,0.00268113
394.37866594,0.00199659
394.59585634,0.00438212
394.81306163,0.00290931
395.03028181,0.00402948
395.24751689,0.00919468
395.46476685,0.00280559
395.68203170,0.00342791
395.89931143,0.00716179
396.11660604,0.00409171
396.33391553,0.00635278
396.55123990,0.00212105
396.76857913,0.00176841
396.98593324,0.00326196
397.20330221,-0.00204845
397.42068604,0.00290931
397.63808474,-0.00165432
397.85549829,0.00581344
398.07292670,0.00444435
398.29036996,0.00487997
398.50782807,0.00568898
398.72530103,0.00581344
398.94278883,0.00487997
399.16029147,0.00666394
399.37780895,0.00147799
399.59534127,0.00631129
399.81288841,0.00461030
400.03045039,0.00672617
400.24802720,0.00917393
400.46561883,0.00382204
400.68322529,0.00251518
400.90084656,0.00232849
401.11848265,0.00564749
401.33613355,0.00425766
401.55379926,0.00290931
401.77147978,0.00662245
401.98917511,0.00672617
402.20688524,0.00288857
402.42461017,0.00353163
402.64234989,0.00629055
402.86010441,-0.00001556
403.07787372,0.00658096
403.29565782,0.00541931
403.51345670,0.00268113
403.73127037,0.00566823
403.94909882,0.00311675
404.16694205,0.00558526
404.38480005,0.00276411
404.60267282,0.00218328
404.82056036,0.00172692
405.03846267,0.00772187
405.25637974,0.00894575
405.47431157,0.00585493
405.69225816,0.00290931
405.91021951,0.00438212
406.12819561,-0.00003630
406.34618645,0.00295080
406.56419205,0.00427840
406.78221239,0.00413320
407.00024747,0.00523262
407.21829729,-0.00063787
407.43636184,0.00734848
407.65444113,0.00699584
407.87253515,0.00662245
408.09064390,0.00533633
408.30876737,0.00517038
408.52690556,0.00593790
408.74505847,0.00427840
408.96322610,0.00701658
409.18140844,0.00465179
409.39960550,0.00475551
409.61781726,0.00533633
409.83604372,0.00589642
410.05428489,0.00720327
410.27254076,0.00189287
410.49081133,0.00824046
410.70909659,0.00614534
410.92739654,0.00440286
411.14571118,0.00873831
411.36404051,0.00631129
411.58238452,0.01029409
411.80074321,0.00463105
412.01911658,0.00857236
412.23750462,0.01019038
412.45590734,0.00726550
412.67432472,0.00749369
412.89275677,0.00556452
413.11120349,0.00340716
413.32966486,0.00253593
413.54814090,0.00527410
413.76663159,0.00763889
413.98513693,0.00301303
414.20365692,0.00154022
414.42219156,0.00757666
414.64074084,0.00243221
414.85930477,0.00670542
415.07788333,0.00085568
415.29647653,0.00471402
415.51508437,0.00268113
415.73370683,0.00378055
415.95234392,0.00589642
416.17099564,0.00608311
416.38966198,0.00521187
416.60834294,0.00510815
416.82703851,0.00676765
417.04574870,0.00106312
417.26447350,0.00434063
417.48321291,0.00434063
417.70196692,0.00118758
417.92073554,0.00517038
418.13951875,0.00838567
418.35831657,0.00158171
418.57712898,0.00207956
418.79595598,0.00971327
419.01479757,0.01068823
419.23365374,0.00521187
419.45252450,0.00295080
419.67140984,0.00678840
419.89030975,0.00795005
420.10922425,0.01160095
420.32815331,0.00498369
420.54709694,0.00612460
420.76605514,0.00732774
420.98502791,0.00552303
421.20401523,0.00309601
421.42301712,0.00610385
421.64203356,0.00689212
421.86106455,0.00409171
422.08011009,0.00465179
422.29917018,0.00931914
422.51824482,0.00541931
422.73733399,0.00201733
422.95643771,0.00668468
423.17555596,0.00575121
423.39468875,0.00475551
423.61383606,0.00604162
423.83299790,0.00600013
424.05217427,0.00527410
424.27136516,0.00948509
424.49057057,0.00546080
424.70979050,0.00560600
424.92902494,0.00666394
425.14827390,0.00544005
425.36753736,0.00676765
425.58681532,0.01110310
425.80610779,0.00909096
426.02541476,0.01168393
426.24473623,0.00454807
426.46407219,0.01068823
426.68342265,0.00315824
426.90278759,0.00925691
427.12216702,0.00743145
427.34156093,0.00805377
427.56096933,0.01052228
427.78039220,0.01201583
427.99982955,0.00763889
428.21928137,0.00635278
428.43874766,0.00415394
428.65822841,0.00917393
428.87772363,0.00844790
429.09723331,0.00743145
429.31675745,0.00220403
429.53629605,0.00568898
429.75584910,0.00612460
429.97541660,0.01041856
430.19499854,0.00521187
430.41459494,0.01093715
430.63420577,0.00851013
430.85383104,0.00805377
431.07347075,0.00992071
431.29312489,0.01290781
431.51279347,0.00749369
431.73247647,0.00718253
431.95217390,0.00680914
432.17188574,0.01052228
432.39161201,0.00444435
432.61135270,0.00573047
432.83110780,0.00884203
433.05087731,0.01477475
433.27066123,0.00817823
433.49045956,0.01070897
433.71027229,0.00925691
433.93009942,0.01091641
434.14994095,0.01077120
434.36979687,0.01050153
434.58966718,0.00998294
434.80955189,0.01133128
435.02945098,0.01070897
435.24936445,0.01871606
435.46929230,0.01021112
435.68923454,0.01158021
435.90919115,0.01653797
436.12916213,0.01085418
436.34914748,0.01353012
436.56914720,0.01205732
436.78916128,0.01064674
437.00918972,0.01124831
437.22923252,0.01010740
437.44928968,0.01282483
437.66936119,0.01126905
437.88944706,0.01263814
438.10954727,0.01465029
438.32966182,0.01415244
438.54979072,0.01465029
438.76993395,0.02060375
438.99009153,0.01618532
439.21026343,0.01780334
439.43044967,0.01707731
439.65065024,0.02054152
439.87086513,0.01303227
440.09109434,0.01340566
440.31133788,0.01267963
440.53159573,0.02168242
440.75186789,0.01048079
440.97215437,0.01535557
441.19245516,0.01747144
441.41277025,0.01707731
441.63309964,0.01807301
441.85344334,0.01850863
442.07380133,0.01527260
442.29417362,0.01606086
442.51456020,0.01433913
442.73496107,0.01525186
442.95537623,0.01653797
443.17580567,0.01823896
443.39624939,0.02012664
443.61670739,0.01552152
443.83717967,0.01825970
444.05766622,0.01684913
444.27816704,0.01911020
444.49868212,0.01321897
444.71921147,0.01521037
444.93975509,0.01552152
445.16031296,0.01823896
445.38088508,0.01983623
445.60147147,0.01707731
445.82207210,0.01581194
446.04268698,0.01852937
446.26331610,0.02224251
446.48395947,0.01195360
446.70461707,0.01574971
446.92528892,0.01315673
447.14597499,0.01832193
447.36667530,0.01176690
447.58738984,0.01964953
447.80811860,0.01630979
448.02886158,0.01440136
448.24961879,0.01767888
448.47039021,0.01747144
448.69117585,0.02541630
448.91197570,0.02072821
449.13278975,0.01388277
449.35361802,0.01666243
449.57446049,0.01871606
449.79531715,0.01097864
450.01618802,0.01342640
450.23707308,0.01280409
450.45797234,0.02112234
450.67888578,0.01523111
450.89981341,0.01303227
451.12075522,0.01817673
451.34171122,0.01888201
451.56268139,0.01996069
451.78366574,0.01927615
452.00466426,0.02066598
452.22567696,0.01292855
452.44670382,0.01711879
452.66774484,0.01207806
452.88880003,0.02199358
453.10986938,0.01832193
453.33095288,0.01948358
453.55205053,0.01554227
453.77316234,0.01280409
453.99428830,0.01923466
454.21542840,0.01653797
454.43658264,0.01848788
454.65775102,0.01813524
454.87893354,0.01857086
455.10013019,0.01863309
455.32134098,0.02257441
455.54256589,0.02089416
455.76380493,0.01533483
455.98505809,0.01751293
456.20632537,0.01732623
456.42760677,0.01923466
456.64890229,0.01678689
456.87021191,0.02228399
457.09153565,0.01881978
457.31287349,0.01873681
457.53422544,0.02338341
457.75559149,0.02203507
457.97697163,0.01830119
458.19836587,0.02269887
458.41977420,0.02315523
458.64119663,0.02446209
458.86263313,0.01927615
459.08408373,0.02429614
459.30554840,0.02095639
459.52702716,0.02966877
459.74851999,0.01859160
459.97002689,0.02904646
460.19154786,0.02307226
460.41308290,0.02628754
460.63463201,0.02311374
460.85619518,0.02068672
461.07777241,0.02491845
461.29936369,0.02450358
461.52096903,0.02869382
461.74258841,0.02883902
461.96422185,0.02508440
462.18586933,0.02298928
462.40753086,0.02933687
462.62920642,0.02637051
462.85089602,0.02477324
463.07259966,0.02325895
463.29431733,0.02099788
463.51604902,0.02344564
463.73779475,0.02325895
463.95955449,0.02626680
464.18132826,0.03024960
464.40311604,0.02641200
464.62491784,0.02539556
464.84673365,0.02628754
465.06856347,0.02883902
465.29040730,0.02253292
465.51226513,0.02693060
465.73413696,0.02317597
465.95602279,0.02854861
466.17792261,0.03074745
466.39983643,0.03390050
466.62176424,0.03076819
466.84370603,0.03168092
467.06566181,0.03056076
467.28763157,0.03066447
467.50961531,0.03056076
467.73161303,0.03066447
467.95362472,0.03085117
468.17565038,0.03336116
468.39769001,0.03020811
468.61974360,0.02796778
468.84181116,0.03203356
469.06389267,0.03759289
469.28598814,0.03078894
469.50809757,0.03572595
469.73022094,0.03307075
469.95235827,0.03367232
470.17450954,0.03000067
470.39667475,0.03002142
470.61885390,0.03275960
470.84104699,0.03562224
471.06325402,0.03952206
471.28547498,0.03161869
471.50770986,0.03450207
471.72995867,0.03417017
471.95222141,0.02859010
472.17449806,0.03228249
472.39678864,0.03060224
472.61909313,0.03259365
472.84141153,0.03076819
473.06374384,0.03738546
473.28609005,0.03499992
473.50845017,0.03105861
473.73082420,0.03267662
473.95321212,0.03238621
474.17561393,0.03433612
474.39802964,0.03085117
474.62045924,0.03107935
474.84290273,0.02832043
475.06536010,0.03329893
475.28783136,0.03553926
475.51031649,0.03215803
475.73281550,0.02975175
475.95532838,0.02699283
476.17785513,0.02794704
476.40039575,0.02912944
476.62295024,0.02983472
476.84551859,0.03091340
477.06810080,0.03387976
477.29069686,0.03321596
477.51330678,0.03213728
477.73593055,0.03437761
477.95856817,0.03334042
478.18121963,0.03209579
478.40388494,0.03336116
478.62656409,0.03705356
478.84925707,0.03244844
479.07196389,0.03180538
479.29468455,0.03222026
479.51741903,0.03645199
479.74016733,0.02888051
479.96292946,0.03300852
480.18570542,0.03510364
480.40849519,0.02852787
480.63129877,0.03292555
480.85411617,0.03213728
481.07694738,0.03163943
481.29979239,0.03207505
481.52265121,0.03178464
481.74552383,0.03207505
481.96841025,0.02809225
482.19131046,0.03460579
482.41422447,0.02944059
482.63715227,0.03323670
482.86009385,0.03008365
483.08304922,0.02608010
483.30601837,0.02985547
483.52900130,0.03290480
483.75199801,0.02873530
483.97500849,0.03068522
484.19803274,0.03298778
484.42107076,0.02873530
484.64412255,0.03638975
484.86718810,0.03224100
485.09026741,0.02498068
485.31336047,0.02653646
485.53646729,0.02912944
485.75958786,0.02487696
485.98272218,0.02618382
486.20587024,0.02363234
486.42903205,0.02657795
486.65220760,0.02510514
486.87539689,0.03033257
487.09859991,0.02848638
487.32181666,0.03099638
487.54504715,0.03307075
487.76829136,0.03008365
487.99154929,0.03387976
488.21482094,0.03161869
488.43810631,0.03120381
488.66140540,0.03840190
488.88471820,0.03599562
489.10804471,0.03941834
489.33138493,0.03823595
489.55473885,0.03927314
489.77810647,0.03975025
490.00148780,0.04174165
490.22488281,0.03968801
490.44829153,0.04423090
490.67171393,0.03981248
490.89515002,0.04194908
491.11859979,0.04147198
491.34206325,0.04327669
491.56554038,0.04130603
491.78903120,0.04373305
492.01253568,0.04006140
492.23605384,0.04194908
492.45958567,0.04645048
492.68313116,0.04495693
492.90669031,0.04053851
493.13026312,0.03771736
493.35384960,0.03568447
493.57744972,0.03721951
493.80106350,0.03823595
494.02469092,0.03948058
494.24833200,0.03883752
494.47198671,0.04097413
494.69565507,0.03524885
494.91933706,0.04389900
495.14303269,0.03838116
495.36674195,0.03921091
495.59046484,0.03995768
495.81420136,0.03889975
496.03795150,0.03672165
496.26171526,0.03493769
496.48549264,0.03595414
496.70928364,0.03668017
496.93308825,0.03796628
497.15690647,0.03910719
497.38073830,0.03682537
497.60458373,0.03960504
497.82844276,0.04817221
498.05231539,0.04105710
498.27620162,0.04327669
498.50010144,0.04371230
498.72401485,0.04319371
498.94794185,0.04665792
499.17188244,0.04074595
499.39583661,0.04503991
499.61980435,0.03935611
499.84378568,0.04369156
500.06778058,0.04020661
500.29178904,0.03950132
500.51581108,0.03831893
500.73984668,0.04213578
500.96389585,0.04072520
501.18795858,0.03981248
501.41203486,0.04300702
501.63612470,0.04101561
501.86022809,0.04114008
502.08434503,0.04491544
502.30847551,0.04414792
502.53261954,0.04203206
502.75677711,0.04095338
502.98094822,0.04304850
503.20513286,0.04327669
503.42933104,0.03945983
503.65354274,0.03902421
503.87776797,0.03724025
504.10200673,0.03342340
504.32625901,0.03765512
504.55052480,0.03232398
504.77480411,0.03205431
504.99909694,0.03006291
505.22340327,0.03286331
505.44772312,0.03290480
505.67205646,0.03155646
505.89640331,0.03234472
506.12076366,0.02906720
506.34513750,0.02894274
506.56952484,0.02894274
506.79392567,0.02842415
507.01833999,0.02898423
507.24276779,0.03240695
507.46720907,0.03192984
507.69166384,0.02848638
507.91613208,0.02946134
508.14061380,0.03313298
508.36510898,0.03222026
508.58961764,0.03412868
508.81413976,0.03605785
509.03867534,0.03694984
509.26322439,0.03425315
509.48778689,0.03556000
509.71236285,0.04111933
509.93695226,0.03680463
510.16155512,0.03970876
510.38617142,0.03750992
510.61080117,0.03641050
510.83544436,0.03595414
511.06010099,0.03630678
511.28477105,0.04340115
511.50945454,0.04136826
511.73415147,0.03788331
511.95886182,0.03473025
512.18358560,0.03504141
512.40832280,0.03143199
512.63307341,0.03267662
512.85783745,0.03217877
513.08261489,0.03120381
513.30740575,0.03327819
513.53221001,0.03373455
513.75702768,0.03522810
513.98185875,0.03080968
514.20670322,0.03149423
514.43156109,0.03298778
514.65643235,0.03282183
514.88131700,0.02952357
515.10621504,0.03748917
515.33112647,0.03110009
515.55605128,0.03410794
515.78098946,0.03475100
516.00594103,0.02991770
516.23090597,0.03348563
516.45588428,0.03510364
516.68087596,0.02898423
516.90588100,0.03149423
517.13089941,0.02915018
517.35593118,0.02894274
517.58097631,0.02798853
517.80603479,0.02960654
518.03110663,0.02661944
518.25619181,0.02724175
518.48129034,0.02454506
518.70640222,0.03116233
518.93152743,0.02892200
519.15666598,0.02956506
519.38181787,0.02722101
519.60698310,0.03097563
519.83216165,0.02784332
520.05735353,0.02271961
520.28255873,0.02651572
520.50777726,0.02493919
520.73300910,0.02709655
520.95825426,0.02892200
521.18351273,0.02788481
521.40878452,0.03062299
521.63406961,0.02690985
521.85936801,0.02740770
522.08467971,0.02585192
522.31000471,0.02676465
522.53534300,0.02879754
522.76069459,0.03242770
522.98605947,0.03369306
523.21143764,0.03259365
523.43682910,0.03543554
523.66223383,0.03508290
523.88765185,0.03705356
524.11308315,0.03786256
524.33852772,0.04022735
524.56398556,0.03516587
524.78945667,0.04024810
525.01494104,0.04145123
525.24043868,0.04541329
525.46594959,0.04566222
525.69147374,0.04869081
525.91701116,0.04493619
526.14256182,0.04157570
526.36812574,0.04074595
526.59370290,0.04226024
526.81929331,0.03802851
527.04489696,0.04460429
527.27051384,0.04282032
527.49614396,0.04062148
527.72178732,0.03912793
527.94744390,0.03933537
528.17311372,0.03896198
528.39879675,0.04308999
528.62449301,0.04138900
528.85020249,0.04738395
529.07592518,0.04271660
529.30166109,0.04346338
529.52741021,0.04562073
529.75317254,0.05617931
529.97894807,0.04369156
530.20473680,0.05203056
530.43053874,0.05456130
530.65635387,0.06422789
530.88218219,0.05514212
531.10802371,0.05798402
531.33387841,0.06045253
531.55974630,0.06234021
531.78562738,0.06153120
532.01152163,0.06433161
532.23742906,0.06001691
532.46334967,0.06034881
532.68928344,0.06319070
532.91523039,0.05798402
533.14119051,0.06377153
533.36716378,0.06030732
533.59315022,0.05912492
533.81914982,0.05970575
534.04516257,0.06464277
534.27118847,0.06041104
534.49722752,0.06018286
534.72327973,0.06088814
534.94934507,0.05989244
535.17542356,0.06375078
535.40151518,0.06402045
535.62761994,0.05595113
535.85373784,0.05748617
536.07986886,0.06653045
536.30601301,0.06159343
536.53217029,0.06061848
536.75834069,0.05748617
536.98452420,0.06095038
537.21072084,0.06267211
537.43693059,0.06437310
537.66315345,0.06057699
537.88938941,0.06329442
538.11563848,0.06335665
538.34190066,0.06377153
538.56817593,0.06462202
538.79446431,0.06433161
539.02076577,0.06236095
539.24708033,0.06810698
539.47340798,0.06943458
539.69974871,0.06984945
539.92610252,0.06551400
540.15246942,0.06852185
540.37884939,0.07123928
540.60524244,0.07665341
540.83164856,0.07022284
541.05806775,0.07571994
541.28450001,0.07420564
541.51094533,0.07740018
541.73740371,0.07926712
541.96387515,0.07839588
542.19035965,0.07561622
542.41685719,0.08049100
542.64336779,0.08231646
542.86989144,0.08833215
543.09642813,0.07744167
543.32297786,0.08092662
543.54954063,0.07708903
543.77611643,0.08385150
544.00270527,0.07686085
544.22930714,0.08748165
544.45592204,0.07775283
544.68254996,0.07740018
544.90919091,0.07047177
545.13584487,0.07681936
545.36251185,0.07152970
545.58919184,0.07329292
545.81588485,0.06968350
546.04259086,0.07393597
546.26930988,0.06941383
546.49604191,0.07484870
546.72278693,0.06850111
546.94954495,0.07161267
547.17631596,0.07318920
547.40309997,0.07796027
547.62989696,0.07681936
547.85670694,0.08005539
548.08352991,0.09015760
548.31036585,0.07833365
548.53721477,0.08360257
548.76407667,0.08625777
548.99095154,0.08430786
549.21783938,0.08190158
549.44474018,0.08403819
549.67165395,0.08895446
549.89858069,0.08652744
550.12552038,0.08488868
550.35247302,0.08327067
550.57943862,0.08279356
550.80641717,0.08279356
551.03340866,0.08356108
551.26041310,0.08791727
551.48743048,0.09206603
551.71446081,0.09480420
551.94150406,0.10025982
552.16856025,0.10133849
552.39562937,0.10501014
552.62271142,0.10225122
552.84980640,0.10596435
553.07691429,0.10436708
553.30403511,0.10648295
553.53116884,0.10733344
553.75831549,0.10660741
553.98547505,0.11073542
554.21264752,0.11363955
554.43983289,0.11233269
554.66703116,0.11913664
554.89424234,0.12338912
555.12146641,0.12338912
555.34870338,0.12280829
555.57595324,0.13162439
555.80321599,0.12876175
556.03049162,0.12760010
556.25778014,0.12749638
556.48508154,0.13434183
556.71239582,0.14261859
556.93972297,0.13595984
557.16706300,0.13342910
557.39441589,0.13867727
557.62178165,0.14220371
557.84916028,0.13100208
558.07655177,0.14303346
558.30395611,0.13855281
558.53137331,0.13430034
558.75880337,0.13417588
558.98624627,0.13067018
559.21370202,0.12903142
559.44117062,0.11816169
559.66865206,0.12316094
559.89614634,0.12170887
560.12365345,0.11847284
560.35117340,0.12002863
560.57870618,0.12218598
560.80625179,0.11851433
561.03381022,0.11548574
561.26138148,0.12067168
561.48896555,0.11996640
561.71656244,0.11743566
561.94417215,0.11511235
562.17179467,0.11662665
562.39942999,0.11780904
562.62707812,0.11693780
562.85473906,0.12392845
563.08241279,0.12882398
563.31009933,0.12038127
563.53779866,0.12749638
563.76551078,0.12502787
563.99323568,0.12220672
564.22097338,0.12141846
564.44872386,0.11853508
564.67648712,0.11897069
564.90426316,0.11756012
565.13205197,0.11175186
565.35985356,0.11177261
565.58766792,0.11731119
565.81549504,0.11453153
566.04333493,0.11890846
566.27118758,0.10922112
566.49905298,0.11079765
566.72693115,0.11098434
566.95482207,0.11214599
567.18272573,0.11204228
567.41064215,0.11442781
567.63857131,0.10552873
567.86651321,0.10820468
568.09446785,0.10335064
568.32243523,0.10853658
568.55041534,0.10125552
568.77840819,0.10965674
569.00641376,0.10413890
569.23443206,0.10482344
569.46246308,0.10756162
569.69050682,0.11061096
569.91856327,0.11449004
570.14663244,0.11245715
570.37471433,0.10718823
570.60280892,0.11293426
570.83091622,0.10961525
571.05903622,0.11000939
571.28716892,0.10812170
571.51531432,0.11289277
571.74347241,0.11444855
571.97164320,0.10774832
572.19982667,0.11108806
572.42802284,0.11183484
572.65623168,0.11127476
572.88445321,0.11301723
573.11268742,0.10650369
573.34093430,0.10428411
573.56919385,0.11214599
573.79746608,0.11208376
574.02575097,0.11722822
574.25404853,0.12063020
574.48235874,0.12382474
574.71068162,0.12399069
574.93901715,0.11967598
575.16736534,0.12542201
575.39572618,0.12826390
575.62409966,0.13131324
575.85248579,0.13106431
576.08088456,0.12724746
576.30929597,0.13247489
576.53772002,0.12818093
576.76615671,0.13193555
576.99460602,0.13753637
577.22306796,0.13786827
577.45154253,0.14207925
577.68002972,0.14166438
577.90852953,0.14077239
578.13704196,0.14127024
578.36556700,0.14218297
578.59410465,0.14207925
578.82265492,0.14029529
579.05121779,0.14097983
579.27979326,0.12979894
579.50838133,0.12965373
579.73698201,0.12791126
579.96559527,0.12587837
580.19422113,0.12789051
580.42285958,0.12301573
580.65151062,0.12558796
580.88017424,0.12438482
581.10885044,0.12693630
581.33753922,0.12957076
581.56624057,0.11849359
581.79495450,0.12042276
582.02368100,0.11776756
582.25242007,0.12152218
582.48117170,0.12299499
582.70993589,0.12272532
582.93871264,0.12594060
583.16750195,0.12461300
583.39630381,0.12123176
583.62511822,0.12645919
583.85394518,0.12517308
584.08278469,0.12749638
584.31163674,0.12751713
584.54050133,0.12880324
584.76937845,0.13245414
584.99826811,0.13703852
585.22717030,0.13598058
585.45608502,0.13257861
585.68501226,0.14168512
585.91395203,0.14276380
586.14290432,0.14877949
586.37186912,0.15052197
586.60084644,0.16012633
586.82983628,0.16139170
587.05883862,0.17224069
587.28785347,0.17641019
587.51688082,0.17748886
587.74592067,0.16848607
587.97497302,0.16437880
588.20403787,0.15900617
588.43311520,0.16151616
588.66220503,0.16404690
588.89130735,0.16276079
589.12042215,0.16336236
589.34954943,0.17282152
589.57868919,0.17537300
589.80784142,0.17464697
590.03700613,0.16821640
590.26618331,0.16898392
590.49537296,0.17128648
590.72457507,0.16705475
590.95378964,0.16933656
591.18301667,0.17553895
591.41225616,0.17039449
591.64150811,0.16392244
591.87077250,0.17205400
592.10004934,0.17421135
592.32933863,0.16892169
592.55864036,0.16612128
592.78795453,0.16317566
593.01728114,0.16780152
593.24662018,0.16402616
593.47597165,0.16215922
593.70533555,0.16894243
593.93471188,0.16761483
594.16410063,0.16973069
594.39350180,0.16755260
594.62291539,0.16587235
594.85234140,0.16863127
595.08177981,0.17360978
595.31123064,0.16757334
595.54069387,0.16939879
595.77016951,0.17921060
595.99965755,0.18250885
596.22915798,0.18209398
596.45867081,0.18651240
596.68819604,0.17972919
596.91773365,0.17365127
597.14728365,0.17174284
597.37684603,0.17460548
597.60642080,0.17452250
597.83600795,0.18066266
598.06560747,0.18383646
598.29521936,0.17811118
598.52484363,0.18680281
598.75448026,0.18925058
598.98412926,0.19468545
599.21379062,0.20036924
599.44346434,0.20221543
599.67315042,0.20881195
599.90284885,0.21544996
600.13255963,0.22582184
600.36228276,0.22957646
600.59201824,0.22219168
600.82176606,0.22534474
601.05152622,0.22725316
601.28129871,0.22824886
601.51108354,0.23669158
601.74088070,0.23826810
601.97069019,0.24783098
602.20051201,0.24185677
602.43034615,0.24932453
602.66019261,0.25264353
602.89005139,0.25343180
603.11992249,0.25612849
603.34980589,0.26301542
603.57970161,0.26382442
603.80960963,0.26824285
604.03952996,0.27504680
604.26946259,0.27768126
604.49940751,0.27967266
604.72936474,0.26963268
604.95933425,0.26813913
605.18931606,0.25990385
605.41931015,0.25305841
605.64931653,0.25886666
605.87933519,0.25969641
606.10936612,0.27454895
606.33940934,0.27483937
606.56946483,0.28911108
606.79953259,0.28131142
607.02961261,0.29106099
607.25970490,0.30313386
607.48980946,0.31846351
607.71992627,0.31508227
607.95005534,0.33080605
608.18019667,0.33030820
608.41035024,0.33163580
608.64051607,0.33424952
608.87069414,0.33634464
609.10088445,0.33449844
609.33108700,0.34551338
609.56130179,0.35090676
609.79152882,0.37287441
610.02176808,0.38187721
610.25201956,0.37505251
610.48228328,0.38415902
610.71255921,0.38440795
610.94284737,0.38834926
611.17314775,0.38281068
611.40346034,0.37843374
611.63378514,0.37762473
611.86412215,0.36831078
612.09447137,0.35941171
612.32483280,0.36835227
612.55520642,0.35555337
612.78559225,0.32674027
613.01599027,0.30778047
613.24640048,0.29817610
613.47682288,0.28247307
613.70725747,0.28172630
613.93770425,0.25583807
614.16816321,0.25399188
614.39863434,0.24619222
614.62911766,0.24554917
614.85961314,0.24179454
615.09012080,0.24751982
615.32064063,0.24540396
615.55117262,0.24820437
615.78171677,0.24762354
616.01227308,0.25077659
616.24284156,0.25614923
616.47342218,0.25397114
616.70401496,0.25946823
616.93461988,0.25392965
617.16523695,0.25488386
617.39586617,0.24729164
617.62650752,0.24169082
617.85716101,0.23148489
618.08782664,0.22036623
618.31850440,0.20914385
618.54919429,0.20211172
618.77989630,0.19084785
619.01061044,0.18427208
619.24133670,0.17622349
619.47207508,0.18132646
619.70282557,0.16790524
619.93358818,0.16892169
620.16436289,0.15691105
620.39514972,0.15454626
620.62594864,0.14116653
620.85675967,0.14100058
621.08758280,0.13208076
621.31841802,0.12876175
621.54926534,0.12316094
621.78012475,0.12007011
622.01099624,0.11930259
622.24187982,0.12145995
622.47277549,0.12359655
622.70368323,0.12677035
622.93460305,0.11700004
623.16553494,0.12052648
623.39647890,0.11689632
623.62743493,0.12135623
623.85840303,0.11673037
624.08938319,0.11803722
624.32037541,0.11907441
624.55137968,0.12162590
624.78239602,0.11531979
625.01342440,0.11316244
625.24446483,0.11805797
625.47551731,0.11446930
625.70658183,0.11762235
625.93765839,0.11386773
626.16874699,0.11573467
626.39984763,0.10598510
626.63096029,0.11693780
626.86208499,0.12123176
627.09322171,0.12453002
627.32437046,0.12847134
627.55553123,0.13523381
627.78670401,0.14000487
628.01788882,0.14751412
628.24908563,0.15182882
628.48029446,0.14863428
628.71151529,0.15504411
628.94274813,0.15902691
629.17399296,0.16062418
629.40524980,0.16574789
629.63651863,0.16427508
629.86779946,0.16396393
630.09909228,0.16693029
630.33039709,0.17000036
630.56171388,0.18209398
630.79304265,0.18796447
631.02438340,0.20348080
631.25573613,0.21659087
631.48710084,0.22347780
631.71847751,0.22907861
631.94986615,0.24061215
632.18126676,0.24440826
632.41267933,0.24878519
632.64410387,0.24625445
632.87554035,0.25795394
633.10698880,0.27378143
633.33844919,0.28116621
633.56992154,0.28790794
633.80140583,0.28877918
634.03290207,0.27990084
634.26441024,0.26842954
634.49593035,0.26712268
634.72746240,0.26772425
634.95900638,0.27062838
635.19056229,0.28747232
635.42213013,0.29475338
635.65370989,0.29763677
635.88530158,0.30201370
636.11690518,0.30516675
636.34852069,0.30524973
636.58014812,0.32705143
636.81178746,0.35781444
637.04343871,0.38359894
637.27510187,0.38988430
637.50677692,0.40330552
637.73846387,0.40027693
637.97016272,0.39666751
638.20187347,0.40901006
638.43359610,0.40174974
638.66533062,0.40438420
638.89707703,0.41921599
639.12883532,0.40830477
639.36060549,0.39882487
639.59238754,0.38064513
639.82418146,0.38321299
640.05598725,0.38226565
640.28780491,0.38614561
640.51963444,0.38440283
640.75147583,0.35622795
640.98332908,0.35526812
641.21519419,0.35435515
641.44707115,0.35750909
641.67895997,0.34741127
641.91086063,0.33626316
642.14277314,0.32897579
642.37469750,0.33422652
642.60663369,0.33468495
642.83858172,0.34659547
643.07054159,0.34814190
643.30251329,0.35330979
643.53449683,0.35625943
643.76649218,0.34155043
643.99849937,0.34237312
644.23051837,0.34040183
644.46254919,0.34618716
644.69459183,0.34842780
644.92664628,0.33767515
645.15871254,0.32670543
645.39079061,0.32701240
645.62288049,0.34584853
645.85498217,0.33085730
646.08709564,0.31477846
646.31922091,0.29637278
646.55135798,0.29443451
646.78350684,0.30124944
647.01566748,0.30256583
647.24783991,0.29968511
647.48002413,0.28691530
647.71222012,0.28226841
647.94442789,0.28162886
648.17664744,0.29175589
648.40887875,0.29070431
648.64112184,0.28392168
648.87337669,0.28498391
649.10564331,0.26980710
649.33792168,0.27712958
649.57021181,0.26454230
649.80251370,0.25770633
650.03482734,0.26091913
650.26715273,0.26271638
650.49948987,0.25552275
650.73183875,0.25069274
650.96419937,0.25003587
651.19657173,0.23829758
651.42895582,0.24060860
651.66135165,0.23793488
651.89375921,0.22770560
652.12617849,0.22995875
652.35860950,0.23195750
652.59105224,0.23584372
652.82350669,0.23787687
653.05597285,0.24748113
653.28845073,0.24948999
653.52094032,0.25066547
653.75344162,0.25742866
653.98595462,0.26375006
654.21847933,0.26446931
654.45101573,0.26523684
654.68356383,0.27139623
654.91612363,0.27697989
655.14869511,0.26808462
655.38127829,0.28936804
655.61387315,0.28316270
655.84647969,0.28642435
656.07909792,0.28388314
656.31172782,0.27833407
656.54436939,0.26687692
656.77702264,0.27125752
657.00968756,0.26700623
657.24236414,0.27391608
657.47505238,0.28437958
657.70775229,0.28016434
657.94046385,0.27511611
658.17318707,0.27887520
658.40592195,0.27983182
658.63866847,0.26691951
658.87142663,0.26944938
659.10419645,0.26807679
659.33697790,0.26499130
659.56977099,0.27485289
659.80257572,0.27039280
660.03539208,0.27214336
660.26822007,0.26487626
660.50105969,0.27001083
660.73391093,0.27857235
660.96677380,0.27693385
661.19964828,0.28692072
661.43253438,0.29811649
661.66543209,0.29920083
661.89834142,0.30489707
662.13126235,0.30874109
662.36419489,0.31309272
662.59713903,0.33614889
662.83009477,0.31856126
663.06306210,0.30638543
663.29604103,0.30270802
663.52903155,0.30504945
663.76203367,0.28015725
663.99504736,0.26793408
664.22807264,0.25668488
664.46110950,0.25225036
664.69415794,0.25040286
664.92721795,0.24535094
665.16028953,0.25055842
665.39337269,0.25894671
665.62646740,0.25419988
665.85957369,0.25598240
666.09269153,0.25214070
666.32582093,0.25209751
666.55896189,0.24642994
666.79211440,0.24700123
667.02527846,0.25542320
667.25845406,0.24476090
667.49164121,0.23575811
667.72483991,0.23231464
667.95805014,0.22914084
668.19127190,0.21928756
668.42450520,0.21831260
668.65775003,0.21638343
668.89100639,0.22183904
669.12427427,0.22974241
669.35755368,0.22484689
669.59084460,0.22920308
669.82414704,0.23490761
670.05746099,0.24121372
670.29078646,0.24447049
670.52412343,0.24266578
670.75747191,0.25206271
670.99083189,0.25229089
671.22420337,0.25359775
671.45758635,0.26567062
671.69098082,0.26757905
671.92438678,0.26531798
672.15780424,0.27286871
672.39123317,0.27830357
672.62467360,0.29033496
672.85812550,0.29871544
673.09158888,0.30719964
673.32506373,0.30487634
673.55855006,0.30431626
673.79204785,0.29786495
674.02555712,0.30124618
674.25907784,0.29305239
674.49261003,0.29745007
674.72615367,0.28836430
674.95970878,0.29525123
675.19327533,0.29782346
675.42685333,0.28801166
675.66044278,0.29425553
675.89404368,0.30543642
676.12765601,0.30819534
676.36127979,0.31280046
676.59491500,0.31107873
676.82856165,0.31309087
677.06221972,0.30699221
677.29588922,0.29848726
677.52957015,0.30908733
677.76326250,0.30271899
677.99696627,0.29184926
678.23068146,0.29286570
678.46440806,0.29726338
678.69814607,0.28741009
678.93189549,0.27073210
679.16565631,0.27633292
679.39942854,0.26114848
679.63321217,0.26092030
679.86700720,0.25123296
680.10081361,0.25042395
680.33463143,0.24042545
680.56846063,0.24451198
680.80230121,0.23872447
681.03615318,0.24243760
681.27001653,0.23449274
681.50389126,0.23793620
681.73777736,0.24019727
681.97167484,0.23779100
682.20558368,0.23934678
682.43950390,0.23480389
682.67343547,0.22976316
682.90737841,0.22555217
683.14133270,0.21972317
683.37529836,0.20906088
683.60927536,0.20431055
683.84326371,0.20559667
684.07726341,0.19877197
684.31127446,0.19771404
684.54529685,0.20165535
684.77933057,0.20273403
685.01337564,0.20559667
685.24743203,0.21737913
685.48149976,0.23198274
685.71557881,0.24420082
685.94966919,0.24882668
686.18377090,0.25832733
686.41788392,0.26728863
686.65200826,0.27149962
686.88614391,0.27863547
687.12029088,0.28529422
687.35444915,0.27417556
687.58861873,0.27479788
687.82279961,0.27270276
688.05699179,0.27195598
688.29119527,0.27114697
688.52541004,0.27678928
688.75963611,0.28116621
688.99387346,0.28492084
689.22812210,0.29313537
689.46238203,0.30095577
689.69665323,0.31840128
689.93093571,0.32151284
690.16522947,0.32997630
690.39953450,0.33727811
690.63385080,0.33568084
690.86817837,0.34316934
691.10251720,0.34389537
691.33686730,0.35576080
691.57122865,0.35603047
691.80560125,0.35509700
692.03998511,0.35314709
692.27438023,0.35978509
692.50878658,0.35881014
692.74320419,0.34984883
692.97763303,0.34762925
693.21207312,0.36505401
693.44652444,0.36764698
693.68098699,0.38565257
693.91546077,0.39098372
694.14994579,0.41085625
694.38444203,0.39830627
694.61894949,0.41386410
694.85346817,0.42203714
695.08799806,0.41400930
695.32253918,0.40656229
695.55709150,0.41907078
695.79165503,0.42137334
696.02622977,0.42392482
696.26081571,0.42245202
696.49541285,0.42581251
696.73002119,0.42460937
696.96464072,0.42367590
697.19927145,0.41456939
697.43391336,0.41643632
697.66856647,0.41396782
697.90323075,0.40091999
698.13790622,0.38822480
698.37259286,0.39212463
698.60729068,0.38604670
698.84199967,0.39442719
699.07671984,0.40606444
699.31145117,0.41510872
699.54619366,0.42089623
699.78094731,0.41770169
700.01571213,0.45186668
700.25048810,0.45815204
700.48527522,0.49544934
700.72007349,0.50733551
700.95488292,0.51299856
701.18970348,0.52225028
701.42453519,0.53285035
701.65937804,0.54164571
701.89423202,0.56282509
702.12909714,0.55620783
702.36397339,0.55434089
702.59886077,0.55595891
702.83375927,0.55716205
703.06866889,0.54828371
703.30358964,0.54886454
703.53852150,0.53677092
703.77346448,0.53073448
704.00841857,0.53114936
704.24338376,0.52791333
704.47836007,0.52478102
704.71334748,0.51314377
704.94834598,0.50069751
705.18335559,0.49839495
705.41837629,0.48472481
705.65340808,0.49223405
705.88845096,0.48866612
706.12350493,0.49084422
706.35856998,0.49924545
706.59364612,0.50924394
706.82873333,0.51285336
707.06383161,0.53955059
707.29894097,0.54141753
707.53406141,0.54525512
707.76919290,0.56257617
708.00433546,0.58114184
708.23948909,0.60607585
708.47465377,0.61155220
708.70982951,0.61972525
708.94501630,0.62233896
709.18021414,0.61341914
709.41542303,0.63208853
709.65064297,0.60128404
709.88587395,0.60719601
710.12111597,0.60252867
710.35636902,0.57066624
710.59163311,0.56541806
710.82690823,0.55421643
711.06219437,0.53110787
711.29749155,0.52621234
711.53279974,0.50862163
711.76811896,0.49063678
712.00344920,0.46891806
712.23879044,0.47599168
712.47414270,0.47568053
712.70950597,0.46113914
712.94488025,0.45524791
713.18026553,0.46219708
713.41566181,0.45035238
713.65106908,0.46852393
713.88648736,0.47572201
714.12191662,0.48206961
714.35735688,0.47279714
714.59280812,0.46605542
714.82827034,0.46510120
715.06374355,0.44979230
715.29922774,0.45723932
715.53472290,0.45690742
715.77022903,0.44439892
716.00574614,0.45468783
716.24127421,0.44435744
716.47681324,0.42680821
716.71236324,0.42158078
716.94792420,0.42718160
717.18349611,0.42176747
717.41907898,0.42135260
717.65467280,0.41701715
717.89027757,0.42332326
718.12589328,0.41668525
718.36151993,0.41448641
718.59715752,0.41270245
718.83280605,0.40463312
719.06846552,0.39241504
719.30413591,0.39641859
719.53981724,0.39616966
719.77550949,0.38766472
720.01121266,0.39803660
720.24692676,0.40065032
720.48265177,0.42075103
720.71838769,0.41687194
720.95413453,0.41255724
721.18989228,0.42404929
721.42566093,0.42108293
721.66144049,0.41803359
721.89723095,0.41807508
722.13303231,0.42709862
722.36884456,0.42448491
722.60466770,0.43520943
722.84050173,0.42504499
723.07634666,0.42350995
723.31220246,0.42039838
723.54806915,0.42006648
723.78394671,0.40069180
724.01983515,0.38731207
724.25573447,0.36557261
724.49164465,0.35710915
724.72756571,0.33868868
724.96349762,0.33941471
725.19944040,0.34134388
725.43539404,0.32813010
725.67135854,0.32147136
725.90733388,0.31207443
726.14332008,0.32124317
726.37931713,0.31640988
726.61532503,0.31109947
726.85134376,0.31130691
727.08737334,0.31304939
727.32341375,0.31358872
727.55946500,0.30466890
727.79552708,0.30473113
728.03159998,0.30767675
728.26768372,0.30460667
728.50377827,0.31649285
728.73988365,0.31933475
728.97599985,0.31618169
729.21212686,0.31145212
729.44826468,0.30821609
729.68441331,0.30317535
729.92057275,0.29531346
730.15674299,0.28743083
730.39292403,0.29087430
730.62911587,0.28110398
730.86531851,0.27189375
731.10153194,0.26494459
731.33775616,0.25239461
731.57399117,0.25247758
731.81023696,0.23940901
732.04649353,0.23617298
732.28276088,0.22152788
732.51903901,0.22254433
732.75532791,0.21389418
732.99162758,0.20516105
733.22793802,0.19398016
733.46425923,0.18754959
733.70059119,0.18024778
733.93693392,0.17203325
734.17328740,0.16946103
734.40965164,0.16479368
734.64602662,0.16317566
734.88241236,0.16298897
735.11880884,0.16661913
735.35521607,0.15512708
735.59163403,0.15784452
735.82806273,0.16139170
736.06450217,0.16948177
736.30095234,0.16790524
736.53741323,0.17568416
736.77388486,0.19136644
737.01036720,0.20003734
737.24686027,0.21381120
737.48336406,0.22667234
737.71987856,0.23584108
737.95640377,0.24812139
738.19293969,0.26100327
738.42948632,0.26554616
738.66604365,0.27002681
738.90261169,0.27342879
739.13919042,0.27502606
739.37577985,0.27761903
739.61237997,0.29139289
739.84899078,0.29498156
740.08561228,0.29998081
740.32224446,0.29317686
740.55888732,0.29068760
740.79554087,0.27803391
741.03220509,0.26903111
741.26887998,0.25816138
741.50556555,0.26185377
741.74226178,0.25480089
741.97896868,0.24343330
742.21568624,0.22696275
742.45241446,0.21777326
742.68915333,0.21360376
742.92590286,0.20810666
743.16266304,0.20663386
743.39943387,0.19497586
743.63621535,0.19385570
743.87300747,0.18354604
744.10981023,0.18360827
744.34662363,0.17489589
744.58344766,0.17850531
744.82028232,0.18047597
745.05712761,0.17879572
745.29398353,0.17261408
745.53085007,0.17377573
745.76772724,0.17340234
746.00461502,0.17356829
746.24151341,0.17288375
746.47842242,0.17132796
746.71534204,0.17960473
746.95227227,0.18539224
747.18921310,0.19682205
747.42616453,0.18860752
747.66312656,0.19644867
747.90009918,0.19406313
748.13708240,0.20215320
748.37407621,0.20312816
748.61108061,0.19628272
748.84809559,0.18730067
749.08512115,0.18375348
749.32215730,0.17935580
749.55920401,0.17680432
749.79626131,0.17180507
750.03332917,0.17622349
750.27040760,0.17016631
750.50749660,0.18215621
750.74459616,0.18145092
750.98170628,0.18391943
751.21882695,0.18698951
751.45595818,0.18367051
751.69309997,0.19557743
751.93025230,0.20016180
752.16741517,0.19881346
752.40458859,0.19530776
752.64177256,0.18981066
752.87896705,0.19348231
753.11617209,0.18701025
753.35338765,0.19466470
753.59061374,0.19640718
753.82785037,0.20383345
754.06509751,0.21049220
754.30235518,0.21406013
754.53962336,0.21937053
754.77690206,0.23339332
755.01419127,0.24276950
755.25149099,0.25407485
755.48880122,0.24936602
755.72612195,0.25909485
755.96345319,0.26633442
756.20079492,0.25861774
756.43814715,0.25820286
756.67550987,0.26365847
756.91288309,0.25258130
757.15026679,0.25181378
757.38766097,0.25778799
757.62506564,0.24855701
757.86248079,0.24783098
758.09990641,0.23331034
758.33734251,0.23472092
758.57478908,0.23115299
758.81224612,0.22129970
759.04971362,0.21615525
759.28719159,0.21708872
759.52468001,0.19437429
759.76217889,0.19678057
759.99968823,0.18945802
760.23720802,0.18771554
760.47473826,0.18400241
760.71227894,0.18194877
760.94983007,0.17331937
761.18739164,0.16435806
761.42496364,0.15614353
761.66254608,0.16124649
761.90013895,0.15913063
762.13774226,0.15946253
762.37535598,0.15900617
762.61298014,0.15966997
762.85061471,0.16303046
763.08825970,0.17109978
763.32591511,0.17381722
763.56358093,0.17348532
763.80125716,0.17914836
764.03894380,0.19557743
764.27664084,0.20945501
764.51434829,0.21248360
764.75206613,0.21833334
764.98979437,0.21688128
765.22753300,0.21439203
765.46528203,0.21953648
765.70304144,0.22986688
765.94081124,0.23206572
766.17859142,0.23849628
766.41638197,0.24042545
766.65418291,0.24797619
766.89199422,0.25007131
767.12981590,0.23148489
767.36764795,0.22063590
767.60549036,0.21229691
767.84334314,0.21242137
768.08120628,0.20957947
768.31907977,0.20738063
768.55696362,0.21096930
768.79485782,0.20727691
769.03276238,0.20478766
769.27067727,0.20827261
769.50860251,0.20796146
769.74653809,0.21926681
769.98448401,0.21484839
770.22244027,0.21416384
770.46040685,0.21721318
770.69838377,0.21312666
770.93637101,0.22069813
771.17436858,0.22764729
771.41237647,0.23461720
771.65039468,0.23669158
771.88842320,0.23640116
772.12646204,0.23507356
772.36451118,0.23886967
772.60257064,0.23635968
772.84064039,0.22849779
773.07872045,0.22368523
773.31681081,0.21267029
773.55491147,0.20675832
773.79302242,0.19848156
774.03114366,0.19144942
774.26927519,0.19445727
774.50741700,0.18441728
774.74556910,0.17929357
774.98373147,0.18433431
775.22190413,0.18481141
775.46008705,0.18228067
775.69828025,0.18659538
775.93648372,0.18396092
776.17469745,0.18597306
776.41292145,0.18748736
776.65115570,0.18649166
776.88940022,0.18763257
777.12765499,0.17983291
777.36592001,0.18456249
777.60419528,0.18103605
777.84248079,0.17313267
778.08077655,0.17736440
778.31908256,0.17620275
778.55739879,0.17095458
778.79572527,0.17248962
779.03406198,0.17132796
779.27240891,0.16749037
779.51076608,0.15566642
779.74913346,0.15832162
779.98751107,0.15850832
780.22589890,0.17446027
780.46429695,0.14728594
780.70270520,0.14933957
780.94112367,0.14597908
781.17955235,0.14732742
781.41799123,0.14274305
781.65644031,0.15039750
781.89489959,0.14249413
782.13336907,0.14307495
782.37184874,0.14062719
782.61033861,0.14218297
782.84883866,0.14958850
783.08734890,0.14085537
783.32586931,0.14245264
783.56439991,0.14543974
783.80294069,0.14120801
784.04149164,0.15124800
784.28005276,0.15367502
784.51862406,0.16012633
784.75720551,0.15834237
784.99579713,0.15633022
785.23439891,0.15672435
785.47301085,0.16307194
785.71163295,0.16188955
785.95026519,0.16381872
786.18890759,0.16325864
786.42756013,0.16753185
786.66622282,0.16390170
786.90489564,0.16776004
787.14357861,0.16159914
787.38227171,0.16027154
787.62097494,0.15068792
787.85968831,0.15139320
788.09841180,0.13793050
788.33714541,0.14102132
788.57588915,0.13197704
788.81464301,0.12952927
789.05340698,0.12376250
789.29218106,0.12280829
789.53096526,0.12890696
789.76975956,0.12845060
790.00856397,0.13058720
790.24737848,0.14087611
790.48620309,0.13357431
790.72503780,0.13896769
790.96388260,0.14591685
791.20273749,0.14842684
791.44160247,0.14456850
791.68047754,0.14037826
791.91936269,0.13782678
792.15825792,0.13075315
792.39716323,0.14234892
792.63607861,0.13031754
792.87500406,0.12448854
793.11393958,0.13498488
793.35288517,0.12726820
793.59184082,0.12459226
793.83080653,0.12054722
794.06978230,0.12488267
794.30876813,0.13430034
794.54776401,0.13075315
794.78676993,0.12581614
795.02578591,0.13660290
795.26481193,0.13517158
795.50384798,0.13297274
795.74289408,0.13467373
795.98195022,0.13842835
796.22101638,0.13645769
796.46009258,0.13324241
796.69917880,0.13880174
796.93827505,0.14342760
797.17738132,0.14809494
797.41649761,0.15255485
797.65562392,0.16209699
797.89476024,0.15946253
798.13390657,0.16062418
798.37306290,0.16056195
798.61222925,0.15099907
798.85140559,0.15359204
799.09059194,0.15187031
799.32978828,0.16081087
799.56899462,0.14579239
799.80821094,0.14693329
800.04743726,0.14012934
800.28667356,0.13940331
800.52591985,0.13432108
800.76517611,0.13575240
801.00444236,0.13622951
801.24371857,0.14212074
801.48300476,0.14815718
801.72230092,0.15595683
801.96160705,0.15842534
802.20092314,0.16537450
802.44024919,0.16630797
802.67958519,0.17753035
802.91893116,0.17282152
803.15828707,0.17456399
803.39765294,0.18109828
803.63702875,0.18800595
803.87641450,0.17763407
804.11581020,0.18176208
804.35521584,0.18518480
804.59463141,0.18555819
804.83405692,0.18060043
805.07349235,0.18586935
805.31293772,0.19066116
805.55239300,0.18236365
805.79185821,0.17921060
806.03133334,0.17925208
806.27081839,0.17983291
806.51031335,0.17375498
806.74981822,0.17400391
806.98933300,0.16655690
807.22885768,0.15568716
807.46839227,0.15292824
807.70793675,0.15253411
807.94749114,0.15734666
808.18705542,0.15135172
808.42662959,0.15230593
808.66621364,0.15139320
808.90580759,0.14817792
809.14541141,0.14753486
809.38502512,0.14236966
809.62464871,0.14164363
809.86428217,0.13921661
810.10392550,0.12853357
810.34357870,0.12119028
810.58324177,0.12322317
810.82291470,0.11587987
811.06259749,0.11380550
811.30229015,0.11536128
811.54199265,0.10573617
811.78170501,0.10046725
812.02142722,0.09140223
812.26115928,0.08673488
812.50090118,0.08258613
812.74065292,0.07505614
812.98041450,0.07047177
813.22018592,0.07557473
813.45996717,0.06348112
813.69975825,0.06043178
813.93955916,0.06068071
814.17936989,0.06198756
814.41919045,0.05331667
814.65902083,0.05962277
814.89886102,0.04931312
815.13871102,0.04991469
815.37857084,0.04947907
815.61844047,0.05209279
815.85831990,0.05283956
816.09820913,0.04719726
816.33810817,0.04282032
816.57801700,0.04427239
816.81793562,0.04462503
817.05786404,0.04242619
817.29780225,0.03657645
817.53775024,0.03788331
817.77770801,0.03885826
818.01767557,0.03564298
818.25765290,0.03265588
818.49764001,0.03259365
818.73763689,0.03215803
818.97764354,0.03163943
819.21765996,0.03524885
819.45768614,0.03201282
819.69772209,0.02908795
819.93776779,0.02817522
820.17782324,0.02535407
820.41788845,0.03076819
820.65796341,0.02690985
820.89804812,0.02475250
821.13814257,0.02720027
821.37824677,0.03358935
821.61836070,0.02979324
821.85848437,0.03033257
822.09861777,0.03831893
822.33876090,0.04543404
822.57891376,0.04674089
822.81907635,0.05022585
823.05924866,0.06026583
823.29943069,0.07673638
823.53962243,0.08669339
823.77982389,0.10185709
824.02003506,0.11695855
824.26025594,0.13811719
824.50048652,0.15863278
824.74072681,0.17151466
824.98097680,0.19449875
825.22123648,0.20723543
825.46150586,0.23777025
825.70178493,0.24281099
825.94207369,0.24413859
826.18237214,0.25430304
826.42268027,0.27081507
826.66299808,0.26768277
826.90332557,0.28118696
827.14366273,0.28052316
827.38400957,0.28535646
827.62436608,0.28535646
827.86473225,0.28985785
828.10510809,0.29155884
828.34549359,0.28218266
828.58588874,0.27689300
828.82629356,0.27670630
829.06670802,0.26780723
829.30713214,0.27539945
829.54756590,0.26596103
829.78800931,0.26442599
830.02846236,0.26755830
830.26892505,0.27087731
830.50939738,0.26940450
830.74987934,0.26255905
830.99037093,0.26299467
831.23087215,0.26851252
831.47138299,0.26365847
831.71190346,0.26318137
831.95243355,0.25376370
832.19297325,0.24853627
832.43352257,0.24312214
832.67408150,0.23716868
832.91465003,0.23455497
833.15522818,0.21990987
833.39581592,0.22410011
833.63641327,0.21219319
833.87702022,0.20623973
834.11763676,0.19856453
834.35826289,0.19605454
834.59889861,0.19667685
834.83954392,0.18026853
835.08019881,0.17346457
835.32086328,0.16800896
835.56153733,0.16817491
835.80222095,0.15641320
836.04291415,0.14064793
836.28361692,0.13226745
836.52432926,0.12647994
836.76505116,0.11857656
837.00578262,0.11305872
837.24652364,0.10345436
837.48727421,0.09582065
837.72803434,0.08968049
837.96880402,0.09001239
838.20958325,0.08414191
838.45037202,0.08318769
838.69117033,0.08055324
838.93197819,0.08420414
839.17279558,0.08366480
839.41362250,0.09136074
839.65445896,0.09015760
839.89530494,0.09362181
840.13616045,0.10001089
840.37702548,0.10057097
840.61790003,0.10349584
840.85878410,0.10619253
841.09967768,0.10415964
841.34058078,0.10791427
841.58149338,0.10276981
841.82241549,0.10328841
842.06334710,0.09665040
842.30428821,0.09650519
842.54523883,0.09548875
842.78619893,0.09625627
843.02716853,0.08901669
843.26814762,0.09414040
843.50913619,0.09071768
843.75013425,0.09190008
843.99114179,0.08872628
844.23215881,0.09102884
844.47318530,0.08387224
844.71422127,0.09314470
844.95526670,0.08613331
845.19632161,0.08345736
845.43738597,0.07580291
845.67845980,0.08310472
845.91954309,0.07503539
846.16063584,0.07304399
846.40173803,0.07482796
846.64284968,0.07820919
846.88397078,0.07291953
847.12510132,0.07565771
847.36624130,0.07445457
847.60739073,0.07358333
847.84854959,0.07545027
848.08971788,0.08306323
848.33089561,0.07545027
848.57208276,0.08111332
848.81327934,0.08629926
849.05448534,0.08536579
849.29570076,0.08845661
849.53692560,0.09878701
849.77815986,0.10021833
850.01940353,0.10870253
850.26065660,0.10849509
850.50191908,0.11442781
850.74319097,0.11444855
850.98447225,0.12340986
851.22576294,0.13023456
851.46706301,0.13235042
851.70837248,0.13880174
851.94969135,0.14716147
852.19101959,0.15479518
852.43235722,0.17865051
852.67370424,0.18346307
852.91506063,0.18784000
853.15642640,0.19468545
853.39780154,0.20999435
853.63918605,0.21719243
853.88057992,0.22235763
854.12198317,0.22084334
854.36339577,0.22658936
854.60481773,0.23196200
854.84624905,0.22986688
855.08768973,0.22571812
855.32913975,0.21115600
855.57059912,0.20414460
855.81206784,0.21310591
856.05354590,0.20281700
856.29503330,0.19742362
856.53653004,0.18252960
856.77803611,0.18223919
857.01955151,0.17846382
857.26107624,0.21455798
857.50261030,0.18176208
857.74415367,0.17529002
857.98570637,0.16047897
858.22726839,0.17114127
858.46883972,0.16327938
858.71042037,0.15875724
858.95201032,0.14745189
859.19360958,0.14535677
859.43521814,0.14261859
859.67683601,0.13900917
859.91846317,0.15070866
860.16009963,0.12923886
860.40174538,0.12959150
860.64340042,0.12260085
860.88506474,0.12316094
861.12673835,0.11998714
861.36842125,0.11449004
861.61011342,0.11596285
861.85181487,0.10828765
862.09352559,0.10930410
862.33524558,0.11581764
862.57697484,0.11451078
862.81871336,0.11679260
863.06046114,0.11606657
863.30221819,0.11656442
863.54398449,0.12287052
863.78576004,0.11444855
864.02754485,0.10942856
864.26933890,0.11013385
864.51114220,0.11239492
864.75295474,0.10752013
864.99477653,0.11789202
865.23660755,0.10250014
865.47844780,0.10034279
865.72029728,0.09511536
865.96215600,0.09567544
866.20402394,0.09434784
866.44590110,0.09546801
866.68778748,0.08708752
866.92968308,0.09057248
867.17158790,0.09190008
867.41350193,0.09353883
867.65542516,0.09362181
867.89735761,0.09774982
868.13929926,0.09621478
868.38125011,0.09328991
868.62321015,0.09617329
868.86517940,0.10169114
869.10715783,0.09322768
869.34914546,0.09550949
869.59114227,0.09638073
869.83314827,0.09391222
870.07516344,0.09067619
870.31718780,0.08856033
870.55922133,0.09930560
870.80126404,0.10293576
871.04331592,0.10113105
871.28537696,0.09403669
871.52744717,0.09389148
871.76952655,0.09571693
872.01161508,0.10254163
872.25371277,0.09801949
872.49581961,0.08965975
872.73793560,0.09239793
872.98006075,0.09067619
873.22219503,0.08990868
873.46433846,0.08575992
873.70649103,0.08650670
873.94865274,0.08088514
874.19082358,0.08225423
874.43300356,0.08283505
874.67519266,0.08188084
874.91739089,0.06779582
875.15959824,0.07090738
875.40181471,0.06686235
875.64404031,0.06574219
875.88627501,0.06377153
876.12851883,0.06267211
876.37077176,0.05698832
876.61303379,0.05373154
876.85530493,0.05839889
877.09758517,0.05331667
877.33987451,0.05167791
877.58217294,0.05547402
877.82448047,0.05483096
878.06679709,0.06294178
878.30912279,0.06433161
878.55145758,0.06597037
878.79380145,0.07206904
879.03615440,0.07148821
879.27851643,0.08405893
879.52088753,0.08553174
879.76326770,0.08787579
880.00565694,0.09499090
880.24805524,0.09621478
880.49046260,0.09696156
880.73287903,0.09358032
880.97530451,0.10196080
881.21773905,0.09563396
881.46018264,0.09455528
881.70263527,0.09899445
881.94509695,0.09540577
882.18756768,0.09478346
882.43004744,0.09210751
882.67253625,0.09401594
882.91503409,0.09304098
883.15754095,0.09343512
883.40005685,0.09198305
883.64258178,0.09146446
883.88511573,0.08534505
884.12765869,0.08636149
884.37021068,0.08561472
884.61277168,0.08725347
884.85534170,0.08042877
885.09792072,0.07731721
885.34050876,0.07356259
885.58310579,0.08362331
885.82571183,0.07820919
886.06832686,0.07451680
886.31095090,0.07522209
886.55358392,0.07447531
886.79622594,0.06677937
887.03887694,0.06449756
887.28153693,0.06648896
887.52420589,0.06702830
887.76688384,0.06171790
888.00957077,0.05941534
888.25226667,0.04972800
888.49497154,0.05176089
888.73768537,0.05250766
888.98040818,0.04974874
889.22313994,0.04562073
889.46588067,0.04850412
889.70863035,0.04186611
889.95138899,0.04286181
890.19415657,0.04138900
890.43693311,0.03989545
890.67971859,0.03649347
890.92251302,0.03178464
891.16531639,0.03354786
891.40812869,0.02927464
891.65094993,0.02929539
891.89378010,0.03089266
892.13661920,0.02757365
892.37946723,0.02906720
892.62232418,0.02724175
892.86519005,0.03352711
893.10806484,0.03236546
893.35094854,0.03802851
893.59384116,0.03157720
893.83674269,0.03863008
894.07965312,0.03796628
894.32257246,0.04414792
894.56550070,0.04676164
894.80843784,0.05451981
895.05138388,0.05248692
895.29433881,0.05910418
895.53730263,0.05431237
895.78027533,0.06049401
896.02325692,0.05779732
896.26624740,0.05997542
896.50924675,0.06366781
896.75225498,0.06852185
896.99527208,0.06316996
897.23829806,0.06076368
897.48133290,0.06814846
897.72437661,0.07022284
897.96742918,0.06864631
898.21049061,0.06557624
898.45356090,0.06263062
898.69664005,0.06443533
898.93972804,0.05678088
899.18282488,0.06505764
899.42593057,0.06420715
899.66904511,0.06055624
899.91216848,0.06458054
900.15530069,0.06258913
900.39844174,0.06955904
900.64159162,0.06321145
900.88475033,0.06661342
901.12791786,0.07412267
901.37109422,0.07314771
901.61427940,0.07175788
901.85747340,0.07374928
902.10067621,0.07881076
902.34388784,0.08565620
902.58710827,0.08625777
902.83033752,0.07922564
903.07357557,0.08362331
903.31682242,0.07870704
903.56007807,0.08432860
903.80334251,0.08551100
904.04661575,0.08225423
904.28989778,0.08424563
904.53318860,0.09219049
904.77648820,0.08770984
905.01979659,0.09424412
905.26311375,0.09310322
905.50643969,0.09731420
905.74977441,0.10480270
905.99311789,0.10610956
906.23647015,0.11104657
906.47983117,0.11654367
906.72320095,0.11639847
906.96657950,0.12509011
907.20996680,0.11888772
907.45336285,0.11982119
907.69676766,0.11753937
907.94018122,0.12305722
908.18360352,0.11606657
908.42703457,0.11996640
908.67047435,0.11496715
908.91392288,0.11334913
909.15738014,0.11200079
909.40084613,0.10490642
909.64432085,0.10642071
909.88780430,0.10627551
910.13129648,0.10299799
910.37479737,0.10079915
910.61830699,0.09943006
910.86182531,0.09870403
911.10535236,0.08997091
911.34888811,0.09673338
911.59243257,0.08478496
911.83598573,0.08824917
912.07954760,0.08634075
912.32311816,0.09326917
912.56669743,0.09945081
912.81028538,0.09169264
913.05388203,0.08829066
913.29748736,0.09051024
913.54110138,0.08746091
913.78472408,0.08694232
914.02835547,0.08403819
914.27199552,0.08750240
914.51564426,0.08422488
914.75930166,0.07754539
915.00296774,0.07949530
915.24664247,0.07993092
915.49032588,0.08217125
915.73401794,0.08665190
915.97771866,0.08874702
916.22142803,0.09967899
916.46514606,0.10949079
916.70887274,0.11237418
916.95260806,0.10281130
917.19635202,0.11382624
917.44010463,0.11384698
917.68386588,0.12361730
917.92763576,0.11801648
918.17141427,0.12069243
918.41520141,0.12291201
918.65899718,0.12168813
918.90280158,0.12701928
919.14661459,0.12691556
919.39043623,0.13214299
919.63426648,0.13556571
919.87810534,0.14570941
920.12195281,0.15483667
920.36580890,0.15597758
920.60967358,0.16655690
920.85354687,0.17257259
921.09742876,0.17589159
921.34131924,0.17792448
921.58521832,0.18342158
921.82912599,0.17518630
922.07304225,0.17072639
922.31696709,0.16155765
922.56090052,0.15678658
922.80484252,0.14996188
923.04879310,0.13888471
923.29275226,0.12677035
923.53671999,0.11880474
923.78069629,0.11150294
924.02468115,0.11280980
924.26867458,0.10019758
924.51267656,0.09167190
924.75668711,0.08268984
925.00070621,0.08013836
925.24473386,0.07329292
925.48877006,0.07030581
925.73281481,0.06870854
925.97686810,0.06053550
926.22092994,0.05736170
926.46500031,0.05346188
926.70907921,0.04740470
926.95316665,0.04952056
927.19726262,0.04732172
927.44136712,0.04674089
927.68548014,0.04240545
927.92960168,0.04421016
928.17373175,0.03962578
928.41787032,0.03933537
928.66201741,0.03541480
928.90617302,0.03203356
929.15033713,0.02912944
929.39450974,0.03045704
929.63869086,0.02997993
929.88288047,0.02792630
930.12707859,0.03128679
930.37128520,0.03792479
930.61550029,0.03095489
930.85972388,0.03713653
931.10395595,0.03286331
931.34819651,0.03643124
931.59244554,0.03576744
931.83670306,0.03719876
932.08096904,0.04203206
932.32524350,0.04864932
932.56952643,0.05118006
932.81381782,0.05512138
933.05811768,0.05364857
933.30242600,0.06584590
933.54674278,0.06225723
933.79106801,0.06933086
934.03540169,0.06794103
934.27974382,0.06997391
934.52409440,0.07561622
934.76845343,0.07758688
935.01282089,0.07360407
935.25719680,0.07820919
935.50158114,0.07727572
935.74597391,0.07368705
935.99037511,0.07009838
936.23478474,0.07076218
936.47920279,0.06885375
936.72362927,0.07937084
936.96806417,0.07049251
937.21250748,0.06777508
937.45695920,0.07001540
937.70141934,0.06545177
937.94588788,0.06856334
938.19036483,0.06955904
938.43485019,0.07184085
938.67934394,0.06787879
938.92384608,0.06329442
939.16835663,0.05860633
939.41287556,0.06030732
939.65740288,0.05922864
939.90193859,0.05084816
940.14648268,0.05012213
940.39103515,0.04979023
940.63559600,0.05462353
940.88016523,0.05254915
941.12474282,0.05576443
941.36932879,0.05472725
941.61392312,0.05312998
941.85852581,0.05422939
942.10313687,0.05352411
942.34775628,0.05572295
942.59238405,0.05451981
942.83702017,0.05528733
943.08166464,0.05744468
943.32631746,0.05800476
943.57097862,0.05412568
943.81564813,0.05516286
944.06032597,0.05603410
944.30501215,0.05516286
944.54970666,0.05763137
944.79440950,0.05292254
945.03912067,0.05032957
945.28384016,0.05771435
945.52856798,0.04877378
945.77330412,0.05159494
946.01804857,0.04443834
946.26280133,0.04605635
946.50756241,0.04402346
946.75233179,0.04777808
946.99710948,0.04495693
947.24189548,0.04800626
947.48668977,0.04642974
947.73149236,0.04802701
947.97630324,0.04271660
948.22112242,0.04586966
948.46594988,0.04503991
948.71078563,0.04499842
948.95562966,0.05599262
949.20048198,0.04806850
949.44534257,0.04620156
949.69021144,0.04817221
949.93508857,0.04802701
950.17997398,0.04738395
950.42486766,0.04618081
950.66976959,0.05026734
950.91467979,0.04765362
951.15959825,0.04690684
951.40452496,0.04659569
951.64945993,0.04680313
951.89440314,0.04732172
952.13935461,0.04323520
952.38431431,0.04070446
952.62928226,0.03794554
952.87425845,0.03875454
953.11924287,0.04286181
953.36423553,0.03821521
953.60923642,0.03499992
953.85424553,0.03881678
954.09926287,0.03576744
954.34428843,0.03186761
954.58932222,0.03209579
954.83436421,0.03524885
955.07941443,0.02792630
955.32447285,0.02435837
955.56953948,0.02722101
955.81461432,0.02703432
956.05969736,0.02298928
956.30478860,0.01799003
956.54988803,0.02097714
956.79499567,0.01969102
957.04011149,0.02153722
957.28523550,0.01589491
957.53036770,0.01572896
957.77550808,0.01823896
958.02065664,0.01630979
958.26581338,0.01465029
958.51097830,0.01624756
958.75615139,0.01473326
959.00133264,0.01927615
959.24652207,0.01226475
959.49171965,0.02130904
959.73692540,0.01691136
959.98213931,0.01861235
960.22736137,0.01830119
960.47259159,0.02288556
960.71782995,0.05721650
960.96307647,0.02535407
961.20833112,0.03035332
961.45359392,0.03510364
961.69886486,0.03367232
961.94414394,0.03549777
962.18943115,0.03711579
962.43472648,0.03657645
962.68002995,0.04261288
962.92534154,0.04020661
963.17066126,0.03529033
963.41598909,0.04020661
963.66132504,0.04072520
963.90666911,0.04199057
964.15202128,0.03999917
964.39738157,0.04999767
964.64274996,0.04508139
964.88812645,0.05364857
965.13351104,0.04873230
965.37890374,0.05159494
965.62430452,0.05142899
965.86971340,0.05387675
966.11513036,0.05848187
966.36055542,0.05958129
966.60598855,0.05900046
966.85142977,0.05817071
967.09687907,0.05493468
967.34233644,0.05667716
967.58780188,0.05530807
967.83327539,0.05337890
968.07875697,0.05644898
968.32424661,0.06422789
968.56974432,0.05918716
968.81525008,0.05734096
969.06076390,0.05609633
969.30628577,0.05646972
969.55181570,0.06119930
969.79735367,0.06308698
970.04289968,0.05530807
970.28845374,0.05900046
970.53401583,0.05593038
970.77958597,0.06022434
971.02516413,0.05526658
971.27075033,0.05524584
971.51634455,0.05437460
971.76194680,0.05935311
972.00755708,0.05715427
972.25317537,0.05968501
972.49880168,0.05829517
972.74443600,0.05458204
972.99007834,0.05167791
973.23572868,0.05566071
973.48138703,0.05597187
973.72705338,0.05381452
973.97272774,0.05561923
974.21841009,0.05756914
974.46410043,0.05810848
974.70979877,0.05526658
974.95550510,0.05271510
975.20121941,0.05837815
975.44694171,0.05900046
975.69267199,0.05584741
975.93841024,0.06124079
976.18415647,0.06431087
976.42991068,0.06509913
976.67567285,0.06296252
976.92144299,0.05956054
977.16722110,0.05611708
977.41300717,0.06242318
977.65880119,0.05833666
977.90460317,0.05088965
978.15041311,0.05705055
978.39623099,0.05431237
978.64205683,0.05642823
978.88789061,0.05283956
979.13373233,0.05227948
979.37958199,0.04684461
979.62543958,0.04248842
979.87130511,0.04566222
980.11717857,0.04653346
980.36305996,0.04219801
980.60894928,0.03869231
980.85484651,0.04037256
981.10075167,0.04089115
981.34666475,0.03570521
981.59258573,0.03562224
981.83851463,0.03286331
982.08445144,0.03491695
982.33039616,0.03425315
982.57634878,0.03012514
982.82230930,0.02865233
983.06827771,0.03325745
983.31425403,0.03116233
983.56023823,0.03197133
983.80623032,0.03657645
984.05223031,0.02989696
984.29823817,0.03213728
984.54425391,0.03141125
984.79027754,0.02971026
985.03630904,0.03199208
985.28234841,0.03251067
985.52839565,0.03856785
985.77445076,0.03404571
986.02051374,0.03952206
986.26658457,0.03309150
986.51266327,0.03873380
986.75874982,0.03699132
987.00484422,0.03958429
987.25094647,0.04114008
987.49705658,0.03879603
987.74317452,0.03694984
987.98930031,0.03628604
988.23543394,0.04020661
988.48157541,0.03811149
988.72772471,0.03987471
988.97388184,0.04752916
989.22004680,0.03638975
989.46621959,0.04530957
989.71240020,0.04194908
989.95858862,0.04431387
990.20478487,0.03929388
990.45098893,0.04864932
990.69720080,0.04147198
990.94342048,0.04327669
991.18964797,0.04136826
991.43588326,0.04485321
991.68212635,0.03750992
991.92837724,0.03970876
992.17463593,0.03786256
992.42090240,0.03331968
992.66717667,0.03298778
992.91345872,0.03365158
993.15974856,0.03018737
993.40604618,0.03159794
993.65235158,0.03172241
993.89866475,0.03255216
994.14498570,0.03159794
994.39131441,0.03118307
994.63765090,0.03128679
994.88399515,0.02821671
995.13034716,0.03093414
995.37670693,0.03110009
995.62307445,0.02819597
995.86944973,0.02311374
996.11583276,0.02599713
996.36222354,0.02811299
996.60862206,0.02452432
996.85502833,0.02576895
997.10144233,0.02276110
997.34786408,0.02008515
997.59429355,0.02072821
997.84073076,0.02168242
998.08717570,0.01390351
998.33362836,0.01888201
998.58008875,0.01444285
998.82655685,0.01991920
999.07303267,0.02444134
999.31951621,0.01906871
999.56600746,0.01494070
999.81250642,0.01728474
1000.05901309,0.01340566
1000.30552746,0.01309450
1000.55204953,0.01216103
1000.79857929,0.01548004
1001.04511676,0.01475400
1001.29166191,0.01886127
1001.53821476,0.00975476
1001.78477529,0.01618532
1002.03134351,0.01583268
1002.27791941,0.01676615
1002.52450299,0.01747144
1002.77109424,0.01672466
1003.01769317,0.01382054
1003.26429976,0.01657946
1003.51091403,0.01465029
1003.75753596,0.01612309
1004.00416555,0.01510665
1004.25080280,0.02365308
1004.49744771,0.01782408
1004.74410027,0.01678689
1004.99076048,0.01326045
1005.23742834,0.01772036
1005.48410384,0.01780334
1005.73078699,0.01413169
1005.97747778,0.01902722
1006.22417620,0.01599863
1006.47088226,0.01614384
1006.71759595,0.01763739
1006.96431727,0.01894425
1007.21104622,0.01767888
1007.45778279,0.01915168
1007.70452698,0.01450508
1007.95127879,0.01680764
1008.19803821,0.01759590
1008.44480524,0.01989846
1008.69157988,0.02213879
1008.93836213,0.02170317
1009.18515199,0.01506516
1009.43194944,0.01842565
1009.67875450,0.02091490
1009.92556715,0.01726400
1010.17238739,0.02253292
1010.41921522,0.02226325
1010.66605064,0.01948358
1010.91289364,0.01933838
1011.15974422,0.01651723
1011.40660239,0.01691136
1011.65346813,0.01732623
1011.90034144,0.02495994
1012.14722232,0.01915168
1012.39411078,0.01494070
1012.64100679,0.01923466
1012.88791037,0.01908945
1013.13482151,0.01701508
1013.38174020,0.01931763
1013.62866645,0.02539556
1013.87560025,0.02722101
1014.12254160,0.02130904
1014.36949049,0.02668167
1014.61644693,0.02898423
1014.86341091,0.02344564
1015.11038242,0.02222176
1015.35736147,0.02525035
1015.60434805,0.02502217
1015.85134216,0.02271961
1016.09834379,0.02010590
1016.34535295,0.02114309
1016.59236963,0.02211804
1016.83939383,0.01857086
1017.08642554,0.01967028
1017.33346476,0.02054152
1017.58051150,0.01964953
1017.82756574,0.01465029
1018.07462748,0.01384128
1018.32169673,0.01572896
1018.56877347,0.01483698
1018.81585771,0.01871606
1019.06294945,0.01572896
1019.31004867,0.01089566
1019.55715538,0.00763889
1019.80426957,0.01593640
1020.05139125,0.01904796
1020.29852041,0.01597789
1020.54565704,0.01207806
1020.79280114,0.01566673
1021.03995272,0.00805377
1021.28711177,0.01626830
1021.53427828,0.01182913
1021.78145225,0.01404872
1022.02863368,0.00828195
1022.27582257,0.00741071
1022.52301891,0.01384128
1022.77022270,0.01309450
1023.01743395,0.01131054
1023.26465263,0.01093715
1023.51187876,0.00479700
1023.75911234,0.01000368
1024.00635335,0.00653947
1024.25360179,0.00581344
1024.50085766,0.00541931
1024.74812097,0.00819897
1024.99539170,0.00622832
1025.24266985,0.00830269
1025.48995543,0.00344865
1025.73724842,0.00544005
1025.98454883,0.00797079
1026.23185665,0.00299229
1026.47917188,0.00506667
1026.72649452,0.00726550
1026.97382456,0.00855162
1027.22116200,0.00102163
1027.46850685,0.00319973
1027.71585908,0.00521187
1027.96321872,0.00311675
1028.21058574,0.00293006
1028.45796014,-0.01322934
1028.70534194,-0.01206769
1028.95273111,-0.01161132
1029.20012767,-0.01188099
1029.44753160,-0.01179802
1029.69494290,-0.01111347
