198.80933475,0.00801754
199.01143578,0.00828727
199.21355429,0.00349438
199.41569028,0.00129505
199.61784374,0.00139879
199.82001468,0.00227022
200.02220309,0.00550698
200.22440896,0.00127430
200.42663230,0.00179301
200.62887310,0.00200049
200.83113136,0.00529949
201.03340708,-0.00109102
201.23570025,0.00388860
201.43801087,0.00673114
201.64033894,0.00550698
201.84268445,0.00430357
202.04504741,0.00413758
202.24742780,0.00146104
202.44982564,0.00222873
202.65224090,-0.00227368
202.85467360,0.00492602
203.05712372,0.00197975
203.25959128,-0.00096653
203.46207625,0.00328690
203.66457864,0.00247771
203.86709846,0.00388860
204.06963568,0.00532024
204.27219032,0.00299642
204.47476237,0.00280968
204.67735182,0.00212499
204.87995868,0.01098456
205.08258293,0.00529949
205.28522459,0.00336989
205.48788364,0.00204199
205.69056008,0.00316241
205.89325391,0.00855700
206.09596513,0.00251921
206.29869374,0.00749883
206.50143972,0.00521650
206.70420308,0.00287193
206.90698382,0.00264370
207.10978194,0.00214573
207.31259742,0.00612943
207.51543027,0.00233247
207.71828048,0.00278893
207.92114806,0.00160627
208.12403299,0.00830802
208.32693528,0.00303792
208.52985493,0.00438656
208.73279193,-0.00111177
208.93574627,0.00737434
209.13871796,0.00644066
209.34170699,0.00399234
209.54471336,0.00077634
209.74773707,0.00496752
209.95077811,-0.00086279
210.15383649,0.00222873
210.35691219,0.00521650
210.56000522,0.00424132
210.76311557,0.00141954
210.96624324,0.00513351
211.16938823,-0.00063456
211.37255053,0.00241546
211.57573015,-0.00011585
211.77892707,0.00446956
211.98214130,0.00247771
212.18537284,0.00152328
212.38862167,0.00117056
212.59188781,0.00154403
212.79517124,0.00197975
212.99847196,-0.00001210
213.20178997,0.00372261
213.40512527,0.00627467
213.60847785,0.00316241
213.81184772,0.00148178
214.01523486,0.00075559
214.21863928,0.00405459
214.42206097,0.00494677
214.62549993,0.00407534
214.82895616,0.00280968
215.03242966,0.00328690
215.23592042,0.00031987
215.43942843,0.00195900
215.64295370,0.00283043
215.84649623,0.00399234
216.05005601,0.00903421
216.25363303,0.00419983
216.45722731,0.00131580
216.66083882,0.00090083
216.86446757,0.00299642
217.06811356,0.00023688
217.27177679,0.00718760
217.47545724,0.00436582
217.67915493,0.00092158
217.88286984,0.00303792
218.08660198,0.00459405
218.29035133,0.00973966
218.49411790,0.00654440
218.69790169,0.00353588
218.90170269,0.00260220
219.10552090,0.00542399
219.30935632,0.00411683
219.51320894,0.00158553
219.71707876,0.00036137
219.92096578,0.00644066
220.12486999,0.00135729
220.32879140,0.00523725
220.53272999,0.00021613
220.73668578,0.00316241
220.94065875,0.00469779
221.14464890,0.00156478
221.34865623,0.00361887
221.55268073,0.00233247
221.75672241,-0.00248117
221.96078126,0.00005014
222.16485728,-0.00208695
222.36895046,0.00195900
222.57306080,0.00403384
222.77718831,0.00345288
222.98133297,-0.00169273
223.18549478,0.00556922
223.38967375,0.00027837
223.59386986,-0.00021959
223.79808312,0.00224948
224.00231352,0.00195900
224.20656106,0.00612943
224.41082574,0.00554848
224.61510756,0.00884748
224.81940650,0.00177226
225.02372258,-0.00082129
225.22805578,0.00214573
225.43240610,-0.00194171
225.63677355,0.00451105
225.84115811,-0.00053081
226.04555979,0.00088008
226.24997858,0.00164777
226.45441448,0.00280968
226.65886748,0.00583895
226.86333759,0.00179301
227.06782480,0.00280968
227.27232911,0.00222873
227.47685052,0.00123280
227.68138902,0.00502977
227.88594461,-0.00017809
228.09051728,0.00231172
228.29510704,0.00328690
228.49971389,0.00623317
228.70433781,0.00490527
228.90897881,0.00521650
229.11363688,0.00063110
229.31831202,0.00484303
229.52300423,0.00366037
229.72771350,0.00303792
229.93243984,0.00129505
230.13718324,0.00237397
230.34194369,0.00187600
230.54672120,0.00778931
230.75151576,0.00158553
230.95632737,0.00681413
231.16115602,0.00224948
231.36600172,-0.00140225
231.57086446,0.00181376
231.77574423,0.00305866
231.98064104,-0.00055156
232.18555488,0.00249846
232.39048575,0.00428282
232.59543365,0.00208349
232.80039857,-0.00084204
233.00538051,0.00330765
233.21037947,0.00449031
233.41539544,0.01639991
233.62042843,0.00243621
233.82547842,0.00339064
234.03054543,0.00747808
234.23562943,0.00040287
234.44073044,0.00324540
234.64584845,0.00419983
234.85098345,0.00081783
235.05613545,0.00237397
235.26130444,0.00349438
235.46649041,0.00168927
235.67169337,0.00550698
235.87691331,0.00878523
236.08215023,-0.00090429
236.28740413,0.00459405
236.49267500,0.00218723
236.69796284,0.00054810
236.90326765,0.00673114
237.10858942,0.00256070
237.31392816,0.00519575
237.51928386,0.00615018
237.72465651,0.00181376
237.93004612,0.00083858
238.13545268,0.00173076
238.34087619,0.00550698
238.54631664,0.00301717
238.75177404,-0.00134000
238.95724838,0.00073484
239.16273965,0.00320390
239.36824786,0.00594270
239.57377300,0.00322465
239.77931508,0.00673114
239.98487407,0.00305866
240.19045000,0.00480153
240.39604284,0.00322465
240.60165260,-0.00190021
240.80727928,0.00119131
241.01292287,0.00324540
241.21858337,0.00473929
241.42426077,0.00258145
241.62995508,0.00343214
241.83566630,-0.00142300
242.04139441,0.00322465
242.24713941,0.00164777
242.45290131,0.00094232
242.65868010,0.00287193
242.86447578,0.00160627
243.07028835,0.00536174
243.27611779,0.00631617
243.48196412,0.00511276
243.68782732,0.00185526
243.89370739,0.00036137
244.09960434,-0.00129851
244.30551816,0.00534099
244.51144884,0.00403384
244.71739638,0.00291343
244.92336078,0.00249846
245.12934204,0.00110831
245.33534016,0.00272669
245.54135512,0.00135729
245.74738694,0.00183451
245.95343560,0.00139879
246.15950110,0.00735359
246.36558345,0.00208349
246.57168263,0.00426207
246.77779865,0.00139879
246.98393150,0.00446956
247.19008118,0.00029912
247.39624769,0.00612943
247.60243102,0.00237397
247.80863117,0.00685563
248.01484814,0.00382636
248.22108192,0.00197975
248.42733252,-0.00179647
248.63359993,0.00023688
248.83988415,-0.00030258
249.04618517,0.00590120
249.25250299,0.00150253
249.45883761,-0.00044782
249.66518903,0.00380561
249.87155724,0.00079709
250.07794224,0.00324540
250.28434403,0.00359812
250.49076260,0.00722910
250.69719796,-0.00169273
250.90365009,0.00027837
251.11011901,0.00081783
251.31660469,0.00523725
251.52310715,0.00181376
251.72962638,0.00390935
251.93616237,0.00119131
252.14271513,0.00187600
252.34928464,0.00224948
252.55587091,0.00139879
252.76247394,0.00166852
252.96909372,0.00177226
253.17573025,0.00123280
253.38238352,0.00096307
253.58905354,0.00363962
253.79574030,0.00100457
254.00244380,0.00388860
254.20916403,0.00847400
254.41590099,0.00664814
254.62265469,0.00141954
254.82942511,0.00227022
255.03621225,0.00197975
255.24301612,0.00397160
255.44983670,0.00009164
255.65667400,0.00382636
255.86352802,0.00390935
256.07039874,0.00005014
256.27728617,0.00212499
256.48419031,0.00380561
256.69111115,0.00446956
256.89804868,0.00117056
257.10500292,0.00021613
257.31197384,0.00305866
257.51896146,0.00727060
257.72596577,-0.00156824
257.93298676,0.00347363
258.14002443,0.00395085
258.34707878,0.00156478
258.55414981,0.00131580
258.76123752,-0.00090429
258.96834190,0.00729134
259.17546294,0.00148178
259.38260065,-0.00096653
259.58975502,-0.00053081
259.79692606,0.00197975
260.00411375,0.00438656
260.21131810,-0.00389206
260.41853909,0.00260220
260.62577674,0.00264370
260.83303103,0.00378486
261.04030197,-0.00065530
261.24758955,0.00073484
261.45489377,0.00038212
261.66221462,0.00266444
261.86955210,0.00532024
262.07690622,0.00191750
262.28427696,-0.00024034
262.49166433,-0.00266790
262.69906831,0.00588045
262.90648892,-0.00233593
263.11392614,0.00077634
263.32137998,0.00550698
263.52885042,0.00264370
263.73633747,0.00625392
263.94384113,0.00023688
264.15136139,0.00405459
264.35889825,0.00760257
264.56645171,0.00639916
264.77402176,0.00310016
264.98160840,0.00247771
265.18921163,-0.00075905
265.39683144,0.00007089
265.60446784,0.00724985
265.81212081,-0.00013659
266.01979037,0.00359812
266.22747650,0.00152328
266.43517920,0.00422058
266.64289847,0.00040287
266.85063430,0.00206274
267.05838670,0.00038212
267.26615566,0.00401309
267.47394117,-0.00229443
267.68174324,-0.00136075
267.88956187,0.00519575
268.09739704,0.00488453
268.30524876,0.00494677
268.51311702,0.00615018
268.72100183,-0.00192096
268.92890317,-0.00165123
269.13682105,-0.00142300
269.34475546,-0.00312437
269.55270640,0.00220798
269.76067387,0.00166852
269.96865786,-0.00119476
270.17665838,-0.00003285
270.38467541,0.00083858
270.59270896,0.00397160
270.80075902,0.00112906
271.00882560,0.00168927
271.21690868,-0.00107027
271.42500826,0.00349438
271.63312435,0.00330765
271.84125694,0.00189675
272.04940602,0.00733284
272.25757160,0.00216648
272.46575367,0.00519575
272.67395223,0.00239471
272.88216727,-0.00065530
273.09039880,0.00810053
273.29864681,0.00108756
273.50691129,0.00297567
273.71519225,0.00181376
273.92348968,0.00129505
274.13180358,0.00129505
274.34013395,0.00125355
274.54848077,0.00299642
274.75684406,0.00330765
274.96522381,0.00359812
275.17362001,-0.00196246
275.38203267,0.00440731
275.59046177,0.00322465
275.79890732,0.00090083
276.00736932,0.00355663
276.21584776,-0.00104952
276.42434263,-0.00042707
276.63285394,-0.00414104
276.84138169,-0.00009510
277.04992586,0.00214573
277.25848646,0.00374336
277.46706349,0.00027837
277.67565694,-0.00256416
277.88426680,0.00071409
278.09289309,0.00110831
278.30153578,-0.00231518
278.51019489,0.00434507
278.71887041,0.00085933
278.92756233,0.00403384
279.13627065,0.00482228
279.34499537,0.00237397
279.55373649,0.00469779
279.76249401,0.00986415
279.97126791,0.00339064
280.18005820,0.00121205
280.38886488,0.00305866
280.59768795,-0.00032333
280.80652739,0.00247771
281.01538321,0.00023688
281.22425540,0.00349438
281.43314397,0.00168927
281.64204891,0.00098382
281.85097021,0.00158553
282.05990788,0.00258145
282.26886190,0.00189675
282.47783229,-0.00275090
282.68681903,0.00480153
282.89582212,0.00067259
283.10484156,0.00171002
283.31387735,0.00123280
283.52292949,0.00237397
283.73199796,0.00114981
283.94108277,0.00206274
284.15018392,-0.00125701
284.35930141,0.00108756
284.56843522,0.00283043
284.77758536,0.00484303
284.98675183,0.00200049
285.19593461,0.00714611
285.40513372,0.00575596
285.61434914,0.00235322
285.82358088,-0.00331110
286.03282893,0.00125355
286.24209328,0.00434507
286.45137395,0.00056885
286.66067091,0.00274744
286.86998417,0.00131580
287.07931373,0.00334914
287.28865959,0.00283043
287.49802174,0.00083858
287.70740017,0.00079709
287.91679489,0.00023688
288.12620590,0.00146104
288.33563318,0.00036137
288.54507675,0.00444881
288.75453658,-0.00046857
288.96401269,0.00005014
289.17350507,0.00241546
289.38301372,0.00565222
289.59253863,0.00067259
289.80207980,0.00592195
290.01163723,0.00239471
290.22121091,0.00227022
290.43080085,0.00399234
290.64040703,0.00052736
290.85002947,0.00461480
291.05966815,0.00390935
291.26932307,0.00465629
291.47899422,0.00096307
291.68868162,0.00256070
291.89838525,0.00102532
292.10810511,0.00893047
292.31784119,0.00197975
292.52759350,-0.00117402
292.73736204,0.00336989
292.94714679,0.00253995
293.15694776,-0.00005360
293.36676494,-0.00017809
293.57659834,0.00139879
293.78644794,-0.00001210
293.99631375,-0.00024034
294.20619576,0.00202124
294.41609397,0.00666889
294.62600838,0.00187600
294.83593898,0.00222873
295.04588578,0.00021613
295.25584876,0.00031987
295.46582793,0.00054810
295.67582328,0.00193825
295.88583481,-0.00082129
296.09586253,0.00050661
296.30590641,0.00251921
296.51596647,0.00114981
296.72604270,0.00077634
296.93613509,0.00496752
297.14624365,-0.00499173
297.35636837,0.00011239
297.56650925,0.00195900
297.77666629,0.00123280
297.98683947,-0.00167198
298.19702881,0.00297567
298.40723429,0.00083858
298.61745592,0.00245696
298.82769369,0.00318316
299.03794760,0.00828727
299.24821765,-0.00291688
299.45850383,0.00328690
299.66880614,0.00247771
299.87912458,-0.00098728
300.08945914,-0.00200395
300.29980983,0.00399234
300.51017663,0.00316241
300.72055955,0.00772706
300.93095859,0.00291343
301.14137374,0.00048586
301.35180499,-0.00214919
301.56225235,0.00017463
301.77271582,-0.00268865
301.98319538,0.01042436
302.19369105,-0.00196246
302.40420280,-0.00063456
302.61473065,0.00529949
302.82527459,0.00293417
303.03583461,-0.00142300
303.24641072,0.00164777
303.45700291,0.00212499
303.66761117,0.00166852
303.87823552,0.00594270
304.08887593,-0.00036483
304.29953241,0.00011239
304.51020496,-0.00233593
304.72089358,0.00631617
304.93159825,0.00312091
305.14231899,-0.00086279
305.35305578,0.00484303
305.56380862,0.00241546
305.77457752,0.00098382
305.98536246,0.00040287
306.19616344,0.00357738
306.40698047,0.00343214
306.61781354,0.00034062
306.82866264,0.00378486
307.03952778,0.00320390
307.25040895,0.00108756
307.46130614,0.00341139
307.67221937,0.00117056
307.88314861,-0.00061381
308.09409387,0.00465629
308.30505515,0.00316241
308.51603245,0.00463555
308.72702576,0.00104607
308.93803507,0.00009164
309.14906039,0.00237397
309.36010172,0.00069334
309.57115904,0.00343214
309.78223236,0.00214573
309.99332168,0.00320390
310.20442699,0.00303792
310.41554829,0.00193825
310.62668557,-0.00202470
310.83783884,0.00401309
311.04900809,-0.00318661
311.26019332,-0.00009510
311.47139452,0.00146104
311.68261169,0.00328690
311.89384484,0.00368112
312.10509395,0.00366037
312.31635903,0.00270594
312.52764007,0.00276819
312.73893706,-0.00003285
312.95025002,0.00158553
313.16157892,-0.00073830
313.37292378,0.00428282
313.58428458,0.00280968
313.79566133,0.00000865
314.00705402,0.00409609
314.21846266,0.00312091
314.42988722,-0.00065530
314.64132772,0.00256070
314.85278416,-0.00032333
315.06425652,0.00913795
315.27574480,0.00073484
315.48724901,0.00285118
315.69876914,-0.00011585
315.91030518,0.00052736
316.12185715,-0.00107027
316.33342502,0.00235322
316.54500880,0.00299642
316.75660848,0.00417908
316.96822407,0.00197975
317.17985556,-0.00075905
317.39150295,0.00005014
317.60316624,0.00168927
317.81484541,0.00079709
318.02654048,0.00243621
318.23825143,0.00386785
318.44997826,0.00013314
318.66172098,0.00021613
318.87347957,0.00581821
319.08525404,0.00278893
319.29704439,0.00299642
319.50885060,0.00058960
319.72067268,0.00200049
319.93251063,0.00206274
320.14436443,0.00000865
320.35623410,0.00832877
320.56811962,0.00428282
320.78002100,0.00009164
320.99193822,-0.00003285
321.20387130,-0.00059306
321.41582021,0.00220798
321.62778498,0.00735359
321.83976558,0.00293417
322.05176201,0.00457330
322.26377428,0.00083858
322.47580239,0.00478078
322.68784632,0.00395085
322.89990607,0.00177226
323.11198165,0.00158553
323.32407305,0.00380561
323.53618027,0.00463555
323.74830330,0.00243621
323.96044215,0.00359812
324.17259680,0.00521650
324.38476726,0.00411683
324.59695352,-0.00017809
324.80915558,0.00224948
325.02137344,-0.00044782
325.23360710,0.00239471
325.44585655,0.00523725
325.65812178,0.00426207
325.87040281,0.00023688
326.08269962,0.00422058
326.29501221,-0.00026108
326.50734058,0.00571446
326.71968472,0.00046511
326.93204464,0.00608794
327.14442032,0.00558997
327.35681178,0.00484303
327.56921900,0.00090083
327.78164198,0.00021613
327.99408072,-0.00038557
328.20653522,0.00287193
328.41900547,-0.00009510
328.63149147,0.00197975
328.84399322,0.00229097
329.05651071,0.00351513
329.26904395,0.00200049
329.48159293,0.00324540
329.69415764,0.00048586
329.90673809,0.00395085
330.11933427,0.00117056
330.33194617,0.00411683
330.54457381,0.00197975
330.75721716,-0.00225293
330.96987624,0.00094232
331.18255104,0.00214573
331.39524154,0.00712536
331.60794777,0.00231172
331.82066970,0.00017463
332.03340733,0.00316241
332.24616067,0.00594270
332.45892971,0.00193825
332.67171445,0.00378486
332.88451489,0.00268519
333.09733102,0.00376411
333.31016283,-0.00090429
333.52301034,0.00052736
333.73587352,-0.00080054
333.94875239,-0.00339410
334.16164694,0.00002939
334.37455717,-0.00322811
334.58748306,0.00565222
334.80042463,0.00453180
335.01338187,-0.00138150
335.22635477,0.00206274
335.43934333,-0.00034408
335.65234755,0.00635766
335.86536743,0.00442806
336.07840296,0.00065185
336.29145415,-0.00150599
336.50452098,0.00171002
336.71760345,0.00150253
336.93070157,0.00299642
337.14381533,0.00023688
337.35694473,-0.00048932
337.57008976,0.00525800
337.78325042,0.00090083
337.99642671,0.00110831
338.20961863,0.00237397
338.42282617,0.00382636
338.63604933,-0.00287539
338.84928810,0.00048586
339.06254250,0.00330765
339.27581250,0.00310016
339.48909812,0.00318316
339.70239934,0.00403384
339.91571616,0.00218723
340.12904859,0.00314166
340.34239661,-0.00051007
340.55576023,0.00368112
340.76913945,0.00463555
340.98253425,0.00081783
341.19594464,0.00152328
341.40937061,-0.00007435
341.62281217,0.00212499
341.83626930,0.00992639
342.04974201,0.00098382
342.26323030,-0.00036483
342.47673415,0.00507126
342.69025357,0.00760257
342.90378856,0.00005014
343.11733911,0.00496752
343.33090522,0.00330765
343.54448688,0.00260220
343.75808410,0.00009164
343.97169687,0.00276819
344.18532519,0.00079709
344.39896906,0.00177226
344.61262847,-0.00107027
344.82630341,0.00359812
345.03999390,0.00293417
345.25369992,0.00393010
345.46742147,0.00942843
345.68115855,0.00422058
345.89491115,0.00191750
346.10867928,0.00050661
346.32246293,0.00191750
346.53626210,-0.00158898
346.75007679,-0.00073830
346.96390698,0.00399234
347.17775269,0.00233247
347.39161390,-0.00104952
347.60549061,0.00090083
347.81938283,0.00202124
348.03329055,0.00208349
348.24721376,0.00202124
348.46115246,0.00467704
348.67510665,-0.00107027
348.88907634,0.00195900
349.10306150,-0.00080054
349.31706215,0.00098382
349.53107828,0.00208349
349.74510988,0.00291343
349.95915696,0.00326615
350.17321950,0.00287193
350.38729752,0.00579746
350.60139100,-0.00044782
350.81549994,0.00197975
351.02962435,-0.00092503
351.24376421,0.00380561
351.45791952,0.00160627
351.67209028,0.00133654
351.88627650,0.00015388
352.10047816,0.00258145
352.31469526,0.00322465
352.52892780,0.00231172
352.74317578,0.00328690
352.95743919,0.00125355
353.17171804,0.00247771
353.38601232,0.00305866
353.60032202,0.00048586
353.81464714,0.00660665
354.02898769,-0.00084204
354.24334365,-0.00096653
354.45771503,-0.00407880
354.67210182,0.00341139
354.88650403,0.00507126
355.10092164,0.00482228
355.31535465,-0.00038557
355.52980306,0.01278968
355.74426687,0.00181376
355.95874608,0.00289268
356.17324069,0.00268519
356.38775068,-0.00051007
356.60227606,0.00100457
356.81681682,-0.00142300
357.03137297,-0.00063456
357.24594449,0.00349438
357.46053139,0.00469779
357.67513367,0.00424132
357.88975132,0.00262295
358.10438433,-0.00086279
358.31903271,0.00135729
358.53369645,0.00191750
358.74837556,-0.00432778
358.96307002,0.00361887
359.17777983,-0.00256416
359.39250499,0.00336989
359.60724551,0.00305866
359.82200137,0.00195900
360.03677257,-0.00042707
360.25155911,-0.00190021
360.46636100,0.00077634
360.68117821,-0.00476349
360.89601076,-0.00125701
361.11085864,0.00245696
361.32572184,-0.00310362
361.54060037,0.00561072
361.75549422,0.00370187
361.97040338,0.00500902
362.18532786,0.00405459
362.40026766,0.00117056
362.61522276,0.00214573
362.83019318,0.00615018
363.04517889,0.00085933
363.26017991,0.00137804
363.47519623,0.00135729
363.69022784,0.00322465
363.90527474,0.00065185
364.12033694,0.00554848
364.33541442,-0.00185871
364.55050719,-0.00026108
364.76561524,-0.00104952
364.98073857,0.00131580
365.19587718,0.00058960
365.41103106,0.00305866
365.62620021,0.00175151
365.84138463,0.00231172
366.05658432,0.00177226
366.27179927,0.00397160
366.48702948,-0.00048932
366.70227494,-0.00011585
366.91753566,0.00268519
367.13281163,0.00094232
367.34810285,-0.00246042
367.56340932,0.00197975
367.77873103,0.00237397
367.99406798,0.00243621
368.20942017,-0.00094578
368.42478759,0.00148178
368.64017025,-0.00036483
368.85556813,0.00602569
369.07098125,-0.00073830
369.28640958,0.00187600
369.50185314,0.00067259
369.71731191,0.00280968
369.93278590,-0.00318661
370.14827511,0.00224948
370.36377952,-0.00123626
370.57929914,0.00106682
370.79483397,0.00513351
371.01038400,0.00274744
371.22594922,-0.00003285
371.44152965,0.00023688
371.65712526,0.00318316
371.87273607,-0.00206620
372.08836206,0.00498827
372.30400324,0.00480153
372.51965960,-0.00028183
372.73533114,0.00507126
372.95101786,-0.00204545
373.16671976,0.00592195
373.38243682,0.00339064
373.59816905,0.00347363
373.81391645,-0.00264715
374.02967901,0.00316241
374.24545673,0.00179301
374.46124961,-0.00123626
374.67705764,0.00009164
374.89288082,-0.00063456
375.10871916,0.00009164
375.32457264,0.00135729
375.54044126,-0.00061381
375.75632503,0.00600494
375.97222393,0.00156478
376.18813797,-0.00167198
376.40406713,0.00123280
376.62001143,0.00027837
376.83597086,-0.00254341
377.05194541,0.00042361
377.26793508,0.00241546
377.48393987,0.00496752
377.69995978,0.00467704
377.91599480,0.00123280
378.13204493,0.00144029
378.34811016,0.00527875
378.56419050,0.00463555
378.78028595,0.00376411
378.99639649,0.00081783
379.21252213,0.00042361
379.42866286,0.00289268
379.64481868,-0.00007435
379.86098960,0.00536174
380.07717559,0.00177226
380.29337667,0.00280968
380.50959283,-0.00061381
380.72582407,0.00287193
380.94207038,0.00214573
381.15833176,0.00148178
381.37460821,0.00162702
381.59089972,-0.00048932
381.80720630,0.00316241
382.02352794,0.00048586
382.23986464,0.00181376
382.45621639,0.00156478
382.67258319,0.00359812
382.88896505,0.00239471
383.10536195,0.00519575
383.32177389,0.00081783
383.53820087,0.00135729
383.75464289,0.00160627
383.97109995,0.00110831
384.18757204,0.00029912
384.40405916,0.00031987
384.62056131,-0.00312437
384.83707848,0.00222873
385.05361067,0.00330765
385.27015788,0.00283043
385.48672011,0.00727060
385.70329735,0.00488453
385.91988960,0.00380561
386.13649686,0.00005014
386.35311912,0.00471854
386.56975639,0.00195900
386.78640865,0.00123280
387.00307592,0.00007089
387.21975817,-0.00059306
387.43645542,0.00231172
387.65316765,0.00152328
387.86989487,0.00289268
388.08663707,0.00063110
388.30339426,0.00009164
388.52016641,0.00195900
388.73695355,0.00507126
388.95375565,0.00563147
389.17057273,-0.00042707
389.38740477,0.00517500
389.60425177,0.00328690
389.82111374,-0.00053081
390.03799066,0.00770631
390.25488253,0.00011239
390.47178936,0.00121205
390.68871114,0.00249846
390.90564787,0.00156478
391.12259954,0.00085933
391.33956614,0.00224948
391.55654769,0.00054810
391.77354418,0.00382636
391.99055559,0.00212499
392.20758194,0.00152328
392.42462321,0.00258145
392.64167941,0.00295492
392.85875053,0.00413758
393.07583657,0.00106682
393.29293752,0.00525800
393.51005339,0.00488453
393.72718417,0.00334914
393.94432986,0.00386785
394.16149045,0.00237397
394.37866594,0.00171002
394.59585634,0.00480153
394.81306163,0.00272669
395.03028181,0.00600494
395.24751689,0.00946993
395.46476685,0.00168927
395.68203170,0.00434507
395.89931143,0.00600494
396.11660604,0.00310016
396.33391553,0.00544473
396.55123990,0.00206274
396.76857913,0.00330765
396.98593324,0.00399234
397.20330221,-0.00109102
397.42068604,0.00245696
397.63808474,-0.00121551
397.85549829,0.00502977
398.07292670,0.00417908
398.29036996,0.00453180
398.50782807,0.00561072
398.72530103,0.00998864
398.94278883,0.00428282
399.16029147,0.00745733
399.37780895,0.00125355
399.59534127,0.00754033
399.81288841,0.00565222
400.03045039,0.00766482
400.24802720,0.00930394
400.46561883,0.00276819
400.68322529,0.00181376
400.90084656,0.00229097
401.11848265,0.00677263
401.33613355,0.00127430
401.55379926,0.00289268
401.77147978,0.00596344
401.98917511,0.00739509
402.20688524,0.00241546
402.42461017,0.00413758
402.64234989,0.00590120
402.86010441,-0.00175497
403.07787372,0.00687638
403.29565782,0.00523725
403.51345670,0.00426207
403.73127037,0.00652365
403.94909882,0.00046511
404.16694205,0.00621243
404.38480005,0.00513351
404.60267282,0.00353588
404.82056036,0.00152328
405.03846267,0.00778931
405.25637974,0.00949068
405.47431157,0.00743658
405.69225816,0.00305866
405.91021951,0.00664814
406.12819561,0.00112906
406.34618645,0.00251921
406.56419205,0.00502977
406.78221239,0.00336989
407.00024747,0.00727060
407.21829729,0.00017463
407.43636184,0.00884748
407.65444113,0.00693862
407.87253515,0.00698012
408.09064390,0.00542399
408.30876737,0.00565222
408.52690556,0.00866074
408.74505847,0.00451105
408.96322610,0.00828727
409.18140844,0.00428282
409.39960550,0.00417908
409.61781726,0.00924170
409.83604372,0.00571446
410.05428489,0.00820428
410.27254076,0.00509201
410.49081133,0.00905496
410.70909659,0.00550698
410.92739654,0.00390935
411.14571118,0.00959442
411.36404051,0.00648216
411.58238452,0.00957367
411.80074321,0.00585970
412.01911658,0.00930394
412.23750462,0.00969816
412.45590734,0.00938694
412.67432472,0.00673114
412.89275677,0.00768556
413.11120349,0.00687638
413.32966486,0.00407534
413.54814090,0.00631617
413.76663159,0.00863999
413.98513693,0.00525800
414.20365692,0.00299642
414.42219156,0.00861924
414.64074084,0.00173076
414.85930477,0.00588045
415.07788333,0.00368112
415.29647653,0.00449031
415.51508437,0.00366037
415.73370683,0.00359812
415.95234392,0.00571446
416.17099564,0.00830802
416.38966198,0.00731209
416.60834294,0.00714611
416.82703851,0.00641991
417.04574870,0.00038212
417.26447350,0.00523725
417.48321291,0.00610868
417.70196692,0.00289268
417.92073554,0.00679338
418.13951875,0.00866074
418.35831657,0.00372261
418.57712898,0.00305866
418.79595598,0.01071484
419.01479757,0.00976041
419.23365374,0.00681413
419.45252450,0.00461480
419.67140984,0.00859850
419.89030975,0.00922095
420.10922425,0.01222947
420.32815331,0.00486378
420.54709694,0.00973966
420.76605514,0.00783080
420.98502791,0.00534099
421.20401523,0.00175151
421.42301712,0.00581821
421.64203356,0.00820428
421.86106455,0.00608794
422.08011009,0.00405459
422.29917018,0.00830802
422.51824482,0.00658590
422.73733399,0.00550698
422.95643771,0.00818353
423.17555596,0.00600494
423.39468875,0.00428282
423.61383606,0.00639916
423.83299790,0.00600494
424.05217427,0.00658590
424.27136516,0.00942843
424.49057057,0.00714611
424.70979050,0.00671039
424.92902494,0.00716685
425.14827390,0.00666889
425.36753736,0.00739509
425.58681532,0.01050735
425.80610779,0.00540324
426.02541476,0.01148253
426.24473623,0.00507126
426.46407219,0.00922095
426.68342265,0.00253995
426.90278759,0.00832877
427.12216702,0.00789305
427.34156093,0.00484303
427.56096933,0.01003014
427.78039220,0.01231246
427.99982955,0.00664814
428.21928137,0.00604644
428.43874766,0.00446956
428.65822841,0.00878523
428.87772363,0.00888897
429.09723331,0.00654440
429.31675745,0.00368112
429.53629605,0.00326615
429.75584910,0.00650290
429.97541660,0.00922095
430.19499854,0.00399234
430.41459494,0.01073558
430.63420577,0.00704236
430.85383104,0.00820428
431.07347075,0.00967741
431.29312489,0.01025837
431.51279347,0.00729134
431.73247647,0.00556922
431.95217390,0.00517500
432.17188574,0.01011313
432.39161201,0.00390935
432.61135270,0.00490527
432.83110780,0.00976041
433.05087731,0.01254070
433.27066123,0.00463555
433.49045956,0.00743658
433.71027229,0.00747808
433.93009942,0.00953217
434.14994095,0.00872299
434.36979687,0.00615018
434.58966718,0.00729134
434.80955189,0.00812128
435.02945098,0.00880598
435.24936445,0.01608868
435.46929230,0.00691787
435.68923454,0.00944918
435.90919115,0.01075633
436.12916213,0.00888897
436.34914748,0.01148253
436.56914720,0.00787230
436.78916128,0.00745733
437.00918972,0.00890972
437.22923252,0.00770631
437.44928968,0.01029987
437.66936119,0.00837026
437.88944706,0.01189750
438.10954727,0.00893047
438.32966182,0.00980190
438.54979072,0.00855700
438.76993395,0.01594344
438.99009153,0.01382710
439.21026343,0.01262369
439.43044967,0.01403458
439.65065024,0.01685637
439.87086513,0.01025837
440.09109434,0.01117130
440.31133788,0.00810053
440.53159573,0.01629616
440.75186789,0.00876448
440.97215437,0.01119205
441.19245516,0.01357812
441.41277025,0.01204273
441.63309964,0.01245770
441.85344334,0.01563221
442.07380133,0.01208423
442.29417362,0.01243696
442.51456020,0.01187675
442.73496107,0.01218797
442.95537623,0.01303866
443.17580567,0.01573596
443.39624939,0.01625467
443.61670739,0.01382710
443.83717967,0.01420057
444.05766622,0.01490602
444.27816704,0.01849550
444.49868212,0.00861924
444.71921147,0.01044511
444.93975509,0.01208423
445.16031296,0.01482302
445.38088508,0.01420057
445.60147147,0.01500976
445.82207210,0.00986415
446.04268698,0.01617167
446.26331610,0.01835026
446.48395947,0.00872299
446.70461707,0.01233321
446.92528892,0.00961517
447.14597499,0.01486452
447.36667530,0.00855700
447.58738984,0.01847475
447.80811860,0.01469853
448.02886158,0.01067334
448.24961879,0.01361962
448.47039021,0.01334989
448.69117585,0.02146252
448.91197570,0.01494752
449.13278975,0.00627467
449.35361802,0.01112980
449.57446049,0.01249920
449.79531715,0.00756107
450.01618802,0.00737434
450.23707308,0.00849475
450.45797234,0.01644140
450.67888578,0.01200124
450.89981341,0.00872299
451.12075522,0.01382710
451.34171122,0.01644140
451.56268139,0.01926319
451.78366574,0.01532099
452.00466426,0.01766556
452.22567696,0.00992639
452.44670382,0.01447030
452.66774484,0.00868149
452.88880003,0.01822577
453.10986938,0.01320465
453.33095288,0.01461554
453.55205053,0.01308016
453.77316234,0.01106756
453.99428830,0.01351587
454.21542840,0.01121280
454.43658264,0.01428357
454.65775102,0.01403458
454.87893354,0.01525874
455.10013019,0.01530024
455.32134098,0.01932543
455.54256589,0.01826726
455.76380493,0.01326689
455.98505809,0.01310090
456.20632537,0.01658664
456.42760677,0.01424207
456.64890229,0.01388935
456.87021191,0.01795604
457.09153565,0.01326689
457.31287349,0.01714685
457.53422544,0.01969891
457.75559149,0.01978190
457.97697163,0.01341213
458.19836587,0.01712610
458.41977420,0.01693936
458.64119663,0.01891047
458.86263313,0.01538323
459.08408373,0.02092306
459.30554840,0.01930469
459.52702716,0.02565371
459.74851999,0.01577745
459.97002689,0.02467853
460.19154786,0.01934618
460.41308290,0.02438805
460.63463201,0.01915945
460.85619518,0.01642065
461.07777241,0.01918019
461.29936369,0.01905570
461.52096903,0.02264518
461.74258841,0.02214722
461.96422185,0.01942918
462.18586933,0.02052884
462.40753086,0.02187749
462.62920642,0.02274892
462.85089602,0.01747882
463.07259966,0.01803903
463.29431733,0.01652440
463.51604902,0.01868223
463.73779475,0.01938768
463.95955449,0.02054959
464.18132826,0.02432581
464.40311604,0.01832951
464.62491784,0.01969891
464.84673365,0.01992714
465.06856347,0.02301865
465.29040730,0.02081932
465.51226513,0.02119279
465.73413696,0.01791454
465.95602279,0.02320539
466.17792261,0.02324689
466.39983643,0.02631766
466.62176424,0.02625541
466.84370603,0.02741732
467.06566181,0.02528023
467.28763157,0.02401458
467.50961531,0.02453329
467.73161303,0.02378635
467.95362472,0.02140028
468.17565038,0.02673262
468.39769001,0.02187749
468.61974360,0.02059109
468.84181116,0.02260369
469.06389267,0.03042584
469.28598814,0.02405608
469.50809757,0.03160850
469.73022094,0.03061258
469.95235827,0.02635915
470.17450954,0.02393159
470.39667475,0.02156626
470.61885390,0.02393159
470.84104699,0.02756256
471.06325402,0.02752106
471.28547498,0.02378635
471.50770986,0.02700235
471.72995867,0.02295641
471.95222141,0.01799753
472.17449806,0.02200198
472.39678864,0.02048735
472.61909313,0.02193974
472.84141153,0.01820502
473.06374384,0.02901495
473.28609005,0.02420132
473.50845017,0.02129653
473.73082420,0.02303940
473.95321212,0.02247920
474.17561393,0.02528023
474.39802964,0.02216797
474.62045924,0.02318464
474.84290273,0.01934618
475.06536010,0.02445030
475.28783136,0.02768705
475.51031649,0.02451254
475.73281550,0.02044585
475.95532838,0.01895196
476.17785513,0.02036286
476.40039575,0.02258294
476.62295024,0.02108905
476.84551859,0.02355811
477.06810080,0.02432581
477.29069686,0.02432581
477.51330678,0.02231321
477.73593055,0.02521799
477.95856817,0.02316389
478.18121963,0.02552921
478.40388494,0.02656664
478.62656409,0.02874522
478.84925707,0.02353737
479.07196389,0.02353737
479.29468455,0.02328838
479.51741903,0.02928468
479.74016733,0.02202273
479.96292946,0.02245845
480.18570542,0.02619316
480.40849519,0.02220947
480.63129877,0.02391084
480.85411617,0.02440880
481.07694738,0.02115130
481.29979239,0.02438805
481.52265121,0.02084007
481.74552383,0.02306015
481.96841025,0.01857849
482.19131046,0.02413907
482.41422447,0.01920094
482.63715227,0.02152477
482.86009385,0.02023836
483.08304922,0.01934618
483.30601837,0.01876523
483.52900130,0.02181525
483.75199801,0.01998938
483.97500849,0.02113055
484.19803274,0.02119279
484.42107076,0.01897271
484.64412255,0.02420132
484.86718810,0.01982340
485.09026741,0.01401384
485.31336047,0.01845400
485.53646729,0.01866148
485.75958786,0.01635841
485.98272218,0.01571521
486.20587024,0.01341213
486.42903205,0.01845400
486.65220760,0.01604718
486.87539689,0.02474077
487.09859991,0.02050809
487.32181666,0.01969891
487.54504715,0.02295641
487.76829136,0.02042510
487.99154929,0.02565371
488.21482094,0.02393159
488.43810631,0.02281117
488.66140540,0.02698160
488.88471820,0.02575745
489.10804471,0.02897345
489.33138493,0.03079932
489.55473885,0.03009387
489.77810647,0.03202347
490.00148780,0.03324763
490.22488281,0.03237620
490.44829153,0.03420206
490.67171393,0.03432655
490.89515002,0.03696160
491.11859979,0.03484526
491.34206325,0.03621466
491.56554038,0.03227245
491.78903120,0.03557146
492.01253568,0.03104830
492.23605384,0.03472077
492.45958567,0.03940991
492.68313116,0.03555071
492.90669031,0.03235545
493.13026312,0.02916019
493.35384960,0.02870372
493.57744972,0.02756256
493.80106350,0.03036360
494.02469092,0.02828876
494.24833200,0.03177449
494.47198671,0.03111054
494.69565507,0.02399383
494.91933706,0.03499050
495.14303269,0.02864148
495.36674195,0.02536323
495.59046484,0.02862073
495.81420136,0.03096530
496.03795150,0.02774930
496.26171526,0.02534248
496.48549264,0.02859998
496.70928364,0.02733433
496.93308825,0.02990713
497.15690647,0.03262518
497.38073830,0.03189898
497.60458373,0.03528098
497.82844276,0.04221095
498.05231539,0.03698235
498.27620162,0.03721058
498.50010144,0.03743881
498.72401485,0.03677486
498.94794185,0.04167149
499.17188244,0.03884971
499.39583661,0.04094530
499.61980435,0.03526023
499.84378568,0.04304089
500.06778058,0.04071707
500.29178904,0.04003237
500.51581108,0.03588268
500.73984668,0.04208646
500.96389585,0.04026060
501.18795858,0.03980413
501.41203486,0.04484600
501.63612470,0.04086230
501.86022809,0.04528172
502.08434503,0.04663037
502.30847551,0.04492900
502.53261954,0.04071707
502.75677711,0.04013611
502.98094822,0.04557220
503.20513286,0.04216946
503.42933104,0.04009461
503.65354274,0.04231469
503.87776797,0.03743881
504.10200673,0.03111054
504.32625901,0.03992863
504.55052480,0.03600717
504.77480411,0.03025986
504.99909694,0.03088231
505.22340327,0.03673337
505.44772312,0.03102755
505.67205646,0.02965815
505.89640331,0.02818501
506.12076366,0.02880747
506.34513750,0.02739657
506.56952484,0.02942992
506.79392567,0.02967890
507.01833999,0.03040510
507.24276779,0.03092381
507.46720907,0.03127653
507.69166384,0.02843399
507.91613208,0.02932618
508.14061380,0.03034285
508.36510898,0.02982414
508.58961764,0.03335137
508.81413976,0.03289491
509.03867534,0.03472077
509.26322439,0.03440954
509.48778689,0.03561295
509.71236285,0.04034359
509.93695226,0.03552996
510.16155512,0.03878746
510.38617142,0.03586193
510.61080117,0.03621466
510.83544436,0.04001162
511.06010099,0.03681636
511.28477105,0.04310314
511.50945454,0.04055108
511.73415147,0.03702385
511.95886182,0.03594493
512.18358560,0.03723133
512.40832280,0.03177449
512.63307341,0.03569595
512.85783745,0.03430580
513.08261489,0.03395308
513.30740575,0.03341362
513.53221001,0.03299865
513.75702768,0.03328913
513.98185875,0.02930543
514.20670322,0.03138027
514.43156109,0.03221021
514.65643235,0.03125578
514.88131700,0.02949216
515.10621504,0.03658813
515.33112647,0.03183674
515.55605128,0.03413981
515.78098946,0.03586193
516.00594103,0.03131803
516.23090597,0.03001088
516.45588428,0.03513574
516.68087596,0.02810202
516.90588100,0.03069557
517.13089941,0.02764555
517.35593118,0.02777005
517.58097631,0.02847549
517.80603479,0.03028061
518.03110663,0.02519724
518.25619181,0.02741732
518.48129034,0.02660813
518.70640222,0.03063333
518.93152743,0.02679487
519.15666598,0.02982414
519.38181787,0.02635915
519.60698310,0.02677412
519.83216165,0.02586119
520.05735353,0.02322614
520.28255873,0.02426356
520.50777726,0.01957442
520.73300910,0.02536323
520.95825426,0.02486526
521.18351273,0.02675337
521.40878452,0.02781154
521.63406961,0.02563296
521.85936801,0.02525949
522.08467971,0.02171150
522.31000471,0.02231321
522.53534300,0.02409757
522.76069459,0.02984489
522.98605947,0.02882822
523.21143764,0.02976189
523.43682910,0.03177449
523.66223383,0.03009387
523.88765185,0.03133878
524.11308315,0.03304015
524.33852772,0.03478301
524.56398556,0.02814352
524.78945667,0.03129728
525.01494104,0.03274967
525.24043868,0.03245919
525.46594959,0.03521873
525.69147374,0.04262592
525.91701116,0.03395308
526.14256182,0.03449254
526.36812574,0.03283266
526.59370290,0.03472077
526.81929331,0.02822651
527.04489696,0.03067483
527.27051384,0.03241769
527.49614396,0.02897345
527.72178732,0.02694011
527.94744390,0.02843399
528.17311372,0.02745882
528.39879675,0.03212722
528.62449301,0.02808127
528.85020249,0.03289491
529.07592518,0.03312314
529.30166109,0.03131803
529.52741021,0.03710684
529.75317254,0.04065482
529.97894807,0.03092381
530.20473680,0.04136027
530.43053874,0.03959665
530.65635387,0.05129877
530.88218219,0.04053033
531.10802371,0.04565519
531.33387841,0.04714908
531.55974630,0.04723207
531.78562738,0.04961814
532.01152163,0.05239843
532.23742906,0.04770929
532.46334967,0.04872596
532.68928344,0.04972188
532.91523039,0.04501199
533.14119051,0.05221170
533.36716378,0.04598717
533.59315022,0.04787527
533.81914982,0.04781303
534.04516257,0.05617465
534.27118847,0.04897494
534.49722752,0.04988787
534.72327973,0.04916168
534.94934507,0.05080080
535.17542356,0.05627839
535.40151518,0.05629914
535.62761994,0.04992937
535.85373784,0.04773004
536.07986886,0.06059406
536.30601301,0.05287565
536.53217029,0.05165149
536.75834069,0.04945215
536.98452420,0.05221170
537.21072084,0.05324912
537.43693059,0.05501273
537.66315345,0.05353960
537.88938941,0.05140251
538.11563848,0.05171373
538.34190066,0.05530321
538.56817593,0.05187972
538.79446431,0.05181748
539.02076577,0.05441103
539.24708033,0.05883045
539.47340798,0.05781377
539.69974871,0.05472226
539.92610252,0.05642363
540.15246942,0.05038583
540.37884939,0.05395456
540.60524244,0.06117502
540.83164856,0.05204571
541.05806775,0.05876820
541.28450001,0.05656887
541.51094533,0.06229543
541.73740371,0.06233693
541.96387515,0.06107128
542.19035965,0.05679710
542.41685719,0.06986861
542.64336779,0.06642437
542.86989144,0.07310537
543.09642813,0.05899643
543.32297786,0.06667335
543.54954063,0.05988862
543.77611643,0.06845772
544.00270527,0.06127876
544.22930714,0.06820874
544.45592204,0.05982637
544.68254996,0.06387231
544.90919091,0.05951514
545.13584487,0.06231618
545.36251185,0.05744030
545.58919184,0.05785527
545.81588485,0.05621614
546.04259086,0.05986787
546.26930988,0.05710833
546.49604191,0.05974338
546.72278693,0.05880970
546.94954495,0.06144475
547.17631596,0.06387231
547.40309997,0.06908017
547.62989696,0.06549069
547.85670694,0.07115501
548.08352991,0.08138399
548.31036585,0.07347884
548.53721477,0.07551218
548.76407667,0.08040881
548.99095154,0.07648736
549.21783938,0.07194345
549.44474018,0.07991085
549.67165395,0.07947513
549.89858069,0.08080303
550.12552038,0.07835472
550.35247302,0.07549144
550.57943862,0.07322986
550.80641717,0.07183971
551.03340866,0.07183971
551.26041310,0.07621763
551.48743048,0.07835472
551.71446081,0.08289862
551.94150406,0.08812723
552.16856025,0.08889492
552.39562937,0.09030581
552.62271142,0.08486973
552.84980640,0.08688232
553.07691429,0.08708981
553.30403511,0.08489047
553.53116884,0.09057554
553.75831549,0.08789900
553.98547505,0.09244290
554.21264752,0.09094902
554.43983289,0.09414427
554.66703116,0.09802423
554.89424234,0.10186269
555.12146641,0.10910389
555.34870338,0.10410352
555.57595324,0.10964335
555.80321599,0.10835695
556.03049162,0.11122023
556.25778014,0.10709129
556.48508154,0.11261038
556.71239582,0.11501720
556.93972297,0.11171819
557.16706300,0.11039030
557.39441589,0.10914539
557.62178165,0.11516243
557.84916028,0.11024506
558.07655177,0.11547366
558.30395611,0.11478896
558.53137331,0.11719578
558.75880337,0.11705054
558.98624627,0.12049478
559.21370202,0.11864817
559.44117062,0.11673931
559.66865206,0.11906314
559.89614634,0.12146996
560.12365345,0.11951960
560.35117340,0.12261112
560.57870618,0.12319208
560.80625179,0.11727877
561.03381022,0.11678081
561.26138148,0.12271486
561.48896555,0.12176044
561.71656244,0.12055703
561.94417215,0.12534991
562.17179467,0.11993457
562.39942999,0.12254888
562.62707812,0.12186418
562.85473906,0.12775673
563.08241279,0.13221764
563.31009933,0.12620060
563.53779866,0.14018504
563.76551078,0.13310983
563.99323568,0.13369078
564.22097338,0.13003906
564.44872386,0.12441623
564.67648712,0.12896014
564.90426316,0.12528767
565.13205197,0.12591012
565.35985356,0.12261112
565.58766792,0.12574413
565.81549504,0.12454072
566.04333493,0.12532917
566.27118758,0.11698830
566.49905298,0.12101349
566.72693115,0.12051553
566.95482207,0.12400127
567.18272573,0.12026655
567.41064215,0.12283935
567.63857131,0.11605462
567.86651321,0.11914613
568.09446785,0.11296310
568.32243523,0.11528692
568.55041534,0.11568115
568.77840819,0.12273561
569.00641376,0.11539067
569.23443206,0.11983083
569.46246308,0.12026655
569.69050682,0.12080601
569.91856327,0.12236214
570.14663244,0.12064002
570.37471433,0.11912538
570.60280892,0.12134547
570.83091622,0.11634509
571.05903622,0.11858593
571.28716892,0.11964410
571.51531432,0.11978933
571.74347241,0.12115873
571.97164320,0.11202942
572.19982667,0.11420801
572.42802284,0.11192568
572.65623168,0.11153146
572.88445321,0.11534917
573.11268742,0.10648959
573.34093430,0.10213242
573.56919385,0.10773450
573.79746608,0.10572190
574.02575097,0.10974709
574.25404853,0.11022431
574.48235874,0.11030730
574.71068162,0.11016206
574.93901715,0.10715354
575.16736534,0.11105425
575.39572618,0.11416651
575.62409966,0.11759000
575.85248579,0.11694680
576.08088456,0.11456073
576.30929597,0.11877266
576.53772002,0.11622060
576.76615671,0.11885565
576.99460602,0.12030805
577.22306796,0.12169819
577.45154253,0.12460297
577.68002972,0.12304684
577.90852953,0.11943661
578.13704196,0.12391827
578.36556700,0.12173969
578.59410465,0.12076451
578.82265492,0.12400127
579.05121779,0.12395977
579.27979326,0.11686381
579.50838133,0.11296310
579.73698201,0.11368930
579.96559527,0.11012057
580.19422113,0.11063928
580.42285958,0.10682157
580.65151062,0.11034880
580.88017424,0.10497495
581.10885044,0.10505795
581.33753922,0.10605387
581.56624057,0.09897866
581.79495450,0.09868818
582.02368100,0.09318985
582.25242007,0.09719429
582.48117170,0.10101200
582.70993589,0.10671782
582.93871264,0.10536918
583.16750195,0.10406202
583.39630381,0.09881267
583.62511822,0.10204943
583.85394518,0.09955961
584.08278469,0.10113650
584.31163674,0.09995383
584.54050133,0.10306610
584.76937845,0.10572190
584.99826811,0.10781749
585.22717030,0.11329508
585.45608502,0.10707055
585.68501226,0.11812946
585.91395203,0.11893865
586.14290432,0.12315058
586.37186912,0.12578563
586.60084644,0.13047478
586.82983628,0.13537141
587.05883862,0.14238438
587.28785347,0.14649256
587.51688082,0.15120246
587.74592067,0.14300683
587.97497302,0.14093198
588.20403787,0.13462446
588.43311520,0.14257111
588.66220503,0.14811094
588.89130735,0.14516466
589.12042215,0.14819394
589.34954943,0.15170042
589.57868919,0.14952184
589.80784142,0.15304907
590.03700613,0.14748849
590.26618331,0.14557963
590.49537296,0.15284158
590.72457507,0.13999831
590.95378964,0.14508167
591.18301667,0.15037252
591.41225616,0.14798645
591.64150811,0.14441772
591.87077250,0.15138919
592.10004934,0.14701128
592.32933863,0.14867115
592.55864036,0.14425173
592.78795453,0.14026804
593.01728114,0.14375377
593.24662018,0.14211465
593.47597165,0.13545440
593.70533555,0.14414799
593.93471188,0.14678304
594.16410063,0.14802795
594.39350180,0.14871265
594.62291539,0.14589086
594.85234140,0.14782046
595.08177981,0.14995755
595.31123064,0.14250887
595.54069387,0.14647182
595.77016951,0.14970857
595.99965755,0.15670079
596.22915798,0.15694977
596.45867081,0.15031028
596.68819604,0.15624433
596.91773365,0.14582861
597.14728365,0.14352554
597.37684603,0.14649256
597.60642080,0.14533065
597.83600795,0.16143143
598.06560747,0.16396274
598.29521936,0.15948108
598.52484363,0.16705426
598.75448026,0.16763521
598.98412926,0.16827842
599.21379062,0.17863188
599.44346434,0.18419246
599.67315042,0.18873637
599.90284885,0.19448368
600.13255963,0.20211911
600.36228276,0.20655927
600.59201824,0.20541811
600.82176606,0.20711948
601.05152622,0.20794942
601.28129871,0.21207835
601.51108354,0.21921581
601.74088070,0.22307502
601.97069019,0.22593830
602.20051201,0.23023323
602.43034615,0.22981826
602.66019261,0.23373971
602.89005139,0.23900982
603.11992249,0.24311800
603.34980589,0.24950852
603.57970161,0.25882457
603.80960963,0.25994498
604.03952996,0.27627400
604.26946259,0.29029994
604.49940751,0.29720916
604.72936474,0.30183606
604.95933425,0.29592276
605.18931606,0.29718841
605.41931015,0.29305948
605.64931653,0.28720842
605.87933519,0.28704243
606.10936612,0.29992721
606.33940934,0.29749964
606.56946483,0.30822658
606.79953259,0.30625548
607.02961261,0.31617323
607.25970490,0.32272973
607.48980946,0.32914100
607.71992627,0.32339368
607.95005534,0.33602948
608.18019667,0.33492981
608.41035024,0.33839480
608.64051607,0.33418287
608.87069414,0.33874752
609.10088445,0.33542777
609.33108700,0.34399687
609.56130179,0.34239924
609.79152882,0.35078161
610.02176808,0.34847853
610.25201956,0.35403911
610.48228328,0.35335442
610.71255921,0.35074011
610.94284737,0.35148706
611.17314775,0.34980643
611.40346034,0.35175679
611.63378514,0.33820806
611.86412215,0.33430736
612.09447137,0.32299946
612.32483280,0.32163007
612.55520642,0.30893203
612.78559225,0.28604651
613.01599027,0.25982049
613.24640048,0.24826362
613.47682288,0.23743294
613.70725747,0.22855261
613.93770425,0.21591681
614.16816321,0.21207835
614.39863434,0.20610281
614.62911766,0.20740996
614.85961314,0.20726472
615.09012080,0.21902908
615.32064063,0.21707872
615.55117262,0.21792941
615.78171677,0.21743145
616.01227308,0.21863486
616.24284156,0.22415394
616.47342218,0.22027398
616.70401496,0.22842812
616.93461988,0.21875935
617.16523695,0.22749444
617.39586617,0.22311652
617.62650752,0.22114542
617.85716101,0.21330251
618.08782664,0.20533511
618.31850440,0.19985753
618.54919429,0.19101870
618.77989630,0.18446219
619.01061044,0.17402573
619.24133670,0.17074748
619.47207508,0.17170191
619.70282557,0.16603759
619.93358818,0.17282232
620.16436289,0.16134844
620.39514972,0.16620357
620.62594864,0.15377526
620.85675967,0.15367152
621.08758280,0.14823543
621.31841802,0.14657556
621.54926534,0.13773673
621.78012475,0.12999756
622.01099624,0.13072376
622.24187982,0.12671931
622.47277549,0.12642883
622.70368323,0.12837918
622.93460305,0.12128322
623.16553494,0.11619986
623.39647890,0.11549441
623.62743493,0.11883491
623.85840303,0.11815021
624.08938319,0.12173969
624.32037541,0.11806721
624.55137968,0.11947811
624.78239602,0.11217466
625.01342440,0.10895865
625.24446483,0.10989233
625.47551731,0.10574265
625.70658183,0.10424876
625.93765839,0.10273412
626.16874699,0.09970485
626.39984763,0.09553442
626.63096029,0.10335658
626.86208499,0.10090826
627.09322171,0.10487121
627.32437046,0.10978859
627.55553123,0.11167670
627.78670401,0.11642809
628.01788882,0.11985158
628.24908563,0.12657407
628.48029446,0.12117948
628.71151529,0.12597237
628.94274813,0.13045403
629.17399296,0.13192717
629.40524980,0.13140846
629.63651863,0.13501868
629.86779946,0.13840068
630.09909228,0.13759149
630.33039709,0.14862965
630.56171388,0.16161817
630.79304265,0.16543588
631.02438340,0.17651554
631.25573613,0.18556186
631.48710084,0.19218061
631.71847751,0.19238809
631.94986615,0.20296979
632.18126676,0.20707798
632.41267933,0.21104093
632.64410387,0.20317728
632.87554035,0.21191237
633.10698880,0.23371897
633.33844919,0.23278529
633.56992154,0.24878233
633.80140583,0.24872008
634.03290207,0.24347073
634.26441024,0.22961078
634.49593035,0.22857336
634.72746240,0.23299277
634.95900638,0.23033697
635.19056229,0.23676899
635.42213013,0.24438366
635.65370989,0.24645850
635.88530158,0.24305576
636.11690518,0.24979900
636.34852069,0.25106465
636.58014812,0.26060893
636.81178746,0.28824584
637.04343871,0.30113062
637.27510187,0.31304022
637.50677692,0.33254374
637.73846387,0.32586275
637.97016272,0.31671269
638.20187347,0.33150632
638.43359610,0.32275048
638.66533062,0.32142258
638.89707703,0.32480458
639.12883532,0.31833107
639.36060549,0.31911951
639.59238754,0.31568577
639.82418146,0.32729460
640.05598725,0.32363438
640.28780491,0.32674848
640.51963444,0.32686438
640.75147583,0.30832574
640.98332908,0.30347172
641.21519419,0.30049881
641.44707115,0.30371843
641.67895997,0.30142715
641.91086063,0.30234685
642.14277314,0.29280803
642.37469750,0.28801150
642.60663369,0.28524690
642.83858172,0.29136220
643.07054159,0.29697888
643.30251329,0.30019150
643.53449683,0.30945640
643.76649218,0.29987016
643.99849937,0.28940920
644.23051837,0.29447417
644.46254919,0.29563082
644.69459183,0.28765092
644.92664628,0.28093787
645.15871254,0.27466678
645.39079061,0.26678401
645.62288049,0.27893079
645.85498217,0.27264859
646.08709564,0.26357136
646.31922091,0.25811749
646.55135798,0.26026436
646.78350684,0.27321108
647.01566748,0.26399284
647.24783991,0.26262279
647.48002413,0.26256382
647.71222012,0.25872149
647.94442789,0.25954325
648.17664744,0.26675303
648.40887875,0.26787419
648.64112184,0.26111571
648.87337669,0.25781433
649.10564331,0.24461884
649.33792168,0.24957458
649.57021181,0.25191838
649.80251370,0.25141580
650.03482734,0.24960029
650.26715273,0.24918125
650.49948987,0.24337782
650.73183875,0.24703353
650.96419937,0.24155829
651.19657173,0.23651432
651.42895582,0.24537437
651.66135165,0.24752126
651.89375921,0.24081394
652.12617849,0.23792160
652.35860950,0.23700926
652.59105224,0.23376297
652.82350669,0.23447633
653.05597285,0.23940613
653.28845073,0.24054782
653.52094032,0.24328931
653.75344162,0.24622605
653.98595462,0.24839110
654.21847933,0.25693691
654.45101573,0.26083141
654.68356383,0.26765325
654.91612363,0.27398190
655.14869511,0.27032414
655.38127829,0.28202464
655.61387315,0.27959874
655.84647969,0.27604425
656.07909792,0.28146703
656.31172782,0.27330501
656.54436939,0.26276202
656.77702264,0.27044092
657.00968756,0.26621187
657.24236414,0.28088139
657.47505238,0.28809900
657.70775229,0.29665644
657.94046385,0.29420518
658.17318707,0.30525343
658.40592195,0.30107785
658.63866847,0.29732007
658.87142663,0.29501795
659.10419645,0.29942694
659.33697790,0.30157862
659.56977099,0.30256047
659.80257572,0.29844052
660.03539208,0.29688384
660.26822007,0.28577986
660.50105969,0.28515538
660.73391093,0.29213832
660.96677380,0.28569473
661.19964828,0.30336971
661.43253438,0.31492190
661.66543209,0.30840032
661.89834142,0.31030512
662.13126235,0.32405502
662.36419489,0.33436651
662.59713903,0.34619633
662.83009477,0.33903268
663.06306210,0.33273866
663.29604103,0.32359063
663.52903155,0.32262761
663.76203367,0.30327594
663.99504736,0.28600739
664.22807264,0.28763418
664.46110950,0.27560411
664.69415794,0.27772485
664.92721795,0.27533244
665.16028953,0.27342148
665.39337269,0.27769073
665.62646740,0.28095836
665.85957369,0.28176501
666.09269153,0.27499365
666.32582093,0.28700463
666.55896189,0.27645521
666.79211440,0.26907429
667.02527846,0.28009171
667.25845406,0.26932327
667.49164121,0.25535958
667.72483991,0.25177010
667.95805014,0.25618952
668.19127190,0.23496387
668.42450520,0.23008799
668.65775003,0.23396795
668.89100639,0.23486013
669.12427427,0.23525435
669.35755368,0.24440441
669.59084460,0.24185235
669.82414704,0.24946702
670.05746099,0.26533957
670.29078646,0.27218656
670.52412343,0.26714469
670.75747191,0.28619175
670.99083189,0.28617100
671.22420337,0.29139960
671.45758635,0.29206355
671.69098082,0.29627548
671.92438678,0.29366118
672.15780424,0.30061191
672.39123317,0.30505207
672.62467360,0.31669194
672.85812550,0.32073788
673.09158888,0.33530328
673.32506373,0.33980569
673.55855006,0.34644519
673.79204785,0.34414211
674.02555712,0.34493055
674.25907784,0.33775160
674.49261003,0.34279346
674.72615367,0.34237850
674.95970878,0.34026216
675.19327533,0.35235849
675.42685333,0.35088535
675.66044278,0.35451633
675.89404368,0.36159154
676.12765601,0.36078235
676.36127979,0.37870900
676.59491500,0.38103282
676.82856165,0.38294168
677.06221972,0.37769232
677.29588922,0.36960044
677.52957015,0.38530700
677.76326250,0.37526476
677.99696627,0.35932996
678.23068146,0.34982718
678.46440806,0.34472307
678.69814607,0.33358116
678.93189549,0.32144333
679.16565631,0.31702391
679.39942854,0.30745889
679.63321217,0.30874529
679.86700720,0.29561153
680.10081361,0.28571453
680.33463143,0.28550705
680.56846063,0.28820434
680.80230121,0.28588052
681.03615318,0.29805985
681.27001653,0.29783162
681.50389126,0.30096463
681.73777736,0.30332995
681.97167484,0.29710542
682.20558368,0.29662821
682.43950390,0.30152484
682.67343547,0.29127511
682.90737841,0.29098463
683.14133270,0.27895054
683.37529836,0.26957225
683.60927536,0.25994498
683.84326371,0.25807762
684.07726341,0.24901056
684.31127446,0.24508911
684.54529685,0.24268229
684.77933057,0.23838736
685.01337564,0.23803464
685.24743203,0.24859559
685.48149976,0.26575454
685.71557881,0.27828659
685.94966919,0.27872231
686.18377090,0.28797611
686.41788392,0.29434588
686.65200826,0.30025918
686.88614391,0.30656671
687.12029088,0.32028142
687.35444915,0.31050891
687.58861873,0.31735589
687.82279961,0.30951298
688.05699179,0.31011469
688.29119527,0.30059116
688.52541004,0.30611024
688.75963611,0.30691943
688.99387346,0.31658820
689.22812210,0.31897427
689.46238203,0.32692092
689.69665323,0.33217027
689.93093571,0.34553226
690.16522947,0.35258672
690.39953450,0.35225475
690.63385080,0.35264897
690.86817837,0.35881125
691.10251720,0.36175753
691.33686730,0.37431033
691.57122865,0.37016064
691.80560125,0.38177977
692.03998511,0.37169603
692.27438023,0.38018214
692.50878658,0.37339740
692.74320419,0.38418658
692.97763303,0.37078310
693.21207312,0.39435331
693.44652444,0.37931070
693.68098699,0.40808878
693.91546077,0.41288166
694.14994579,0.43147226
694.38444203,0.43178348
694.61894949,0.43024810
694.85346817,0.44618289
695.08799806,0.43898319
695.32253918,0.43919067
695.55709150,0.43663862
695.79165503,0.44253117
696.02622977,0.45632888
696.26081571,0.46203469
696.49541285,0.46774051
696.73002119,0.47498172
696.96464072,0.48767975
697.19927145,0.47900691
697.43391336,0.48247190
697.66856647,0.47834296
697.90323075,0.48116475
698.13790622,0.46554118
698.37259286,0.48054229
698.60729068,0.47502321
698.84199967,0.49170495
699.07671984,0.50290910
699.31145117,0.51160270
699.54619366,0.51039929
699.78094731,0.51747450
700.01571213,0.53872089
700.25048810,0.54785020
700.48527522,0.58270757
700.72007349,0.60044747
700.95488292,0.61422443
701.18970348,0.61972277
701.42453519,0.61972277
701.65937804,0.62420443
701.89423202,0.63999398
702.12909714,0.64962125
702.36397339,0.64760866
702.59886077,0.65881281
702.83375927,0.65013997
703.06866889,0.64852159
703.30358964,0.63748342
703.53852150,0.65119814
703.77346448,0.65271277
704.00841857,0.64931003
704.24338376,0.64821036
704.47836007,0.65043044
704.71334748,0.63078168
704.94834598,0.62026223
705.18335559,0.62416293
705.41837629,0.60333151
705.65340808,0.60088319
705.88845096,0.59992876
706.12350493,0.60521961
706.35856998,0.62715070
706.59364612,0.63864533
706.82873333,0.64370795
707.06383161,0.68196806
707.29894097,0.67835783
707.53406141,0.69120111
707.76919290,0.72006218
708.00433546,0.74715963
708.23948909,0.76736860
708.47465377,0.78172651
708.70982951,0.77844826
708.94501630,0.79780655
709.18021414,0.76321891
709.41542303,0.78575171
709.65064297,0.76759683
709.88587395,0.74676541
710.12111597,0.74533376
710.35636902,0.70991619
710.59163311,0.69068240
710.82690823,0.68674020
711.06219437,0.65657198
711.29749155,0.65489136
711.53279974,0.64204808
711.76811896,0.64231781
712.00344920,0.63447490
712.23879044,0.65005697
712.47414270,0.64516034
712.70950597,0.64970425
712.94488025,0.63553307
713.18026553,0.64001473
713.41566181,0.61364348
713.65106908,0.61341524
713.88648736,0.60972202
714.12191662,0.61374722
714.35735688,0.61187986
714.59280812,0.59731446
714.82827034,0.59063347
715.06374355,0.57511364
715.29922774,0.58484465
715.53472290,0.58480316
715.77022903,0.58598582
716.00574614,0.59250083
716.24127421,0.57835040
716.47681324,0.55903361
716.71236324,0.55424072
716.94792420,0.55440671
717.18349611,0.55023627
717.41907898,0.55042301
717.65467280,0.54228962
717.89027757,0.55863939
718.12589328,0.55984280
718.36151993,0.56112920
718.59715752,0.55158492
718.83280605,0.54702027
719.06846552,0.53135520
719.30413591,0.52544190
719.53981724,0.51598061
719.77550949,0.50560640
720.01121266,0.51463197
720.24692676,0.51587687
720.48265177,0.53000655
720.71838769,0.53494468
720.95413453,0.53214364
721.18989228,0.52971608
721.42566093,0.52562863
721.66144049,0.52828443
721.89723095,0.52834668
722.13303231,0.52303508
722.36884456,0.51629184
722.60466770,0.52183167
722.84050173,0.51832519
723.07634666,0.51670681
723.31220246,0.51548265
723.54806915,0.51585612
723.78394671,0.51141596
724.01983515,0.48975460
724.25573447,0.47207694
724.49164465,0.46769902
724.72756571,0.44101653
724.96349762,0.43993762
725.19944040,0.44024884
725.43539404,0.42120178
725.67135854,0.41095206
725.90733388,0.40640815
726.14332008,0.40700986
726.37931713,0.39574346
726.61532503,0.37621919
726.85134376,0.37136405
727.08737334,0.36696539
727.32341375,0.34930847
727.55946500,0.34368565
727.79552708,0.34430810
728.03159998,0.33658968
728.26768372,0.34188053
728.50377827,0.35194352
728.73988365,0.36045038
728.97599985,0.35229625
729.21212686,0.35866601
729.44826468,0.35630069
729.68441331,0.34991018
729.92057275,0.33509580
730.15674299,0.33704615
730.39292403,0.32739813
730.62911587,0.31766712
730.86531851,0.31231402
731.10153194,0.30364118
731.33775616,0.29322546
731.57399117,0.28660672
731.81023696,0.27853558
732.04649353,0.27355595
732.28276088,0.26365895
732.51903901,0.26056743
732.75532791,0.25581604
732.99162758,0.24838811
733.22793802,0.24214283
733.46425923,0.23699722
733.70059119,0.23224583
733.93693392,0.21892534
734.17328740,0.22149814
734.40965164,0.22257706
734.64602662,0.22031548
734.88241236,0.22245257
735.11880884,0.22116617
735.35521607,0.21996276
735.59163403,0.21753519
735.82806273,0.22255631
736.06450217,0.22104167
736.30095234,0.21490014
736.53741323,0.22691348
736.77388486,0.23639551
737.01036720,0.23249481
737.24686027,0.24593979
737.48336406,0.25257929
737.71987856,0.26739367
737.95640377,0.27210356
738.19293969,0.27851483
738.42948632,0.27940701
738.66604365,0.29131661
738.90261169,0.28583902
739.13919042,0.29500983
739.37577985,0.29617174
739.61237997,0.29467785
739.84899078,0.29393091
740.08561228,0.29032068
740.32224446,0.27556855
740.55888732,0.26251779
740.79554087,0.25560856
741.03220509,0.24056595
741.26887998,0.23102167
741.50556555,0.22699647
741.74226178,0.22431993
741.97896868,0.22201685
742.21568624,0.21174638
742.45241446,0.19925582
742.68915333,0.19350851
742.92590286,0.19319728
743.16266304,0.18595608
743.39943387,0.17311280
743.63621535,0.17630806
743.87300747,0.16755222
744.10981023,0.16583010
744.34662363,0.16516615
744.58344766,0.17014578
744.82028232,0.17593459
745.05712761,0.17361076
745.29398353,0.17639105
745.53085007,0.16773896
745.76772724,0.17143218
746.00461502,0.17155667
746.24151341,0.16894237
746.47842242,0.16466819
746.71534204,0.17230361
746.95227227,0.16927434
747.18921310,0.17703425
747.42616453,0.17444070
747.66312656,0.17919209
747.90009918,0.17147367
748.13708240,0.18518839
748.37407621,0.18937957
748.61108061,0.18857038
748.84809559,0.19128843
749.08512115,0.18720098
749.32215730,0.18402647
749.55920401,0.18585234
749.79626131,0.18674452
750.03332917,0.18556186
750.27040760,0.18269858
750.50749660,0.19159965
750.74459616,0.18421321
750.98170628,0.18166115
751.21882695,0.17825841
751.45595818,0.17570635
751.69309997,0.18747071
751.93025230,0.18284381
752.16741517,0.18234585
752.40458859,0.17726249
752.64177256,0.16983455
752.87896705,0.17321654
753.11617209,0.16902536
753.35338765,0.17199239
753.59061374,0.17346552
753.82785037,0.17601758
754.06509751,0.18128768
754.30235518,0.18618431
754.53962336,0.20139291
754.77690206,0.20832289
755.01419127,0.21504538
755.25149099,0.22361448
755.48880122,0.23168562
755.72612195,0.23158188
755.96345319,0.23504687
756.20079492,0.23143664
756.43814715,0.22749444
756.67550987,0.23079344
756.91288309,0.22790941
757.15026679,0.22456891
757.38766097,0.22566857
757.62506564,0.21645627
757.86248079,0.21089569
758.09990641,0.19491940
758.33734251,0.19545886
758.57478908,0.19384048
758.81224612,0.18736697
759.04971362,0.17948257
759.28719159,0.17323729
759.52468001,0.16213688
759.76217889,0.16968931
759.99968823,0.16066374
760.23720802,0.15398275
760.47473826,0.15109872
760.71227894,0.14630583
760.94983007,0.14329731
761.18739164,0.13950034
761.42496364,0.13537141
761.66254608,0.13489419
761.90013895,0.13472820
762.13774226,0.13860816
762.37535598,0.13545440
762.61298014,0.14360853
762.85061471,0.14033028
763.08825970,0.14869190
763.32591511,0.15147219
763.56358093,0.15338104
763.80125716,0.16132769
764.03894380,0.17769820
764.27664084,0.18707649
764.51434829,0.18722173
764.75206613,0.20133067
764.98979437,0.20498239
765.22753300,0.20384123
765.46528203,0.21189162
765.70304144,0.21523211
765.94081124,0.21284604
766.17859142,0.21853111
766.41638197,0.22448591
766.65418291,0.22612504
766.89199422,0.23508836
767.12981590,0.22025323
767.36764795,0.21647702
767.60549036,0.20736846
767.84334314,0.21048072
768.08120628,0.21481715
768.31907977,0.21062596
768.55696362,0.20707798
768.79485782,0.21079195
769.03276238,0.20695349
769.27067727,0.20989977
769.50860251,0.20790792
769.74653809,0.21801240
769.98448401,0.21570933
770.22244027,0.20954704
770.46040685,0.20977528
770.69838377,0.21164264
770.93637101,0.21172563
771.17436858,0.21075045
771.41237647,0.21660151
771.65039468,0.21992126
771.88842320,0.20840588
772.12646204,0.21815764
772.36451118,0.21029399
772.60257064,0.21886309
772.84064039,0.20701574
773.07872045,0.20133067
773.31681081,0.20637253
773.55491147,0.19774119
773.79302242,0.19892385
774.03114366,0.18908909
774.26927519,0.18848739
774.50741700,0.17601758
774.74556910,0.17340328
774.98373147,0.17464818
775.22190413,0.17298831
775.46008705,0.17944107
775.69828025,0.17485567
775.93648372,0.17713800
776.17469745,0.17429546
776.41292145,0.17786419
776.65115570,0.16692977
776.88940022,0.17230361
777.12765499,0.16321580
777.36592001,0.16464744
777.60419528,0.16396274
777.84248079,0.15555963
778.08077655,0.16109946
778.31908256,0.16707501
778.55739879,0.14939734
778.79572527,0.15493718
779.03406198,0.14806944
779.27240891,0.14421024
779.51076608,0.13860816
779.74913346,0.14296533
779.98751107,0.14201090
780.22589890,0.15869264
780.46429695,0.13852517
780.70270520,0.13796496
780.94112367,0.13497719
781.17955235,0.13939660
781.41799123,0.12383528
781.65644031,0.13263261
781.89489959,0.12487270
782.13336907,0.12227915
782.37184874,0.12126247
782.61033861,0.12192642
782.84883866,0.12929212
783.08734890,0.12298459
783.32586931,0.12634584
783.56439991,0.12327507
783.80294069,0.11839919
784.04149164,0.12700979
784.28005276,0.12155295
784.51862406,0.12889790
784.75720551,0.13001831
784.99579713,0.13093124
785.23439891,0.13213465
785.47301085,0.13997756
785.71163295,0.13914762
785.95026519,0.14815244
786.18890759,0.14279934
786.42756013,0.14381602
786.66622282,0.14447997
786.90489564,0.15653480
787.14357861,0.14429323
787.38227171,0.15219838
787.62097494,0.14597385
787.85968831,0.14910687
788.09841180,0.14091124
788.33714541,0.14180342
788.57588915,0.13130471
788.81464301,0.13188567
789.05340698,0.13047478
789.29218106,0.12771523
789.53096526,0.13400201
789.76975956,0.13124247
790.00856397,0.12883565
790.24737848,0.13393976
790.48620309,0.12813020
790.72503780,0.13599386
790.96388260,0.13777822
791.20273749,0.14116022
791.44160247,0.14026804
791.68047754,0.13674080
791.91936269,0.13203091
792.15825792,0.12651183
792.39716323,0.13126322
792.63607861,0.12292235
792.87500406,0.12283935
793.11393958,0.13352480
793.35288517,0.12076451
793.59184082,0.11736177
793.83080653,0.11725803
794.06978230,0.11916688
794.30876813,0.12603461
794.54776401,0.11935362
794.78676993,0.11377229
795.02578591,0.12545366
795.26481193,0.12229989
795.50384798,0.12082676
795.74289408,0.12738326
795.98195022,0.12767374
796.22101638,0.12906388
796.46009258,0.12661557
796.69917880,0.13435473
796.93827505,0.13398126
797.17738132,0.13659556
797.41649761,0.14259186
797.65562392,0.15242662
797.89476024,0.15051776
798.13390657,0.15275859
798.37306290,0.15466745
798.61222925,0.15147219
798.85140559,0.15358853
799.09059194,0.15250961
799.32978828,0.15904536
799.56899462,0.14597385
799.80821094,0.14962558
800.04743726,0.14236363
800.28667356,0.13916837
800.52591985,0.13593161
800.76517611,0.13674080
801.00444236,0.13721802
801.24371857,0.14719801
801.48300476,0.15487493
801.72230092,0.15856815
801.96160705,0.16317430
802.20092314,0.17307130
802.44024919,0.17595534
802.67958519,0.17912985
802.91893116,0.17910910
803.15828707,0.18359076
803.39765294,0.18541662
803.63702875,0.19877861
803.87641450,0.19189013
804.11581020,0.19352926
804.35521584,0.19280306
804.59463141,0.19587383
804.83405692,0.18863263
805.07349235,0.19408946
805.31293772,0.19301055
805.55239300,0.18846664
805.79185821,0.18531288
806.03133334,0.17809242
806.27081839,0.17215837
806.51031335,0.16684677
806.74981822,0.16049775
806.98933300,0.15443921
807.22885768,0.14589086
807.46839227,0.13709353
807.70793675,0.13321357
807.94749114,0.13572413
808.18705542,0.12866966
808.42662959,0.13147070
808.66621364,0.12574413
808.90580759,0.12649108
809.14541141,0.12748700
809.38502512,0.12039104
809.62464871,0.12080601
809.86428217,0.12070227
810.10392550,0.12327507
810.34357870,0.11045254
810.58324177,0.11470597
810.82291470,0.10431101
811.06259749,0.10065928
811.30229015,0.10422801
811.54199265,0.09916539
811.78170501,0.09302386
812.02142722,0.08557517
812.26115928,0.07627988
812.50090118,0.07329210
812.74065292,0.07017984
812.98041450,0.06387231
813.22018592,0.07395605
813.45996717,0.05756479
813.69975825,0.06152774
813.93955916,0.05849847
814.17936989,0.05797976
814.41919045,0.05306238
814.65902083,0.05810425
814.89886102,0.04997087
815.13871102,0.05057257
815.37857084,0.04795827
815.61844047,0.05279265
815.85831990,0.05026134
816.09820913,0.05005386
816.33810817,0.04517798
816.57801700,0.04802051
816.81793562,0.04681710
817.05786404,0.04725282
817.29780225,0.03928542
817.53775024,0.03777079
817.77770801,0.03750106
818.01767557,0.03277042
818.25765290,0.03455478
818.49764001,0.03384934
818.73763689,0.03440954
818.97764354,0.03310239
819.21765996,0.03281191
819.45768614,0.02862073
819.69772209,0.02447104
819.93776779,0.02704385
820.17782324,0.02264518
820.41788845,0.02249994
820.65796341,0.01857849
820.89804812,0.01577745
821.13814257,0.01835026
821.37824677,0.02065333
821.61836070,0.01905570
821.85848437,0.01986489
822.09861777,0.02563296
822.33876090,0.02673262
822.57891376,0.02652514
822.81907635,0.03156701
823.05924866,0.03820651
823.29943069,0.04521948
823.53962243,0.05748180
823.77982389,0.06934990
824.02003506,0.07671559
824.26025594,0.09065854
824.50048652,0.11068077
824.74072681,0.11640734
824.98097680,0.13584862
825.22123648,0.14057926
825.46150586,0.16551888
825.70178493,0.16597534
825.94207369,0.16446071
826.18237214,0.17388049
826.42268027,0.18520914
826.66299808,0.19018876
826.90332557,0.19772044
827.14366273,0.20147591
827.38400957,0.21197461
827.62436608,0.21041848
827.86473225,0.22187161
828.10510809,0.21508688
828.34549359,0.22469340
828.58588874,0.22201685
828.82629356,0.22292978
829.06670802,0.21882159
829.30713214,0.22112467
829.54756590,0.22102093
829.78800931,0.21728621
830.02846236,0.23315876
830.26892505,0.23019173
830.50939738,0.22888458
830.74987934,0.22388421
830.99037093,0.22251481
831.23087215,0.23120841
831.47138299,0.22618729
831.71190346,0.22571007
831.95243355,0.21697498
832.19297325,0.21429844
832.43352257,0.21284604
832.67408150,0.21394571
832.91465003,0.21010725
833.15522818,0.19938031
833.39581592,0.19726397
833.63641327,0.19838439
833.87702022,0.18481492
834.11763676,0.17373525
834.35826289,0.17568561
834.59889861,0.17116245
834.83954392,0.15887938
835.08019881,0.15236437
835.32086328,0.14616059
835.56153733,0.15049701
835.80222095,0.14259186
836.04291415,0.13230064
836.28361692,0.12242438
836.52432926,0.12348255
836.76505116,0.11794272
837.00578262,0.11358555
837.24652364,0.10155146
837.48727421,0.09404053
837.72803434,0.09345958
837.96880402,0.08860444
838.20958325,0.08673708
838.45037202,0.08650885
838.69117033,0.08103127
838.93197819,0.08074079
839.17279558,0.08449625
839.41362250,0.09296161
839.65445896,0.08698607
839.89530494,0.09231841
840.13616045,0.09706980
840.37702548,0.09850144
840.61790003,0.09885417
840.85878410,0.10495421
841.09967768,0.10603312
841.34058078,0.10470523
841.58149338,0.09951812
841.82241549,0.09980860
842.06334710,0.09792049
842.30428821,0.09520244
842.54523883,0.09345958
842.78619893,0.09451775
843.02716853,0.09487047
843.26814762,0.09559666
843.50913619,0.08877043
843.75013425,0.09238066
843.99114179,0.09159222
844.23215881,0.09808648
844.47318530,0.08507721
844.71422127,0.09955961
844.95526670,0.09105276
845.19632161,0.09335583
845.43738597,0.08318910
845.67845980,0.08758777
845.91954309,0.08619763
846.16063584,0.08314761
846.40173803,0.07771152
846.64284968,0.08418503
846.88397078,0.07250366
847.12510132,0.07688158
847.36624130,0.07617613
847.60739073,0.07401830
847.84854959,0.07881118
848.08971788,0.07424653
848.33089561,0.07379006
848.57208276,0.07756628
848.81327934,0.08244216
849.05448534,0.08542993
849.29570076,0.08632212
849.53692560,0.09553442
849.77815986,0.09478748
850.01940353,0.10582564
850.26065660,0.10256814
850.50191908,0.11389678
850.74319097,0.11333657
850.98447225,0.12111723
851.22576294,0.13246663
851.46706301,0.13682380
851.70837248,0.13454147
851.94969135,0.14530990
852.19101959,0.15228138
852.43235722,0.17136993
852.67370424,0.18002203
852.91506063,0.18207612
853.15642640,0.18846664
853.39780154,0.19498165
853.63918605,0.20823989
853.88057992,0.20749295
854.12198317,0.20635179
854.36339577,0.21043923
854.60481773,0.21141440
854.84624905,0.21541885
855.08768973,0.21197461
855.32913975,0.20284530
855.57059912,0.19660002
855.81206784,0.20290755
856.05354590,0.19971229
856.29503330,0.19738846
856.53653004,0.18720098
856.77803611,0.18796868
857.01955151,0.17736623
857.26107624,0.21147665
857.50261030,0.18049924
857.74415367,0.17846590
857.98570637,0.16533214
858.22726839,0.17334103
858.46883972,0.16688827
858.71042037,0.16707501
858.95201032,0.16334029
859.19360958,0.16107871
859.43521814,0.15618208
859.67683601,0.15688753
859.91846317,0.16885937
860.16009963,0.14742624
860.40174538,0.13968708
860.64340042,0.13694829
860.88506474,0.13487344
861.12673835,0.13134621
861.36842125,0.12520467
861.61011342,0.12227915
861.85181487,0.12286010
862.09352559,0.12055703
862.33524558,0.12435399
862.57697484,0.12163594
862.81871336,0.12543291
863.06046114,0.12698904
863.30221819,0.12101349
863.54398449,0.13080675
863.78576004,0.12954110
864.02754485,0.12024580
864.26933890,0.11487196
864.51114220,0.11588863
864.75295474,0.11092975
864.99477653,0.11736177
865.23660755,0.10395828
865.47844780,0.09862594
865.72029728,0.09480822
865.96215600,0.09414427
866.20402394,0.09368781
866.44590110,0.09254665
866.68778748,0.08599014
866.92968308,0.09009833
867.17158790,0.08480748
867.41350193,0.09221467
867.65542516,0.08883268
867.89735761,0.09175820
868.13929926,0.09119800
868.38125011,0.09648885
868.62321015,0.09659259
868.86517940,0.10233990
869.10715783,0.09692456
869.34914546,0.10389604
869.59114227,0.10333583
869.83314827,0.10155146
870.07516344,0.10319059
870.31718780,0.09893716
870.55922133,0.11157296
870.80126404,0.11462298
871.04331592,0.11337807
871.28537696,0.10609537
871.52744717,0.10761001
871.76952655,0.10619911
872.01161508,0.10482972
872.25371277,0.09810722
872.49581961,0.09242215
872.73793560,0.09453849
872.98006075,0.09065854
873.22219503,0.09215242
873.46433846,0.08706906
873.70649103,0.08752552
873.94865274,0.07974486
874.19082358,0.08063705
874.43300356,0.08082378
874.67519266,0.07588566
874.91739089,0.06798050
875.15959824,0.06461926
875.40181471,0.05901718
875.64404031,0.06185972
875.88627501,0.05750255
876.12851883,0.05472226
876.37077176,0.05131951
876.61303379,0.04876746
876.85530493,0.04864297
877.09758517,0.04586268
877.33987451,0.04299939
877.58217294,0.04505349
877.82448047,0.04407831
878.06679709,0.05206646
878.30912279,0.05287565
878.55145758,0.05380933
878.79380145,0.05932841
879.03615440,0.05511648
879.27851643,0.06611314
879.52088753,0.07007609
879.76326770,0.07146624
880.00565694,0.07773227
880.24805524,0.07462000
880.49046260,0.07727580
880.73287903,0.07868669
880.97530451,0.08389455
881.21773905,0.07793975
881.46018264,0.07426728
881.70263527,0.08213093
881.94509695,0.07953738
882.18756768,0.08074079
882.43004744,0.08005609
882.67253625,0.07943364
882.91503409,0.07916391
883.15754095,0.07686083
883.40005685,0.07779451
883.64258178,0.07918466
883.88511573,0.07213019
884.12765869,0.07439177
884.37021068,0.06769003
884.61277168,0.07636287
884.85534170,0.06754479
885.09792072,0.06432878
885.34050876,0.06291789
885.58310579,0.06758628
885.82571183,0.06744104
886.06832686,0.06281414
886.31095090,0.07246216
886.55358392,0.06924616
886.79622594,0.06246142
887.03887694,0.05874745
887.28153693,0.06598865
887.52420589,0.06532470
887.76688384,0.06324986
888.00957077,0.06140325
888.25226667,0.05053107
888.49497154,0.05484675
888.73768537,0.05499199
888.98040818,0.04914093
889.22313994,0.04843548
889.46588067,0.05285490
889.70863035,0.04519873
889.95138899,0.04312388
890.19415657,0.04306164
890.43693311,0.04146401
890.67971859,0.03899495
890.92251302,0.03335137
891.16531639,0.03227245
891.40812869,0.02936767
891.65094993,0.02768705
891.89378010,0.02679487
892.13661920,0.02428431
892.37946723,0.02806052
892.62232418,0.02353737
892.86519005,0.02743807
893.10806484,0.02928468
893.35094854,0.03177449
893.59384116,0.02613092
893.83674269,0.03113129
894.07965312,0.03231395
894.32257246,0.03440954
894.56550070,0.03611091
894.80843784,0.04347661
895.05138388,0.04001162
895.29433881,0.04588342
895.53730263,0.04266742
895.78027533,0.04980488
896.02325692,0.04588342
896.26624740,0.04731507
896.50924675,0.05192122
896.75225498,0.05727431
896.99527208,0.05470151
897.23829806,0.05536546
897.48133290,0.05914167
897.72437661,0.05544845
897.96742918,0.05779302
898.21049061,0.05567668
898.45356090,0.05789677
898.69664005,0.05924541
898.93972804,0.05117427
899.18282488,0.05756479
899.42593057,0.05972263
899.66904511,0.05360184
899.91216848,0.05733656
900.15530069,0.05507498
900.39844174,0.05928691
900.64159162,0.05279265
900.88475033,0.05316612
901.12791786,0.06416279
901.37109422,0.06001311
901.61427940,0.06005460
901.85747340,0.06231618
902.10067621,0.06613389
902.34388784,0.07001385
902.58710827,0.07171522
902.83033752,0.06669410
903.07357557,0.06908017
903.31682242,0.06781452
903.56007807,0.06829173
903.80334251,0.07188121
904.04661575,0.06731655
904.28989778,0.06959888
904.53318860,0.07646661
904.77648820,0.07188121
905.01979659,0.07271115
905.26311375,0.07376932
905.50643969,0.07995235
905.74977441,0.08476598
905.99311789,0.08843846
906.23647015,0.09522319
906.47983117,0.09487047
906.72320095,0.09308610
906.96657950,0.09700756
907.20996680,0.10003683
907.45336285,0.10068003
907.69676766,0.10167595
907.94018122,0.10202868
908.18360352,0.10182119
908.42703457,0.10582564
908.67047435,0.09740178
908.91392288,0.09397829
909.15738014,0.09472523
909.40084613,0.08976636
909.64432085,0.09385380
909.88780430,0.09101126
910.13129648,0.09134324
910.37479737,0.08694457
910.61830699,0.08478673
910.86182531,0.08804424
911.10535236,0.07959962
911.34888811,0.08103127
911.59243257,0.07186046
911.83598573,0.07217169
912.07954760,0.07071930
912.32311816,0.07156998
912.56669743,0.07644586
912.81028538,0.07022133
913.05388203,0.07200570
913.29748736,0.07086454
913.54110138,0.06712982
913.78472408,0.06430803
914.02835547,0.06246142
914.27199552,0.06422504
914.51564426,0.05914167
914.75930166,0.05694234
915.00296774,0.05609165
915.24664247,0.06059406
915.49032588,0.05889269
915.73401794,0.06279340
915.97771866,0.06594716
916.22142803,0.07563667
916.46514606,0.08134249
916.70887274,0.08430952
916.95260806,0.07872819
917.19635202,0.09022282
917.44010463,0.08889492
917.68386588,0.09912390
917.92763576,0.09771300
918.17141427,0.11068077
918.41520141,0.11651108
918.65899718,0.11406277
918.90280158,0.11767299
919.14661459,0.11729952
919.39043623,0.12580638
919.63426648,0.13155369
919.87810534,0.13767448
920.12195281,0.15045551
920.36580890,0.15296607
920.60967358,0.16390050
920.85354687,0.17041550
921.09742876,0.17182640
921.34131924,0.16773896
921.58521832,0.16902536
921.82912599,0.15856815
922.07304225,0.15419023
922.31696709,0.13754999
922.56090052,0.13885714
922.80484252,0.13051627
923.04879310,0.12099274
923.29275226,0.10854368
923.53671999,0.10084602
923.78069629,0.09105276
924.02468115,0.09099051
924.26867458,0.08516020
924.51267656,0.07478599
924.75668711,0.07038732
925.00070621,0.06881044
925.24473386,0.06731655
925.48877006,0.06185972
925.73281481,0.06183897
925.97686810,0.05771003
926.22092994,0.05690084
926.46500031,0.05484675
926.70907921,0.04754330
926.95316665,0.05028209
927.19726262,0.04609091
927.44136712,0.04970114
927.68548014,0.04005312
927.92960168,0.04837324
928.17373175,0.04123578
928.41787032,0.04167149
928.66201741,0.03934767
928.90617302,0.03416056
929.15033713,0.03138027
929.39450974,0.02951291
929.63869086,0.03019761
929.88288047,0.03291566
930.12707859,0.03299865
930.37128520,0.04011536
930.61550029,0.03287416
930.85972388,0.03631840
931.10395595,0.03196123
931.34819651,0.03750106
931.59244554,0.03752181
931.83670306,0.03623540
932.08096904,0.04438954
932.32524350,0.04692085
932.56952643,0.05088380
932.81381782,0.05233619
933.05811768,0.04660962
933.30242600,0.05899643
933.54674278,0.05675560
933.79106801,0.06420429
934.03540169,0.06478525
934.27974382,0.06542845
934.52409440,0.06860296
934.76845343,0.07422578
935.01282089,0.06827098
935.25719680,0.07063630
935.50158114,0.07430877
935.74597391,0.06887269
935.99037511,0.06623764
936.23478474,0.06891418
936.47920279,0.06733730
936.72362927,0.07636287
936.96806417,0.06569818
937.21250748,0.06868595
937.45695920,0.06534545
937.70141934,0.06204645
937.94588788,0.06291789
938.19036483,0.06227469
938.43485019,0.06947439
938.67934394,0.06227469
938.92384608,0.05843623
939.16835663,0.06125801
939.41287556,0.05968113
939.65740288,0.06298013
939.90193859,0.05324912
940.14648268,0.05569743
940.39103515,0.05117427
940.63559600,0.05862296
940.88016523,0.05414130
941.12474282,0.06098828
941.36932879,0.05835323
941.61392312,0.05901718
941.85852581,0.05758554
942.10313687,0.05582192
942.34775628,0.05702533
942.59238405,0.05466001
942.83702017,0.05484675
943.08166464,0.05694234
943.32631746,0.05766853
943.57097862,0.05312463
943.81564813,0.05441103
944.06032597,0.05409980
944.30501215,0.05387157
944.54970666,0.05528246
944.79440950,0.05163074
945.03912067,0.05071781
945.28384016,0.05472226
945.52856798,0.04613241
945.77330412,0.04793752
946.01804857,0.03953441
946.26280133,0.04102829
946.50756241,0.04171299
946.75233179,0.04223170
946.99710948,0.03947216
947.24189548,0.04391232
947.48668977,0.04086230
947.73149236,0.04609091
947.97630324,0.04165075
948.22112242,0.04036434
948.46594988,0.04677561
948.71078563,0.04175449
948.95562966,0.05121577
949.20048198,0.04117353
949.44534257,0.04208646
949.69021144,0.04497049
949.93508857,0.04660962
950.17997398,0.04401607
950.42486766,0.04067557
950.66976959,0.04851848
950.91467979,0.04455553
951.15959825,0.04538546
951.40452496,0.04158850
951.64945993,0.04138102
951.89440314,0.04700384
952.13935461,0.04158850
952.38431431,0.04192047
952.62928226,0.03667112
952.87425845,0.04119428
953.11924287,0.04196197
953.36423553,0.04044734
953.60923642,0.03914019
953.85424553,0.04077931
954.09926287,0.03625615
954.34428843,0.03413981
954.58932222,0.03314389
954.83436421,0.03494900
955.07941443,0.03073707
955.32447285,0.02667038
955.56953948,0.02959591
955.81461432,0.02868298
956.05969736,0.02664963
956.30478860,0.01907645
956.54988803,0.02229246
956.79499567,0.02088157
957.04011149,0.02177375
957.28523550,0.01608868
957.53036770,0.01789379
957.77550808,0.01741658
958.02065664,0.01781080
958.26581338,0.01544548
958.51097830,0.01752032
958.75615139,0.01405533
959.00133264,0.01924244
959.24652207,0.01432506
959.49171965,0.01824652
959.73692540,0.01563221
959.98213931,0.01471928
960.22736137,0.01615092
960.47259159,0.01934618
960.71782995,0.05121577
960.96307647,0.02208498
961.20833112,0.02411832
961.45359392,0.02963740
961.69886486,0.02857923
961.94414394,0.02828876
962.18943115,0.03048809
962.43472648,0.03127653
962.68002995,0.03621466
962.92534154,0.03735582
963.17066126,0.03339287
963.41598909,0.03748031
963.66132504,0.03976264
963.90666911,0.03976264
964.15202128,0.03797827
964.39738157,0.04820725
964.64274996,0.04385008
964.88812645,0.05121577
965.13351104,0.04598717
965.37890374,0.05210795
965.62430452,0.05160999
965.86971340,0.05476375
966.11513036,0.05717057
966.36055542,0.06053182
966.60598855,0.05756479
966.85142977,0.05627839
967.09687907,0.05156849
967.34233644,0.05507498
967.58780188,0.04903719
967.83327539,0.05092529
968.07875697,0.05602941
968.32424661,0.06358184
968.56974432,0.05889269
968.81525008,0.05476375
969.06076390,0.05463926
969.30628577,0.05484675
969.55181570,0.05910018
969.79735367,0.06034508
970.04289968,0.05584267
970.28845374,0.05878895
970.53401583,0.05851922
970.77958597,0.06594716
971.02516413,0.05903793
971.27075033,0.05883045
971.51634455,0.06013760
971.76194680,0.06758628
972.00755708,0.06204645
972.25317537,0.06250292
972.49880168,0.06258591
972.74443600,0.06015835
972.99007834,0.05922467
973.23572868,0.06090529
973.48138703,0.06026209
973.72705338,0.05858146
973.97272774,0.06293863
974.21841009,0.05818724
974.46410043,0.06030358
974.70979877,0.05897568
974.95550510,0.05324912
975.20121941,0.06163148
975.44694171,0.05891344
975.69267199,0.05891344
975.93841024,0.05752329
976.18415647,0.06708832
976.42991068,0.06559443
976.67567285,0.06362333
976.92144299,0.05893419
977.16722110,0.05995086
977.41300717,0.06654886
977.65880119,0.06397606
977.90460317,0.05706683
978.15041311,0.06598865
978.39623099,0.06100903
978.64205683,0.06623764
978.88789061,0.06173523
979.13373233,0.06225394
979.37958199,0.05455627
979.62543958,0.05021985
979.87130511,0.05005386
980.11717857,0.05131951
980.36305996,0.04424430
980.60894928,0.04536471
980.85484651,0.04285415
981.10075167,0.04250143
981.34666475,0.03918168
981.59258573,0.04017761
981.83851463,0.03635990
982.08445144,0.03997012
982.33039616,0.03428505
982.57634878,0.03486601
982.82230930,0.03202347
983.06827771,0.03965890
983.31425403,0.03762555
983.56023823,0.03592418
983.80623032,0.03974189
984.05223031,0.03353811
984.29823817,0.03488676
984.54425391,0.03801977
984.79027754,0.03067483
985.03630904,0.03903644
985.28234841,0.03748031
985.52839565,0.04146401
985.77445076,0.04090380
986.02051374,0.04366334
986.26658457,0.04416131
986.51266327,0.04611166
986.75874982,0.04492900
987.00484422,0.04914093
987.25094647,0.05075931
987.49705658,0.05038583
987.74317452,0.04953515
987.98930031,0.04920317
988.23543394,0.05134026
988.48157541,0.04901644
988.72772471,0.04885045
988.97388184,0.05638213
989.22004680,0.05073856
989.46621959,0.05459777
989.71240020,0.04733582
989.95858862,0.05206646
990.20478487,0.04497049
990.45098893,0.05540695
990.69720080,0.04631914
990.94342048,0.04650588
991.18964797,0.04580043
991.43588326,0.04575893
991.68212635,0.04042659
991.92837724,0.04316538
992.17463593,0.04042659
992.42090240,0.03600717
992.66717667,0.03619391
992.91345872,0.03714834
993.15974856,0.03146327
993.40604618,0.03544696
993.65235158,0.03171225
993.89866475,0.03250069
994.14498570,0.03567520
994.39131441,0.03102755
994.63765090,0.03430580
994.88399515,0.03007312
995.13034716,0.03436805
995.37670693,0.03575819
995.62307445,0.03227245
995.86944973,0.02806052
996.11583276,0.02959591
996.36222354,0.03144252
996.60862206,0.03106905
996.85502833,0.03007312
997.10144233,0.02994863
997.34786408,0.02461628
997.59429355,0.02241695
997.84073076,0.02496901
998.08717570,0.01909720
998.33362836,0.02061184
998.58008875,0.01810128
998.82655685,0.01808053
999.07303267,0.02494826
999.31951621,0.01810128
999.56600746,0.01428357
999.81250642,0.01486452
1000.05901309,0.01411758
1000.30552746,0.01571521
1000.55204953,0.01102606
1000.79857929,0.01438731
1001.04511676,0.01841250
1001.29166191,0.01986489
1001.53821476,0.01054885
1001.78477529,0.01552847
1002.03134351,0.01536248
1002.27791941,0.01984414
1002.52450299,0.01745808
1002.77109424,0.01527949
1003.01769317,0.01399309
1003.26429976,0.01830876
1003.51091403,0.01550772
1003.75753596,0.01818427
1004.00416555,0.01567371
1004.25080280,0.02015537
1004.49744771,0.01770706
1004.74410027,0.01693936
1004.99076048,0.01625467
1005.23742834,0.01725059
1005.48410384,0.02241695
1005.73078699,0.01720909
1005.97747778,0.01888972
1006.22417620,0.01770706
1006.47088226,0.01644140
1006.71759595,0.01918019
1006.96431727,0.02274892
1007.21104622,0.01835026
1007.45778279,0.02310165
1007.70452698,0.01490602
1007.95127879,0.01812202
1008.19803821,0.01812202
1008.44480524,0.02310165
1008.69157988,0.02413907
1008.93836213,0.02227171
1009.18515199,0.01743733
1009.43194944,0.02073633
1009.67875450,0.02013462
1009.92556715,0.01882747
1010.17238739,0.02332988
1010.41921522,0.02218872
1010.66605064,0.02158701
1010.91289364,0.02073633
1011.15974422,0.01884822
1011.40660239,0.02129653
1011.65346813,0.02009313
1011.90034144,0.03084081
1012.14722232,0.02193974
1012.39411078,0.01913870
1012.64100679,0.02386934
1012.88791037,0.02362036
1013.13482151,0.01974040
1013.38174020,0.02108905
1013.62866645,0.02781154
1013.87560025,0.02833025
1014.12254160,0.02536323
1014.36949049,0.02764555
1014.61644693,0.03127653
1014.86341091,0.02540472
1015.11038242,0.02498976
1015.35736147,0.02841325
1015.60434805,0.02538398
1015.85134216,0.02393159
1016.09834379,0.02235470
1016.34535295,0.02137953
1016.59236963,0.02167001
1016.83939383,0.02243770
1017.08642554,0.02229246
1017.33346476,0.01878597
1017.58051150,0.01874448
1017.82756574,0.01627541
1018.07462748,0.01465704
1018.32169673,0.01733358
1018.56877347,0.01169001
1018.81585771,0.01810128
1019.06294945,0.01459479
1019.31004867,0.01079783
1019.55715538,0.01054885
1019.80426957,0.01679413
1020.05139125,0.01926319
1020.29852041,0.01880672
1020.54565704,0.01198049
1020.79280114,0.01430431
1021.03995272,0.01036211
1021.28711177,0.01702236
1021.53427828,0.01432506
1021.78145225,0.01637916
1022.02863368,0.00926245
1022.27582257,0.01112980
1022.52301891,0.01613018
1022.77022270,0.01417982
1023.01743395,0.01158627
1023.26465263,0.01179375
1023.51187876,0.00388860
1023.75911234,0.00822502
1024.00635335,0.00654440
1024.25360179,0.00712536
1024.50085766,0.00693862
1024.74812097,0.00793455
1024.99539170,0.00536174
1025.24266985,0.00662739
1025.48995543,0.00378486
1025.73724842,0.00799679
1025.98454883,0.00959442
1026.23185665,0.00363962
1026.47917188,0.00393010
1026.72649452,0.00724985
1026.97382456,0.00675189
1027.22116200,0.00374336
1027.46850685,0.00390935
1027.71585908,0.00471854
1027.96321872,0.00272669
1028.21058574,0.00216648
1028.45796014,-0.01412104
1028.70534194,-0.01225368
1028.95273111,-0.01293838
1029.20012767,-0.01163122
1029.44753160,-0.01202544
1029.69494290,-0.01107102
