198.80933475,0.00681768
199.01143578,0.00772762
199.21355429,0.00199912
199.41569028,0.00063420
199.61784374,0.00135802
199.82001468,0.00102713
200.02220309,0.00357084
200.22440896,-0.00058595
200.42663230,0.00274362
200.62887310,0.00092373
200.83113136,0.00375696
201.03340708,0.00036536
201.23570025,0.00301246
201.43801087,0.00423261
201.64033894,0.00435670
201.84268445,0.00297110
202.04504741,0.00237137
202.24742780,0.00160619
202.44982564,0.00193708
202.65224090,-0.00250924
202.85467360,0.00404649
203.05712372,0.00299178
203.25959128,-0.00025506
203.46207625,0.00412921
203.66457864,0.00065488
203.86709846,0.00332267
204.06963568,0.00427398
204.27219032,0.00204048
204.47476237,0.00189571
204.67735182,0.00077897
204.87995868,0.01138808
205.08258293,0.00561821
205.28522459,0.00146142
205.48788364,0.00274362
205.69056008,0.00301246
205.89325391,0.00514256
206.09596513,0.00241273
206.29869374,0.00485303
206.50143972,0.00570093
206.70420308,0.00282634
206.90698382,0.00144074
207.10978194,0.00082033
207.31259742,0.00549413
207.51543027,0.00042740
207.71828048,0.00222660
207.92114806,0.00224728
208.12403299,0.00766558
208.32693528,0.00187503
208.52985493,0.00251613
208.73279193,-0.00315033
208.93574627,0.00826532
209.13871796,0.00406717
209.34170699,0.00468759
209.54471336,-0.00155793
209.74773707,0.00255749
209.95077811,0.00154415
210.15383649,0.00170959
210.35691219,0.00218524
210.56000522,0.00412921
210.76311557,0.00073761
210.96624324,0.00584570
211.16938823,0.00040672
211.37255053,0.00239205
211.57573015,0.00051012
211.77892707,0.00228865
211.98214130,0.00104781
212.18537284,0.00239205
212.38862167,0.00082033
212.59188781,0.00104781
212.79517124,0.00212320
212.99847196,-0.00056527
213.20178997,0.00423261
213.40512527,0.00646611
213.60847785,0.00154415
213.81184772,0.00146142
214.01523486,-0.00044118
214.21863928,0.00390173
214.42206097,0.00386037
214.62549993,0.00423261
214.82895616,0.00100645
215.03242966,0.00272294
215.23592042,-0.00039982
215.43942843,0.00175095
215.64295370,0.00222660
215.84649623,0.00166823
216.05005601,0.00683836
216.25363303,0.00317791
216.45722731,0.00427398
216.66083882,-0.00079275
216.86446757,0.00185435
217.06811356,0.00009651
217.27177679,0.00460486
217.47545724,0.00278498
217.67915493,0.00086169
217.88286984,0.00305382
218.08660198,0.00443942
218.29035133,0.00692108
218.49411790,0.00683836
218.69790169,0.00226796
218.90170269,0.00148210
219.10552090,0.00696244
219.30935632,0.00336403
219.51320894,0.00208184
219.71707876,0.00017923
219.92096578,0.00371560
220.12486999,0.00079965
220.32879140,0.00446010
220.53272999,-0.00050323
220.73668578,0.00336403
220.94065875,0.00522528
221.14464890,0.00208184
221.34865623,0.00237137
221.55268073,0.00071692
221.75672241,-0.00153725
221.96078126,0.00055148
222.16485728,-0.00193018
222.36895046,0.00019991
222.57306080,0.00309519
222.77718831,0.00255749
222.98133297,-0.00197154
223.18549478,0.00297110
223.38967375,-0.00083411
223.59386986,-0.00135113
223.79808312,0.00129598
224.00231352,0.00193708
224.20656106,0.00481167
224.41082574,0.00379832
224.61510756,0.00793443
224.81940650,0.00030331
225.02372258,0.00063420
225.22805578,0.00139938
225.43240610,-0.00238515
225.63677355,0.00340539
225.84115811,-0.00085480
226.04555979,0.00247477
226.24997858,-0.00130977
226.45441448,0.00233001
226.65886748,0.00305382
226.86333759,0.00249545
227.06782480,0.00199912
227.27232911,0.00055148
227.47685052,0.00127530
227.68138902,0.00474963
227.88594461,0.00065488
228.09051728,0.00119258
228.29510704,0.00253681
228.49971389,0.00625931
228.70433781,0.00462554
228.90897881,0.00417057
229.11363688,0.00185435
229.31831202,0.00375696
229.52300423,0.00150278
229.72771350,0.00201980
229.93243984,0.00011719
230.13718324,0.00181299
230.34194369,0.00259885
230.54672120,0.00514256
230.75151576,0.00162687
230.95632737,0.00609386
231.16115602,0.00247477
231.36600172,0.00150278
231.57086446,-0.00029642
231.77574423,0.00290906
231.98064104,-0.00112364
232.18555488,0.00270226
232.39048575,0.00119258
232.59543365,0.00015855
232.80039857,-0.00013098
233.00538051,0.00425330
233.21037947,0.00417057
233.41539544,0.01595847
233.62042843,0.00156483
233.82547842,0.00189571
234.03054543,0.00439806
234.23562943,0.00090305
234.44073044,0.00218524
234.64584845,0.00361220
234.85098345,0.00115122
235.05613545,0.00127530
235.26130444,0.00268158
235.46649041,0.00175095
235.67169337,0.00596978
235.87691331,0.00698312
236.08215023,0.00106849
236.28740413,0.00392241
236.49267500,0.00158551
236.69796284,-0.00011030
236.90326765,0.00421193
237.10858942,0.00272294
237.31392816,0.00456350
237.51928386,0.00491507
237.72465651,0.00046876
237.93004612,0.00100645
238.13545268,-0.00039982
238.34087619,0.00559753
238.54631664,0.00249545
238.75177404,0.00092373
238.95724838,-0.00066867
239.16273965,0.00299178
239.36824786,0.00671428
239.57377300,0.00282634
239.77931508,0.00400513
239.98487407,0.00212320
240.19045000,0.00235069
240.39604284,0.00282634
240.60165260,-0.00029642
240.80727928,0.00344675
241.01292287,0.00191640
241.21858337,0.00355016
241.42426077,0.00065488
241.62995508,0.00365356
241.83566630,0.00046876
242.04139441,0.00352948
242.24713941,0.00148210
242.45290131,0.00299178
242.65868010,0.00156483
242.86447578,0.00026195
243.07028835,0.00539072
243.27611779,0.00582502
243.48196412,0.00456350
243.68782732,0.00030331
243.89370739,0.00173027
244.09960434,-0.00019302
244.30551816,0.00392241
244.51144884,0.00319859
244.71739638,0.00371560
244.92336078,0.00288838
245.12934204,0.00226796
245.33534016,0.00268158
245.54135512,-0.00124773
245.74738694,0.00084101
245.95343560,0.00102713
246.15950110,0.00499779
246.36558345,0.00168891
246.57168263,0.00243341
246.77779865,0.00183367
246.98393150,0.00379832
247.19008118,0.00096509
247.39624769,0.00522528
247.60243102,0.00197844
247.80863117,0.00545277
248.01484814,0.00187503
248.22108192,0.00284702
248.42733252,-0.00141317
248.63359993,0.00090305
248.83988415,-0.00075139
249.04618517,0.00599046
249.25250299,0.00028263
249.45883761,-0.00035846
249.66518903,0.00183367
249.87155724,0.00059284
250.07794224,0.00503916
250.28434403,0.00319859
250.49076260,0.00694176
250.69719796,-0.00108228
250.90365009,-0.00102024
251.11011901,-0.00097888
251.31660469,0.00408785
251.52310715,0.00162687
251.72962638,0.00317791
251.93616237,0.00168891
252.14271513,0.00173027
252.34928464,0.00102713
252.55587091,0.00077897
252.76247394,0.00173027
252.96909372,0.00301246
253.17573025,0.00100645
253.38238352,-0.00017234
253.58905354,0.00247477
253.79574030,0.00261953
254.00244380,0.00270226
254.20916403,0.00652815
254.41590099,0.00594910
254.62265469,0.00115122
254.82942511,0.00183367
255.03621225,0.00051012
255.24301612,0.00342607
255.44983670,0.00075829
255.65667400,0.00508052
255.86352802,0.00100645
256.07039874,-0.00126841
256.27728617,0.00121326
256.48419031,0.00334335
256.69111115,0.00406717
256.89804868,0.00019991
257.10500292,-0.00008962
257.31197384,0.00321927
257.51896146,0.00828600
257.72596577,-0.00159929
257.93298676,0.00135802
258.14002443,0.00342607
258.34707878,0.00104781
258.55414981,0.00280566
258.76123752,0.00092373
258.96834190,0.00514256
259.17546294,0.00071692
259.38260065,-0.00110296
259.58975502,-0.00011030
259.79692606,0.00162687
260.00411375,0.00160619
260.21131810,-0.00157861
260.41853909,0.00357084
260.62577674,0.00179231
260.83303103,0.00079965
261.04030197,-0.00199222
261.24758955,-0.00006894
261.45489377,0.00276430
261.66221462,0.00328131
261.86955210,0.00448078
262.07690622,0.00135802
262.28427696,-0.00085480
262.49166433,-0.00224039
262.69906831,0.00319859
262.90648892,-0.00205427
263.11392614,-0.00031710
263.32137998,0.00284702
263.52885042,0.00317791
263.73633747,0.00607318
263.94384113,-0.00075139
264.15136139,0.00201980
264.35889825,0.00799647
264.56645171,0.00423261
264.77402176,0.00204048
264.98160840,0.00230933
265.18921163,-0.00035846
265.39683144,-0.00151657
265.60446784,0.00760354
265.81212081,-0.00128909
266.01979037,0.00433602
266.22747650,-0.00093752
266.43517920,0.00214388
266.64289847,0.00017923
266.85063430,0.00098577
267.05838670,-0.00114432
267.26615566,0.00355016
267.47394117,-0.00236447
267.68174324,-0.00093752
267.88956187,0.00394309
268.09739704,0.00338471
268.30524876,0.00253681
268.51311702,0.00613522
268.72100183,-0.00350190
268.92890317,-0.00050323
269.13682105,-0.00190950
269.34475546,-0.00104092
269.55270640,0.00073761
269.76067387,0.00168891
269.96865786,0.00036536
270.17665838,0.00019991
270.38467541,0.00036536
270.59270896,0.00348812
270.80075902,-0.00089616
271.00882560,0.00359152
271.21690868,-0.00077207
271.42500826,0.00328131
271.63312435,0.00129598
271.84125694,0.00144074
272.04940602,0.00596978
272.25757160,0.00048944
272.46575367,0.00270226
272.67395223,0.00191640
272.88216727,0.00071692
273.09039880,0.00605250
273.29864681,0.00160619
273.50691129,0.00191640
273.71519225,0.00241273
273.92348968,0.00319859
274.13180358,0.00127530
274.34013395,0.00084101
274.54848077,0.00150278
274.75684406,0.00313655
274.96522381,0.00131666
275.17362001,-0.00159929
275.38203267,0.00450146
275.59046177,0.00363288
275.79890732,0.00094441
276.00736932,0.00239205
276.21584776,-0.00178542
276.42434263,0.00100645
276.63285394,-0.00277808
276.84138169,-0.00108228
277.04992586,0.00264021
277.25848646,0.00247477
277.46706349,0.00216456
277.67565694,-0.00294353
277.88426680,-0.00095820
278.09289309,-0.00099956
278.30153578,-0.00118568
278.51019489,0.00489439
278.71887041,0.00071692
278.92756233,0.00398445
279.13627065,0.00410853
279.34499537,0.00245409
279.55373649,0.00400513
279.76249401,0.00977500
279.97126791,0.00390173
280.18005820,0.00181299
280.38886488,0.00332267
280.59768795,-0.00058595
280.80652739,0.00247477
281.01538321,0.00034468
281.22425540,0.00218524
281.43314397,0.00183367
281.64204891,-0.00077207
281.85097021,0.00319859
282.05990788,0.00195776
282.26886190,0.00073761
282.47783229,-0.00029642
282.68681903,0.00245409
282.89582212,0.00015855
283.10484156,0.00139938
283.31387735,0.00127530
283.52292949,-0.00017234
283.73199796,0.00208184
283.94108277,0.00251613
284.15018392,0.00046876
284.35930141,0.00067556
284.56843522,0.00197844
284.77758536,0.00433602
284.98675183,0.00208184
285.19593461,0.00601114
285.40513372,0.00270226
285.61434914,0.00369492
285.82358088,-0.00325374
286.03282893,-0.00035846
286.24209328,0.00274362
286.45137395,0.00073761
286.66067091,0.00355016
286.86998417,0.00170959
287.07931373,0.00323995
287.28865959,0.00390173
287.49802174,0.00113054
287.70740017,-0.00027574
287.91679489,0.00077897
288.12620590,0.00162687
288.33563318,-0.00161997
288.54507675,0.00319859
288.75453658,0.00071692
288.96401269,0.00092373
289.17350507,-0.00068935
289.38301372,0.00404649
289.59253863,0.00106849
289.80207980,0.00549413
290.01163723,0.00235069
290.22121091,0.00446010
290.43080085,0.00295042
290.64040703,0.00328131
290.85002947,0.00284702
291.05966815,0.00537004
291.26932307,0.00423261
291.47899422,0.00127530
291.68868162,0.00398445
291.89838525,0.00201980
292.10810511,0.00429466
292.31784119,0.00183367
292.52759350,-0.00083411
292.73736204,0.00170959
292.94714679,0.00127530
293.15694776,0.00131666
293.36676494,-0.00128909
293.57659834,0.00148210
293.78644794,-0.00176474
293.99631375,-0.00035846
294.20619576,0.00344675
294.41609397,0.00648679
294.62600838,0.00175095
294.83593898,0.00309519
295.04588578,-0.00027574
295.25584876,-0.00153725
295.46582793,0.00125462
295.67582328,0.00297110
295.88583481,0.00001379
296.09586253,-0.00073071
296.30590641,0.00241273
296.51596647,0.00177163
296.72604270,0.00084101
296.93613509,0.00439806
297.14624365,-0.00308829
297.35636837,0.00001379
297.56650925,0.00150278
297.77666629,0.00044808
297.98683947,-0.00257128
298.19702881,0.00226796
298.40723429,0.00276430
298.61745592,0.00292974
298.82769369,0.00350880
299.03794760,0.00584570
299.24821765,-0.00042050
299.45850383,0.00439806
299.66880614,0.00065488
299.87912458,-0.00122704
300.08945914,-0.00236447
300.29980983,0.00195776
300.51017663,0.00239205
300.72055955,0.00690040
300.93095859,0.00228865
301.14137374,0.00065488
301.35180499,-0.00168202
301.56225235,0.00088237
301.77271582,-0.00273672
301.98319538,0.00983704
302.19369105,-0.00133045
302.40420280,-0.00097888
302.61473065,0.00410853
302.82527459,0.00383968
303.03583461,-0.00147521
303.24641072,0.00055148
303.45700291,0.00222660
303.66761117,0.00297110
303.87823552,0.00193708
304.08887593,0.00220592
304.29953241,-0.00141317
304.51020496,-0.00263332
304.72089358,0.00309519
304.93159825,0.00348812
305.14231899,-0.00042050
305.35305578,0.00371560
305.56380862,0.00321927
305.77457752,0.00251613
305.98536246,0.00071692
306.19616344,0.00139938
306.40698047,0.00371560
306.61781354,-0.00075139
306.82866264,0.00408785
307.03952778,0.00421193
307.25040895,0.00230933
307.46130614,0.00183367
307.67221937,-0.00060663
307.88314861,0.00175095
308.09409387,0.00257817
308.30505515,0.00191640
308.51603245,0.00224728
308.72702576,-0.00015166
308.93803507,-0.00031710
309.14906039,0.00179231
309.36010172,0.00046876
309.57115904,0.00266089
309.78223236,0.00137870
309.99332168,0.00276430
310.20442699,0.00264021
310.41554829,0.00290906
310.62668557,-0.00075139
310.83783884,0.00158551
311.04900809,-0.00263332
311.26019332,0.00088237
311.47139452,0.00135802
311.68261169,0.00270226
311.89384484,0.00448078
312.10509395,0.00181299
312.31635903,0.00218524
312.52764007,0.00067556
312.73893706,-0.00110296
312.95025002,-0.00029642
313.16157892,-0.00246788
313.37292378,0.00559753
313.58428458,0.00084101
313.79566133,0.00015855
314.00705402,0.00313655
314.21846266,0.00094441
314.42988722,-0.00054459
314.64132772,0.00179231
314.85278416,0.00084101
315.06425652,0.00764490
315.27574480,-0.00170270
315.48724901,0.00278498
315.69876914,-0.00054459
315.91030518,0.00148210
316.12185715,0.00009651
316.33342502,0.00214388
316.54500880,0.00166823
316.75660848,0.00472895
316.96822407,0.00175095
317.17985556,0.00075829
317.39150295,0.00042740
317.60316624,0.00361220
317.81484541,0.00106849
318.02654048,0.00057216
318.23825143,0.00398445
318.44997826,0.00075829
318.66172098,0.00183367
318.87347957,0.00390173
319.08525404,0.00173027
319.29704439,0.00152347
319.50885060,0.00051012
319.72067268,0.00315723
319.93251063,0.00156483
320.14436443,0.00084101
320.35623410,0.00661088
320.56811962,0.00466691
320.78002100,-0.00035846
320.99193822,0.00048944
321.20387130,-0.00052391
321.41582021,0.00187503
321.62778498,0.00526664
321.83976558,0.00243341
322.05176201,0.00230933
322.26377428,0.00079965
322.47580239,0.00466691
322.68784632,0.00408785
322.89990607,0.00040672
323.11198165,0.00055148
323.32407305,0.00082033
323.53618027,0.00183367
323.74830330,0.00071692
323.96044215,0.00307451
324.17259680,0.00454282
324.38476726,0.00359152
324.59695352,-0.00004825
324.80915558,0.00102713
325.02137344,-0.00000689
325.23360710,0.00009651
325.44585655,0.00243341
325.65812178,0.00317791
325.87040281,-0.00178542
326.08269962,0.00319859
326.29501221,-0.00118568
326.50734058,0.00379832
326.71968472,0.00088237
326.93204464,0.00638339
327.14442032,0.00446010
327.35681178,0.00187503
327.56921900,0.00028263
327.78164198,0.00092373
327.99408072,-0.00257128
328.20653522,0.00261953
328.41900547,-0.00015166
328.63149147,0.00061352
328.84399322,0.00017923
329.05651071,0.00137870
329.26904395,-0.00087548
329.48159293,0.00276430
329.69415764,-0.00112364
329.90673809,0.00276430
330.11933427,0.00106849
330.33194617,0.00398445
330.54457381,0.00022059
330.75721716,-0.00085480
330.96987624,0.00011719
331.18255104,0.00166823
331.39524154,0.00619726
331.60794777,0.00266089
331.82066970,0.00026195
332.03340733,-0.00037914
332.24616067,0.00485303
332.45892971,0.00100645
332.67171445,0.00274362
332.88451489,0.00292974
333.09733102,0.00162687
333.31016283,0.00053080
333.52301034,0.00001379
333.73587352,-0.00114432
333.94875239,0.00013787
334.16164694,0.00059284
334.37455717,-0.00387415
334.58748306,0.00369492
334.80042463,0.00439806
335.01338187,-0.00157861
335.22635477,0.00429466
335.43934333,0.00057216
335.65234755,0.00586638
335.86536743,0.00487371
336.07840296,-0.00087548
336.29145415,-0.00153725
336.50452098,0.00142006
336.71760345,0.00249545
336.93070157,0.00280566
337.14381533,-0.00017234
337.35694473,-0.00077207
337.57008976,0.00332267
337.78325042,0.00011719
337.99642671,0.00150278
338.20961863,0.00266089
338.42282617,0.00355016
338.63604933,-0.00279876
338.84928810,0.00148210
339.06254250,0.00264021
339.27581250,0.00245409
339.48909812,0.00315723
339.70239934,0.00392241
339.91571616,0.00150278
340.12904859,0.00220592
340.34239661,-0.00259196
340.55576023,0.00241273
340.76913945,0.00365356
340.98253425,0.00137870
341.19594464,0.00075829
341.40937061,0.00046876
341.62281217,0.00233001
341.83626930,0.00650747
342.04974201,0.00230933
342.26323030,-0.00269536
342.47673415,0.00313655
342.69025357,0.00727265
342.90378856,-0.00027574
343.11733911,0.00309519
343.33090522,0.00394309
343.54448688,-0.00008962
343.75808410,-0.00031710
343.97169687,0.00373628
344.18532519,-0.00021370
344.39896906,0.00139938
344.61262847,-0.00099956
344.82630341,0.00348812
345.03999390,0.00336403
345.25369992,0.00454282
345.46742147,0.00640407
345.68115855,0.00421193
345.89491115,0.00142006
346.10867928,0.00048944
346.32246293,0.00307451
346.53626210,-0.00279876
346.75007679,-0.00068935
346.96390698,0.00284702
347.17775269,0.00224728
347.39161390,0.00007583
347.60549061,0.00352948
347.81938283,-0.00006894
348.03329055,0.00365356
348.24721376,0.00201980
348.46115246,0.00278498
348.67510665,0.00022059
348.88907634,0.00102713
349.10306150,-0.00046187
349.31706215,-0.00085480
349.53107828,0.00191640
349.74510988,0.00100645
349.95915696,0.00295042
350.17321950,0.00230933
350.38729752,0.00576297
350.60139100,-0.00054459
350.81549994,0.00053080
351.02962435,-0.00110296
351.24376421,0.00373628
351.45791952,0.00040672
351.67209028,0.00071692
351.88627650,-0.00112364
352.10047816,0.00038604
352.31469526,0.00342607
352.52892780,0.00284702
352.74317578,0.00375696
352.95743919,0.00245409
353.17171804,0.00150278
353.38601232,0.00433602
353.60032202,-0.00031710
353.81464714,0.00528732
354.02898769,-0.00209563
354.24334365,-0.00116500
354.45771503,-0.00294353
354.67210182,0.00317791
354.88650403,0.00270226
355.10092164,0.00501847
355.31535465,-0.00039982
355.52980306,0.00969227
355.74426687,0.00160619
355.95874608,0.00237137
356.17324069,0.00367424
356.38775068,-0.00039982
356.60227606,0.00129598
356.81681682,-0.00108228
357.03137297,-0.00199222
357.24594449,0.00423261
357.46053139,0.00348812
357.67513367,0.00460486
357.88975132,0.00185435
358.10438433,-0.00027574
358.31903271,0.00264021
358.53369645,0.00129598
358.74837556,-0.00323306
358.96307002,0.00315723
359.17777983,-0.00172338
359.39250499,0.00166823
359.60724551,0.00181299
359.82200137,0.00243341
360.03677257,-0.00141317
360.25155911,-0.00081343
360.46636100,0.00168891
360.68117821,-0.00366735
360.89601076,-0.00122704
361.11085864,0.00355016
361.32572184,-0.00327442
361.54060037,0.00276430
361.75549422,0.00187503
361.97040338,0.00328131
362.18532786,0.00477031
362.40026766,0.00028263
362.61522276,0.00235069
362.83019318,0.00468759
363.04517889,0.00086169
363.26017991,-0.00106160
363.47519623,0.00135802
363.69022784,0.00367424
363.90527474,-0.00044118
364.12033694,0.00545277
364.33541442,-0.00039982
364.55050719,-0.00071003
364.76561524,-0.00159929
364.98073857,0.00125462
365.19587718,-0.00011030
365.41103106,0.00168891
365.62620021,-0.00029642
365.84138463,0.00247477
366.05658432,0.00214388
366.27179927,0.00377764
366.48702948,0.00019991
366.70227494,0.00106849
366.91753566,0.00088237
367.13281163,0.00228865
367.34810285,-0.00321238
367.56340932,0.00121326
367.77873103,0.00185435
367.99406798,0.00113054
368.20942017,-0.00176474
368.42478759,0.00185435
368.64017025,-0.00023438
368.85556813,0.00510120
369.07098125,-0.00004825
369.28640958,0.00220592
369.50185314,0.00125462
369.71731191,0.00284702
369.93278590,-0.00271604
370.14827511,0.00284702
370.36377952,-0.00236447
370.57929914,0.00022059
370.79483397,0.00386037
371.01038400,0.00110985
371.22594922,0.00137870
371.44152965,0.00059284
371.65712526,0.00071692
371.87273607,-0.00097888
372.08836206,0.00361220
372.30400324,0.00299178
372.51965960,-0.00112364
372.73533114,0.00245409
372.95101786,-0.00035846
373.16671976,0.00412921
373.38243682,0.00326063
373.59816905,0.00110985
373.81391645,-0.00250924
374.02967901,0.00216456
374.24545673,0.00086169
374.46124961,-0.00048255
374.67705764,-0.00048255
374.89288082,0.00042740
375.10871916,0.00125462
375.32457264,0.00100645
375.54044126,-0.00050323
375.75632503,0.00565957
375.97222393,0.00036536
376.18813797,-0.00093752
376.40406713,0.00007583
376.62001143,0.00185435
376.83597086,-0.00170270
377.05194541,-0.00066867
377.26793508,0.00338471
377.48393987,0.00102713
377.69995978,0.00086169
377.91599480,0.00046876
378.13204493,0.00110985
378.34811016,0.00346744
378.56419050,0.00460486
378.78028595,0.00386037
378.99639649,0.00017923
379.21252213,-0.00013098
379.42866286,0.00365356
379.64481868,-0.00060663
379.86098960,0.00421193
380.07717559,0.00210252
380.29337667,0.00129598
380.50959283,-0.00046187
380.72582407,0.00079965
380.94207038,0.00154415
381.15833176,0.00063420
381.37460821,-0.00031710
381.59089972,0.00146142
381.80720630,0.00212320
382.02352794,0.00059284
382.23986464,0.00338471
382.45621639,0.00125462
382.67258319,0.00152347
382.88896505,0.00053080
383.10536195,0.00381900
383.32177389,0.00069624
383.53820087,0.00154415
383.75464289,-0.00023438
383.97109995,0.00175095
384.18757204,-0.00114432
384.40405916,0.00022059
384.62056131,-0.00346054
384.83707848,0.00133734
385.05361067,-0.00058595
385.27015788,0.00181299
385.48672011,0.00311587
385.70329735,0.00406717
385.91988960,0.00201980
386.13649686,-0.00083411
386.35311912,0.00235069
386.56975639,0.00168891
386.78640865,0.00268158
387.00307592,-0.00064799
387.21975817,-0.00182678
387.43645542,0.00129598
387.65316765,-0.00044118
387.86989487,0.00274362
388.08663707,0.00127530
388.30339426,-0.00039982
388.52016641,0.00208184
388.73695355,0.00433602
388.95375565,0.00274362
389.17057273,-0.00077207
389.38740477,0.00417057
389.60425177,0.00253681
389.82111374,-0.00178542
390.03799066,0.00510120
390.25488253,0.00042740
390.47178936,0.00005515
390.68871114,0.00375696
390.90564787,0.00092373
391.12259954,-0.00048255
391.33956614,0.00106849
391.55654769,-0.00008962
391.77354418,0.00220592
391.99055559,0.00177163
392.20758194,0.00084101
392.42462321,0.00292974
392.64167941,0.00346744
392.85875053,0.00386037
393.07583657,0.00048944
393.29293752,0.00237137
393.51005339,0.00417057
393.72718417,0.00297110
393.94432986,0.00214388
394.16149045,0.00270226
394.37866594,0.00264021
394.59585634,0.00394309
394.81306163,0.00425330
395.03028181,0.00423261
395.24751689,0.00710721
395.46476685,0.00158551
395.68203170,0.00443942
395.89931143,0.00516324
396.11660604,0.00489439
396.33391553,0.00468759
396.55123990,0.00201980
396.76857913,0.00452214
396.98593324,0.00328131
397.20330221,-0.00147521
397.42068604,0.00113054
397.63808474,-0.00133045
397.85549829,0.00508052
398.07292670,0.00632135
398.29036996,0.00412921
398.50782807,0.00526664
398.72530103,0.00745878
398.94278883,0.00268158
399.16029147,0.00563889
399.37780895,0.00177163
399.59534127,0.00650747
399.81288841,0.00423261
400.03045039,0.00727265
400.24802720,0.00890641
400.46561883,0.00266089
400.68322529,0.00160619
400.90084656,0.00206116
401.11848265,0.00477031
401.33613355,0.00373628
401.55379926,0.00166823
401.77147978,0.00574229
401.98917511,0.00675564
402.20688524,0.00328131
402.42461017,0.00241273
402.64234989,0.00456350
402.86010441,0.00183367
403.07787372,0.00489439
403.29565782,0.00454282
403.51345670,0.00421193
403.73127037,0.00429466
403.94909882,0.00038604
404.16694205,0.00625931
404.38480005,0.00402581
404.60267282,0.00183367
404.82056036,0.00131666
405.03846267,0.00580433
405.25637974,0.00847212
405.47431157,0.00586638
405.69225816,0.00371560
405.91021951,0.00388105
406.12819561,0.00193708
406.34618645,0.00301246
406.56419205,0.00373628
406.78221239,0.00481167
407.00024747,0.00752082
407.21829729,0.00013787
407.43636184,0.00607318
407.65444113,0.00342607
407.87253515,0.00741742
408.09064390,0.00373628
408.30876737,0.00532868
408.52690556,0.00599046
408.74505847,0.00307451
408.96322610,0.00667292
409.18140844,0.00286770
409.39960550,0.00381900
409.61781726,0.00518392
409.83604372,0.00363288
410.05428489,0.00710721
410.27254076,0.00131666
410.49081133,0.00743810
410.70909659,0.00520460
410.92739654,0.00305382
411.14571118,0.00601114
411.36404051,0.00419125
411.58238452,0.00814123
411.80074321,0.00605250
412.01911658,0.00694176
412.23750462,0.00768626
412.45590734,0.00446010
412.67432472,0.00627999
412.89275677,0.00586638
413.11120349,0.00485303
413.32966486,0.00255749
413.54814090,0.00495643
413.76663159,0.00762422
413.98513693,0.00359152
414.20365692,0.00228865
414.42219156,0.00642475
414.64074084,0.00299178
414.85930477,0.00553549
415.07788333,0.00003447
415.29647653,0.00532868
415.51508437,0.00274362
415.73370683,0.00323995
415.95234392,0.00421193
416.17099564,0.00747946
416.38966198,0.00537004
416.60834294,0.00470827
416.82703851,0.00485303
417.04574870,-0.00033778
417.26447350,0.00460486
417.48321291,0.00402581
417.70196692,0.00311587
417.92073554,0.00592842
418.13951875,0.00673496
418.35831657,0.00142006
418.57712898,0.00249545
418.79595598,0.01027133
419.01479757,0.00752082
419.23365374,0.00588706
419.45252450,0.00359152
419.67140984,0.00776898
419.89030975,0.00826532
420.10922425,0.01016793
420.32815331,0.00402581
420.54709694,0.00764490
420.76605514,0.00574229
420.98502791,0.00383968
421.20401523,0.00226796
421.42301712,0.00410853
421.64203356,0.00884437
421.86106455,0.00350880
422.08011009,0.00398445
422.29917018,0.00965091
422.51824482,0.00615590
422.73733399,0.00307451
422.95643771,0.00934070
423.17555596,0.00576297
423.39468875,0.00526664
423.61383606,0.00570093
423.83299790,0.00563889
424.05217427,0.00592842
424.27136516,0.00816191
424.49057057,0.00433602
424.70979050,0.00433602
424.92902494,0.00791375
425.14827390,0.00623863
425.36753736,0.00816191
425.58681532,0.01223598
425.80610779,0.00985772
426.02541476,0.00894777
426.24473623,0.00501847
426.46407219,0.00783103
426.68342265,0.00419125
426.90278759,0.00830668
427.12216702,0.00692108
427.34156093,0.00656951
427.56096933,0.01056086
427.78039220,0.01240142
427.99982955,0.00809987
428.21928137,0.00797579
428.43874766,0.00427398
428.65822841,0.00739674
428.87772363,0.01025065
429.09723331,0.00640407
429.31675745,0.00522528
429.53629605,0.00594910
429.75584910,0.00851348
429.97541660,0.00907186
430.19499854,0.00472895
430.41459494,0.01006452
430.63420577,0.00929934
430.85383104,0.00851348
431.07347075,0.01012656
431.29312489,0.01289776
431.51279347,0.00812055
431.73247647,0.00747946
431.95217390,0.00911322
432.17188574,0.01045745
432.39161201,0.00865825
432.61135270,0.00669360
432.83110780,0.00927866
433.05087731,0.01314592
433.27066123,0.00650747
433.49045956,0.00973363
433.71027229,0.00696244
433.93009942,0.01082970
434.14994095,0.01016793
434.36979687,0.00863757
434.58966718,0.01002316
434.80955189,0.01120195
435.02945098,0.01140876
435.24936445,0.01678569
435.46929230,0.01068494
435.68923454,0.01173965
435.90919115,0.01213258
436.12916213,0.01293912
436.34914748,0.01370430
436.56914720,0.01417995
436.78916128,0.01074698
437.00918972,0.01165692
437.22923252,0.01080902
437.44928968,0.01281503
437.66936119,0.01252551
437.88944706,0.01506921
438.10954727,0.01442811
438.32966182,0.01531738
438.54979072,0.01252551
438.76993395,0.02011526
438.99009153,0.01614460
439.21026343,0.01581371
439.43044967,0.01901919
439.65065024,0.02143881
439.87086513,0.01513125
440.09109434,0.01717862
440.31133788,0.01463492
440.53159573,0.02079772
440.75186789,0.01477968
440.97215437,0.01494513
441.19245516,0.01693046
441.41277025,0.01374566
441.63309964,0.01604120
441.85344334,0.01835741
442.07380133,0.01442811
442.29417362,0.01568963
442.51456020,0.01531738
442.73496107,0.01626868
442.95537623,0.01595847
443.17580567,0.01906055
443.39624939,0.01850218
443.61670739,0.01602052
443.83717967,0.01755087
444.05766622,0.01666161
444.27816704,0.01881239
444.49868212,0.01291844
444.71921147,0.01283571
444.93975509,0.01701318
445.16031296,0.01808857
445.38088508,0.01825401
445.60147147,0.01717862
445.82207210,0.01436607
446.04268698,0.01666161
446.26331610,0.01951552
446.48395947,0.01252551
446.70461707,0.01798517
446.92528892,0.01293912
447.14597499,0.01912259
447.36667530,0.01153284
447.58738984,0.02059091
447.80811860,0.01686842
448.02886158,0.01550350
448.24961879,0.01602052
448.47039021,0.01792312
448.69117585,0.02528539
448.91197570,0.02094248
449.13278975,0.01554486
449.35361802,0.01730271
449.57446049,0.01924668
449.79531715,0.01200849
450.01618802,0.01401450
450.23707308,0.01345613
450.45797234,0.01912259
450.67888578,0.01459356
450.89981341,0.01469696
451.12075522,0.01744747
451.34171122,0.01823333
451.56268139,0.01959825
451.78366574,0.01835741
452.00466426,0.01858490
452.22567696,0.01300116
452.44670382,0.01628936
452.66774484,0.01145012
452.88880003,0.02019798
453.10986938,0.01560690
453.33095288,0.01968097
453.55205053,0.01655821
453.77316234,0.01568963
453.99428830,0.01773700
454.21542840,0.01537942
454.43658264,0.01899851
454.65775102,0.01974301
454.87893354,0.01817129
455.10013019,0.01972233
455.32134098,0.02253488
455.54256589,0.02236944
455.76380493,0.01690978
455.98505809,0.01746815
456.20632537,0.02048751
456.42760677,0.01903987
456.64890229,0.01709590
456.87021191,0.02243148
457.09153565,0.01974301
457.31287349,0.01999118
457.53422544,0.02545084
457.75559149,0.02321734
457.97697163,0.01986709
458.19836587,0.02503722
458.41977420,0.02321734
458.64119663,0.02369299
458.86263313,0.02019798
459.08408373,0.02381707
459.30554840,0.02323802
459.52702716,0.02840815
459.74851999,0.01908123
459.97002689,0.02658826
460.19154786,0.02207991
460.41308290,0.02452021
460.63463201,0.02071499
460.85619518,0.02232808
461.07777241,0.02319666
461.29936369,0.02284509
461.52096903,0.02747753
461.74258841,0.02489246
461.96422185,0.02520267
462.18586933,0.02631942
462.40753086,0.02687779
462.62920642,0.02642282
462.85089602,0.02571968
463.07259966,0.02584377
463.29431733,0.02319666
463.51604902,0.02631942
463.73779475,0.02340346
463.95955449,0.02576104
464.18132826,0.02875972
464.40311604,0.02625738
464.62491784,0.02582308
464.84673365,0.02677439
465.06856347,0.02958694
465.29040730,0.02516131
465.51226513,0.02658826
465.73413696,0.02452021
465.95602279,0.03047620
466.17792261,0.02958694
466.39983643,0.03268902
466.62176424,0.02840815
466.84370603,0.03188248
467.06566181,0.03080709
467.28763157,0.03324739
467.50961531,0.03074505
467.73161303,0.03103458
467.95362472,0.02915265
468.17565038,0.03444686
468.39769001,0.02971102
468.61974360,0.02906993
468.84181116,0.03188248
469.06389267,0.03546021
469.28598814,0.03246153
469.50809757,0.03744554
469.73022094,0.03670104
469.95235827,0.03343352
470.17450954,0.03179976
470.39667475,0.03237881
470.61885390,0.03413666
470.84104699,0.03554293
471.06325402,0.04011333
471.28547498,0.03444686
471.50770986,0.03469503
471.72995867,0.03289583
471.95222141,0.02886312
472.17449806,0.03215133
472.39678864,0.03074505
472.61909313,0.03426074
472.84141153,0.03146887
473.06374384,0.04147824
473.28609005,0.03732146
473.50845017,0.03281310
473.73082420,0.03835548
473.95321212,0.03510864
474.17561393,0.03641151
474.39802964,0.03432278
474.62045924,0.03620471
474.84290273,0.02993851
475.06536010,0.03546021
475.28783136,0.03488116
475.51031649,0.03492252
475.73281550,0.03041416
475.95532838,0.02634010
476.17785513,0.03148955
476.40039575,0.03295787
476.62295024,0.03093118
476.84551859,0.03430210
477.06810080,0.03339216
477.29069686,0.03488116
477.51330678,0.03616335
477.73593055,0.03523272
477.95856817,0.03444686
478.18121963,0.03492252
478.40388494,0.03457095
478.62656409,0.03641151
478.84925707,0.03382645
479.07196389,0.03605995
479.29468455,0.03574974
479.51741903,0.03686649
479.74016733,0.03235813
479.96292946,0.03221337
480.18570542,0.03595654
480.40849519,0.03215133
480.63129877,0.03639083
480.85411617,0.03382645
481.07694738,0.03198588
481.29979239,0.03552225
481.52265121,0.03200656
481.74552383,0.03258562
481.96841025,0.03488116
482.19131046,0.03424006
482.41422447,0.03165499
482.63715227,0.03426074
482.86009385,0.03347488
483.08304922,0.03384713
483.30601837,0.03285446
483.52900130,0.03496388
483.75199801,0.03202724
483.97500849,0.03438482
484.19803274,0.03502592
484.42107076,0.03210997
484.64412255,0.03605995
484.86718810,0.03390917
485.09026741,0.02698119
485.31336047,0.03033144
485.53646729,0.03117934
485.75958786,0.03049688
485.98272218,0.02956626
486.20587024,0.02729140
486.42903205,0.03151023
486.65220760,0.02886312
486.87539689,0.03579110
487.09859991,0.03376441
487.32181666,0.03347488
487.54504715,0.03746622
487.76829136,0.03533613
487.99154929,0.03860365
488.21482094,0.03498456
488.43810631,0.03417802
488.66140540,0.03984448
488.88471820,0.03941019
489.10804471,0.04000993
489.33138493,0.04036150
489.55473885,0.04013401
489.77810647,0.03945155
490.00148780,0.04602796
490.22488281,0.04298792
490.44829153,0.04559367
490.67171393,0.04551095
490.89515002,0.04637953
491.11859979,0.04875779
491.34206325,0.04594524
491.56554038,0.04218138
491.78903120,0.04418739
492.01253568,0.04164369
492.23605384,0.04433216
492.45958567,0.04898528
492.68313116,0.04652429
492.90669031,0.04154029
493.13026312,0.03792119
493.35384960,0.03746622
493.57744972,0.03705261
493.80106350,0.03661832
494.02469092,0.03845889
494.24833200,0.03713533
494.47198671,0.03959632
494.69565507,0.03597722
494.91933706,0.04017537
495.14303269,0.03856229
495.36674195,0.03357828
495.59046484,0.03678376
495.81420136,0.03653560
496.03795150,0.03380577
496.26171526,0.03343352
496.48549264,0.03361964
496.70928364,0.03378509
496.93308825,0.03634947
497.15690647,0.03870705
497.38073830,0.03806596
497.60458373,0.04100259
497.82844276,0.04536618
498.05231539,0.03909998
498.27620162,0.03808664
498.50010144,0.03990652
498.72401485,0.03941019
498.94794185,0.04257431
499.17188244,0.03868637
499.39583661,0.03943087
499.61980435,0.03715601
499.84378568,0.04191254
500.06778058,0.04135416
500.29178904,0.04284316
500.51581108,0.03603927
500.73984668,0.04075443
500.96389585,0.03680444
501.18795858,0.03424006
501.41203486,0.04257431
501.63612470,0.03630811
501.86022809,0.03982380
502.08434503,0.04129212
502.30847551,0.03988584
502.53261954,0.03806596
502.75677711,0.03517068
502.98094822,0.03984448
503.20513286,0.03953427
503.42933104,0.03833480
503.65354274,0.03986516
503.87776797,0.03419870
504.10200673,0.03304059
504.32625901,0.03643220
504.55052480,0.03060029
504.77480411,0.03041416
504.99909694,0.02551288
505.22340327,0.03320603
505.44772312,0.03035212
505.67205646,0.02745685
505.89640331,0.02863564
506.12076366,0.02673303
506.34513750,0.02656758
506.56952484,0.02687779
506.79392567,0.02497518
507.01833999,0.02971102
507.24276779,0.03171704
507.46720907,0.03006259
507.69166384,0.03124138
507.91613208,0.02838747
508.14061380,0.03064165
508.36510898,0.03082777
508.58961764,0.03572906
508.81413976,0.03614267
509.03867534,0.03736282
509.26322439,0.03585314
509.48778689,0.03717669
509.71236285,0.04056830
509.93695226,0.03796255
510.16155512,0.03767303
510.38617142,0.03618403
510.61080117,0.03773507
510.83544436,0.03845889
511.06010099,0.03643220
511.28477105,0.04089919
511.50945454,0.03945155
511.73415147,0.03649424
511.95886182,0.03382645
512.18358560,0.03330944
512.40832280,0.02731208
512.63307341,0.03330944
512.85783745,0.03165499
513.08261489,0.02890448
513.30740575,0.03086913
513.53221001,0.03508796
513.75702768,0.03258562
513.98185875,0.03169635
514.20670322,0.02698119
514.43156109,0.03099322
514.65643235,0.02760161
514.88131700,0.02844951
515.10621504,0.03587382
515.33112647,0.02880108
515.55605128,0.03126206
515.78098946,0.03115866
516.00594103,0.03022804
516.23090597,0.02884244
516.45588428,0.03500524
516.68087596,0.02569900
516.90588100,0.03353692
517.13089941,0.03035212
517.35593118,0.03068301
517.58097631,0.02882176
517.80603479,0.03153091
518.03110663,0.02768433
518.25619181,0.02873904
518.48129034,0.02753957
518.70640222,0.02842883
518.93152743,0.03006259
519.15666598,0.02977307
519.38181787,0.02605057
519.60698310,0.03008327
519.83216165,0.02809794
520.05735353,0.02679507
520.28255873,0.02851155
520.50777726,0.02400320
520.73300910,0.02714664
520.95825426,0.02904925
521.18351273,0.03066233
521.40878452,0.02956626
521.63406961,0.02925605
521.85936801,0.03171704
522.08467971,0.02898721
522.31000471,0.02919401
522.53534300,0.03130342
522.76069459,0.03665968
522.98605947,0.03306127
523.21143764,0.03725942
523.43682910,0.03825208
523.66223383,0.03839685
523.88765185,0.03709397
524.11308315,0.03819004
524.33852772,0.04369106
524.56398556,0.03845889
524.78945667,0.04288452
525.01494104,0.04522142
525.24043868,0.04245023
525.46594959,0.04952297
525.69147374,0.05415541
525.91701116,0.04786853
526.14256182,0.04755832
526.36812574,0.04311201
526.59370290,0.04668974
526.81929331,0.04331881
527.04489696,0.04455964
527.27051384,0.04402195
527.49614396,0.04203662
527.72178732,0.04520074
527.94744390,0.04385650
528.17311372,0.04313269
528.39879675,0.04602796
528.62449301,0.04549027
528.85020249,0.05181851
529.07592518,0.05059836
529.30166109,0.05175647
529.52741021,0.05729885
529.75317254,0.05905669
529.97894807,0.05059836
530.20473680,0.06199333
530.43053874,0.05982187
530.65635387,0.06993465
530.88218219,0.05903601
531.10802371,0.06861110
531.33387841,0.06519881
531.55974630,0.06157972
531.78562738,0.06828021
532.01152163,0.06929355
532.23742906,0.06526085
532.46334967,0.06567446
532.68928344,0.06373049
532.91523039,0.06521949
533.14119051,0.06972784
533.36716378,0.06420614
533.59315022,0.06238626
533.81914982,0.06044229
534.04516257,0.06799068
534.27118847,0.06228285
534.49722752,0.06207605
534.72327973,0.06424750
534.94934507,0.06191060
535.17542356,0.06629488
535.40151518,0.06362709
535.62761994,0.05920146
535.85373784,0.05818811
536.07986886,0.06865246
536.30601301,0.06364777
536.53217029,0.06412342
536.75834069,0.06143495
536.98452420,0.06437159
537.21072084,0.06937628
537.43693059,0.07316081
537.66315345,0.07012077
537.88938941,0.06960376
538.11563848,0.07400871
538.34190066,0.07618017
538.56817593,0.07117548
538.79446431,0.07022418
539.02076577,0.06925219
539.24708033,0.07570452
539.47340798,0.07531159
539.69974871,0.07454641
539.92610252,0.07603541
540.15246942,0.07394667
540.37884939,0.07276788
540.60524244,0.08000607
540.83164856,0.07756576
541.05806775,0.08031627
541.28450001,0.08215684
541.51094533,0.08604478
541.73740371,0.08740970
541.96387515,0.08308746
542.19035965,0.07917885
542.41685719,0.08612750
542.64336779,0.08722357
542.86989144,0.08449374
543.09642813,0.07661446
543.32297786,0.08035764
543.54954063,0.07845503
543.77611643,0.08203276
544.00270527,0.07862047
544.22930714,0.08693404
544.45592204,0.08290134
544.68254996,0.08128826
544.90919091,0.07855843
545.13584487,0.08261181
545.36251185,0.08161915
545.58919184,0.07766917
545.81588485,0.07804142
546.04259086,0.07756576
546.26930988,0.07615949
546.49604191,0.07814482
546.72278693,0.07613881
546.94954495,0.07332626
547.17631596,0.07378123
547.40309997,0.07948905
547.62989696,0.07266448
547.85670694,0.07458777
548.08352991,0.08484531
548.31036585,0.07421552
548.53721477,0.07555975
548.76407667,0.08157779
548.99095154,0.07924089
549.21783938,0.07934429
549.44474018,0.07919953
549.67165395,0.08232229
549.89858069,0.07971654
550.12552038,0.07948905
550.35247302,0.07396735
550.57943862,0.07692467
550.80641717,0.07688331
551.03340866,0.07969586
551.26041310,0.08519688
551.48743048,0.08552777
551.71446081,0.08906414
551.94150406,0.09042905
552.16856025,0.09237302
552.39562937,0.09671593
552.62271142,0.09299344
552.84980640,0.09801881
553.07691429,0.10019026
553.30403511,0.10050047
553.53116884,0.10734572
553.75831549,0.10364391
553.98547505,0.10784206
554.21264752,0.11129570
554.43983289,0.10974466
554.66703116,0.11017896
554.89424234,0.11404621
555.12146641,0.11328103
555.34870338,0.11154387
555.57595324,0.11694149
555.80321599,0.11946451
556.03049162,0.12064330
556.25778014,0.11758258
556.48508154,0.12126372
556.71239582,0.12583411
556.93972297,0.12136712
557.16706300,0.11867865
557.39441589,0.11692081
557.62178165,0.11861661
557.84916028,0.11332240
558.07655177,0.11437710
558.30395611,0.11528705
558.53137331,0.11832708
558.75880337,0.12192549
558.98624627,0.12124304
559.21370202,0.11646584
559.44117062,0.11075801
559.66865206,0.11102686
559.89614634,0.10842111
560.12365345,0.10190674
560.35117340,0.10260988
560.57870618,0.10054183
560.80625179,0.09572327
561.03381022,0.09729499
561.26138148,0.10130701
561.48896555,0.10194811
561.71656244,0.09791540
561.94417215,0.09888739
562.17179467,0.10279601
562.39942999,0.09930100
562.62707812,0.09870126
562.85473906,0.09981801
563.08241279,0.10060387
563.31009933,0.08836100
563.53779866,0.09758451
563.76551078,0.09297276
563.99323568,0.09824629
564.22097338,0.09353113
564.44872386,0.09200077
564.67648712,0.09340705
564.90426316,0.09458584
565.13205197,0.09526830
565.35985356,0.09704682
565.58766792,0.10304417
565.81549504,0.09985937
566.04333493,0.10581536
566.27118758,0.09576463
566.49905298,0.09233166
566.72693115,0.09135968
566.95482207,0.09135968
567.18272573,0.08976728
567.41064215,0.09425495
567.63857131,0.09239370
567.86651321,0.09255915
568.09446785,0.09353113
568.32243523,0.09601279
568.55041534,0.09584735
568.77840819,0.09611620
569.00641376,0.09533034
569.23443206,0.09371726
569.46246308,0.09458584
569.69050682,0.09593007
569.91856327,0.09673661
570.14663244,0.09872194
570.37471433,0.09578531
570.60280892,0.10430569
570.83091622,0.10205151
571.05903622,0.10902085
571.28716892,0.10174130
571.51531432,0.10533971
571.74347241,0.10922765
571.97164320,0.10432637
572.19982667,0.10138973
572.42802284,0.10397480
572.65623168,0.10442977
572.88445321,0.11156455
573.11268742,0.10709756
573.34093430,0.10784206
573.56919385,0.11160591
573.79746608,0.11297083
574.02575097,0.11915430
574.25404853,0.11981608
574.48235874,0.12136712
574.71068162,0.12444852
574.93901715,0.12378674
575.16736534,0.13075608
575.39572618,0.12893619
575.62409966,0.13369271
575.85248579,0.13017703
576.08088456,0.13005294
576.30929597,0.13464402
576.53772002,0.13158330
576.76615671,0.13526444
576.99460602,0.13811835
577.22306796,0.13747725
577.45154253,0.14432251
577.68002972,0.14074477
577.90852953,0.14215105
578.13704196,0.13669139
578.36556700,0.14171676
578.59410465,0.14179948
578.82265492,0.14430183
579.05121779,0.13873876
579.27979326,0.14043457
579.50838133,0.13774610
579.73698201,0.13768406
579.96559527,0.13451994
580.19422113,0.13036315
580.42285958,0.13110765
580.65151062,0.12653725
580.88017424,0.12746788
581.10885044,0.12281476
581.33753922,0.12943253
581.56624057,0.12273204
581.79495450,0.12107759
582.02368100,0.11514228
582.25242007,0.12025037
582.48117170,0.12099487
582.70993589,0.12568935
582.93871264,0.13079744
583.16750195,0.12810897
583.39630381,0.12438648
583.62511822,0.12728175
583.85394518,0.12074670
584.08278469,0.12471737
584.31163674,0.12333177
584.54050133,0.12171869
584.76937845,0.12608228
584.99826811,0.12287680
585.22717030,0.12657861
585.45608502,0.12932912
585.68501226,0.13844924
585.91395203,0.13633982
586.14290432,0.14506700
586.37186912,0.14496360
586.60084644,0.14651464
586.82983628,0.14781752
587.05883862,0.15565543
587.28785347,0.15797165
587.51688082,0.15997767
587.74592067,0.15460073
587.97497302,0.15881956
588.20403787,0.14866542
588.43311520,0.15772349
588.66220503,0.16256273
588.89130735,0.16479623
589.12042215,0.16334859
589.34954943,0.16645067
589.57868919,0.16028787
589.80784142,0.16554073
590.03700613,0.16266613
590.26618331,0.16034991
590.49537296,0.16523052
590.72457507,0.15844731
590.95378964,0.15830254
591.18301667,0.16281090
591.41225616,0.16754674
591.64150811,0.16101169
591.87077250,0.16791899
592.10004934,0.16421717
592.32933863,0.16117714
592.55864036,0.15768213
592.78795453,0.15133320
593.01728114,0.15759940
593.24662018,0.15404235
593.47597165,0.15350466
593.70533555,0.15995698
593.93471188,0.15788893
594.16410063,0.15522114
594.39350180,0.15708239
594.62291539,0.15848867
594.85234140,0.15817846
595.08177981,0.16461010
595.31123064,0.15596564
595.54069387,0.15559339
595.77016951,0.15412508
595.99965755,0.15524182
596.22915798,0.15633789
596.45867081,0.15675150
596.68819604,0.15685491
596.91773365,0.15522114
597.14728365,0.15495230
597.37684603,0.15869547
597.60642080,0.16417581
597.83600795,0.16851872
598.06560747,0.17588099
598.29521936,0.17366817
598.52484363,0.18119589
598.75448026,0.17972757
598.98412926,0.17153808
599.21379062,0.16856008
599.44346434,0.16587162
599.67315042,0.16874621
599.90284885,0.16951139
600.13255963,0.18144405
600.36228276,0.18274693
600.59201824,0.18163018
600.82176606,0.18839271
601.05152622,0.19271494
601.28129871,0.18948878
601.51108354,0.19542409
601.74088070,0.19103982
601.97069019,0.19228065
602.20051201,0.19075029
602.43034615,0.19594110
602.66019261,0.19877433
602.89005139,0.20704654
603.11992249,0.21190647
603.34980589,0.22197789
603.57970161,0.22216401
603.80960963,0.22812000
604.03952996,0.23242155
604.26946259,0.24061104
604.49940751,0.23912204
604.72936474,0.23707467
604.95933425,0.23262836
605.18931606,0.23517206
605.41931015,0.23018805
605.64931653,0.23161501
605.87933519,0.23287652
606.10936612,0.24968979
606.33940934,0.26046435
606.56946483,0.27417554
606.79953259,0.27336900
607.02961261,0.28554983
607.25970490,0.29057519
607.48980946,0.29094744
607.71992627,0.29177466
607.95005534,0.29963327
608.18019667,0.30676805
608.41035024,0.31278608
608.64051607,0.31907296
608.87069414,0.33596895
609.10088445,0.34386891
609.33108700,0.35418850
609.56130179,0.35873821
609.79152882,0.36556279
610.02176808,0.37881900
610.25201956,0.37970827
610.48228328,0.39155821
610.71255921,0.39350218
610.94284737,0.38963492
611.17314775,0.40239481
611.40346034,0.38580902
611.63378514,0.38090774
611.86412215,0.36140600
612.09447137,0.34939061
612.32483280,0.34368279
612.55520642,0.32416037
612.78559225,0.30922903
613.01599027,0.29092676
613.24640048,0.28211686
613.47682288,0.27642971
613.70725747,0.26563448
613.93770425,0.25140628
614.16816321,0.25221282
614.39863434,0.24607070
614.62911766,0.24683588
614.85961314,0.23810870
615.09012080,0.23992858
615.32064063,0.23221475
615.55117262,0.23386919
615.78171677,0.22878178
616.01227308,0.23349694
616.24284156,0.23192522
616.47342218,0.23388987
616.70401496,0.23407599
616.93461988,0.22859565
617.16523695,0.22820272
617.39586617,0.21771770
617.62650752,0.21604257
617.85716101,0.20210390
618.08782664,0.19666492
618.31850440,0.18274693
618.54919429,0.17989301
618.77989630,0.17135195
619.01061044,0.16390697
619.24133670,0.15772349
619.47207508,0.16047400
619.70282557,0.15125048
619.93358818,0.15548999
620.16436289,0.14556334
620.39514972,0.14395026
620.62594864,0.13464402
620.85675967,0.13363067
621.08758280,0.13170738
621.31841802,0.12707495
621.54926534,0.12229774
621.78012475,0.12256659
622.01099624,0.11638311
622.24187982,0.12132576
622.47277549,0.11656924
622.70368323,0.12022969
622.93460305,0.10593945
623.16553494,0.10701483
623.39647890,0.10045911
623.62743493,0.10033502
623.85840303,0.10029366
624.08938319,0.09584735
624.32037541,0.09865990
624.55137968,0.10047979
624.78239602,0.09427563
625.01342440,0.09241438
625.24446483,0.09454448
625.47551731,0.09001544
625.70658183,0.09034633
625.93765839,0.09715022
626.16874699,0.09638504
626.39984763,0.09320024
626.63096029,0.10343710
626.86208499,0.10320962
627.09322171,0.10577400
627.32437046,0.11220565
627.55553123,0.11530773
627.78670401,0.11574202
628.01788882,0.11847185
628.24908563,0.12705427
628.48029446,0.11824436
628.71151529,0.12810897
628.94274813,0.13451994
629.17399296,0.14057933
629.40524980,0.13909033
629.63651863,0.15050598
629.86779946,0.15538659
630.09909228,0.16802239
630.33039709,0.17724591
630.56171388,0.18682099
630.79304265,0.19236337
631.02438340,0.19056416
631.25573613,0.19908454
631.48710084,0.20144212
631.71847751,0.20466828
631.94986615,0.21842083
632.18126676,0.23285584
632.41267933,0.23897728
632.64410387,0.23463437
632.87554035,0.24933822
633.10698880,0.25018612
633.33844919,0.24654635
633.56992154,0.24948299
633.80140583,0.25426019
634.03290207,0.25026885
634.26441024,0.24391992
634.49593035,0.25206805
634.72746240,0.25672117
634.95900638,0.26621353
635.19056229,0.26375255
635.42213013,0.27502344
635.65370989,0.27097005
635.88530158,0.26890200
636.11690518,0.28362654
636.34852069,0.29620030
636.58014812,0.32523576
636.81178746,0.35083825
637.04343871,0.35598770
637.27510187,0.35274086
637.50677692,0.36107511
637.73846387,0.35724921
637.97016272,0.37280097
638.20187347,0.38347212
638.43359610,0.36188165
638.66533062,0.35003171
638.89707703,0.34831523
639.12883532,0.33886423
639.36060549,0.35216180
639.59238754,0.34680727
639.82418146,0.35595712
640.05598725,0.34098710
640.28780491,0.34086348
640.51963444,0.33982394
640.75147583,0.33112275
640.98332908,0.33690139
641.21519419,0.32920747
641.44707115,0.33572169
641.67895997,0.32249917
641.91086063,0.31108816
642.14277314,0.30662171
642.37469750,0.31486357
642.60663369,0.31525113
642.83858172,0.31063586
643.07054159,0.31160330
643.30251329,0.30831342
643.53449683,0.29774054
643.76649218,0.29483565
643.99849937,0.29332438
644.23051837,0.29844739
644.46254919,0.29230263
644.69459183,0.29504470
644.92664628,0.28479145
645.15871254,0.27942428
645.39079061,0.27069432
645.62288049,0.27140139
645.85498217,0.25456015
646.08709564,0.25302362
646.31922091,0.25624158
646.55135798,0.25668589
646.78350684,0.25282077
647.01566748,0.24907322
647.24783991,0.24002985
647.48002413,0.24241945
647.71222012,0.24294170
647.94442789,0.24757653
648.17664744,0.24083289
648.40887875,0.23534092
648.64112184,0.23677961
648.87337669,0.23909836
649.10564331,0.22866793
649.33792168,0.23603590
649.57021181,0.22976140
649.80251370,0.23395577
650.03482734,0.23827291
650.26715273,0.23678051
650.49948987,0.23184824
650.73183875,0.23414180
650.96419937,0.22924820
651.19657173,0.22321484
651.42895582,0.21950685
651.66135165,0.21912140
651.89375921,0.22109840
652.12617849,0.22245454
652.35860950,0.22531585
652.59105224,0.22003758
652.82350669,0.22339624
653.05597285,0.22251577
653.28845073,0.21627965
653.52094032,0.21610974
653.75344162,0.21848869
653.98595462,0.22247357
654.21847933,0.21657591
654.45101573,0.21452943
654.68356383,0.22416669
654.91612363,0.23161824
655.14869511,0.22673150
655.38127829,0.23318897
655.61387315,0.22549134
655.84647969,0.22706930
656.07909792,0.23001267
656.31172782,0.22341292
656.54436939,0.21724275
656.77702264,0.21356590
657.00968756,0.21399421
657.24236414,0.22470994
657.47505238,0.22631614
657.70775229,0.23245087
657.94046385,0.23267906
658.17318707,0.24171305
658.40592195,0.23896219
658.63866847,0.24938468
658.87142663,0.24914817
659.10419645,0.24878035
659.33697790,0.24675457
659.56977099,0.24904239
659.80257572,0.24521245
660.03539208,0.23856452
660.26822007,0.23227708
660.50105969,0.23092040
660.73391093,0.23316794
660.96677380,0.23503560
661.19964828,0.23754890
661.43253438,0.23876289
661.66543209,0.23287172
661.89834142,0.23701073
662.13126235,0.23132797
662.36419489,0.23601602
662.59713903,0.24662309
662.83009477,0.23423252
663.06306210,0.23334276
663.29604103,0.24053963
663.52903155,0.23842616
663.76203367,0.22949790
663.99504736,0.22620488
664.22807264,0.22017000
664.46110950,0.21311371
664.69415794,0.21178666
664.92721795,0.20876797
665.16028953,0.21143563
665.39337269,0.20675065
665.62646740,0.20407596
665.85957369,0.20242765
666.09269153,0.19865368
666.32582093,0.20153920
666.55896189,0.20154293
666.79211440,0.20669498
667.02527846,0.20884575
667.25845406,0.20446148
667.49164121,0.19800915
667.72483991,0.20071830
667.95805014,0.20280704
668.19127190,0.20059422
668.42450520,0.20138008
668.65775003,0.19765759
668.89100639,0.20189709
669.12427427,0.20559891
669.35755368,0.20338609
669.59084460,0.20034605
669.82414704,0.21192715
670.05746099,0.21203055
670.29078646,0.21980643
670.52412343,0.20820465
670.75747191,0.22297055
670.99083189,0.21707660
671.22420337,0.21546352
671.45758635,0.22228809
671.69098082,0.21664231
671.92438678,0.22013732
672.15780424,0.22328076
672.39123317,0.22135747
672.62467360,0.23051894
672.85812550,0.23002261
673.09158888,0.24443694
673.32506373,0.24311338
673.55855006,0.23831550
673.79204785,0.24226548
674.02555712,0.24367176
674.25907784,0.25155104
674.49261003,0.25980257
674.72615367,0.25647301
674.95970878,0.26797138
675.19327533,0.27318287
675.42685333,0.27479595
675.66044278,0.28106215
675.89404368,0.28215822
676.12765601,0.28341973
676.36127979,0.27101142
676.59491500,0.27485799
676.82856165,0.26453841
677.06221972,0.25361909
677.29588922,0.25583191
677.52957015,0.25028953
677.76326250,0.23908068
677.99696627,0.23721943
678.23068146,0.23742624
678.46440806,0.23742624
678.69814607,0.22305327
678.93189549,0.21366431
679.16565631,0.21835879
679.39942854,0.20348949
679.63321217,0.20535074
679.86700720,0.20501985
680.10081361,0.19170159
680.33463143,0.19265290
680.56846063,0.19209452
680.80230121,0.18586969
681.03615318,0.19933271
681.27001653,0.19184636
681.50389126,0.19914658
681.73777736,0.19542409
681.97167484,0.19203248
682.20558368,0.18857883
682.43950390,0.19325263
682.67343547,0.18870292
682.90737841,0.18849611
683.14133270,0.18547676
683.37529836,0.18024458
683.60927536,0.17197237
683.84326371,0.17066950
684.07726341,0.17131059
684.31127446,0.16984228
684.54529685,0.17133127
684.77933057,0.17548806
685.01337564,0.17461948
685.24743203,0.18210583
685.48149976,0.20142144
685.71557881,0.21564964
685.94966919,0.22894722
686.18377090,0.23719875
686.41788392,0.24429217
686.65200826,0.26085728
686.88614391,0.25957508
687.12029088,0.26122953
687.35444915,0.25667981
687.58861873,0.25916147
687.82279961,0.25498401
688.05699179,0.24793195
688.29119527,0.23895660
688.52541004,0.23420008
688.75963611,0.23765373
688.99387346,0.24257569
689.22812210,0.24809739
689.46238203,0.25715546
689.69665323,0.26886064
689.93093571,0.28139304
690.16522947,0.29398748
690.39953450,0.29735841
690.63385080,0.30147383
690.86817837,0.30716098
691.10251720,0.31332377
691.33686730,0.31392351
691.57122865,0.31603292
691.80560125,0.30805024
692.03998511,0.31646721
692.27438023,0.32153394
692.50878658,0.32604230
692.74320419,0.32043788
692.97763303,0.32457398
693.21207312,0.33158468
693.44652444,0.33479016
693.68098699,0.34146997
693.91546077,0.33969145
694.14994579,0.33342525
694.38444203,0.32966139
694.61894949,0.33288755
694.85346817,0.34097364
695.08799806,0.33510037
695.32253918,0.33284619
695.55709150,0.33268075
695.79165503,0.33907103
696.02622977,0.34347598
696.26081571,0.35472619
696.49541285,0.35451938
696.73002119,0.35418850
696.96464072,0.34378619
697.19927145,0.35569817
697.43391336,0.34293829
697.66856647,0.35195500
697.90323075,0.35689765
698.13790622,0.35176887
698.37259286,0.36911984
698.60729068,0.36707246
698.84199967,0.37602713
699.07671984,0.38771163
699.31145117,0.38562290
699.54619366,0.40231208
699.78094731,0.39941681
700.01571213,0.42063503
700.25048810,0.43033420
700.48527522,0.44739563
700.72007349,0.44691998
700.95488292,0.45572988
701.18970348,0.45453041
701.42453519,0.45591601
701.65937804,0.46245106
701.89423202,0.46733166
702.12909714,0.46282331
702.36397339,0.45289665
702.59886077,0.44179121
702.83375927,0.42905200
703.06866889,0.42049027
703.30358964,0.42268240
703.53852150,0.40903325
703.77346448,0.41986985
704.00841857,0.41689185
704.24338376,0.41225942
704.47836007,0.40522804
704.71334748,0.40615866
704.94834598,0.39770033
705.18335559,0.38287239
705.41837629,0.37460018
705.65340808,0.38070093
705.88845096,0.37805382
706.12350493,0.39375034
706.35856998,0.37701980
706.59364612,0.38949016
706.82873333,0.39486709
707.06383161,0.41771908
707.29894097,0.43023079
707.53406141,0.44330089
707.76919290,0.45585397
708.00433546,0.48275933
708.23948909,0.50077207
708.47465377,0.51921910
708.70982951,0.51547593
708.94501630,0.52273479
709.18021414,0.51884685
709.41542303,0.51756466
709.65064297,0.49605691
709.88587395,0.49024568
710.12111597,0.45970055
710.35636902,0.44450036
710.59163311,0.43680720
710.82690823,0.43418078
711.06219437,0.41290051
711.29749155,0.40644819
711.53279974,0.40256025
711.76811896,0.40677908
712.00344920,0.39625269
712.23879044,0.40440082
712.47414270,0.41577511
712.70950597,0.41567170
712.94488025,0.42363371
713.18026553,0.42814206
713.41566181,0.41649892
713.65106908,0.41951828
713.88648736,0.41647824
714.12191662,0.40669635
714.35735688,0.39641813
714.59280812,0.39449484
714.82827034,0.39190978
715.06374355,0.38638808
715.29922774,0.38605719
715.53472290,0.37493106
715.77022903,0.37383500
716.00574614,0.37865356
716.24127421,0.37892241
716.47681324,0.37056747
716.71236324,0.35402305
716.94792420,0.35300971
717.18349611,0.33325980
717.41907898,0.33627916
717.65467280,0.32720041
717.89027757,0.32281614
718.12589328,0.30858793
718.36151993,0.29690344
718.59715752,0.29353251
718.83280605,0.28949981
719.06846552,0.27936635
719.30413591,0.28610820
719.53981724,0.27767055
719.77550949,0.28978933
720.01121266,0.29611758
720.24692676,0.30749187
720.48265177,0.31522638
720.71838769,0.31797689
720.95413453,0.31735648
721.18989228,0.32575277
721.42566093,0.31762532
721.66144049,0.32153394
721.89723095,0.30683009
722.13303231,0.30740914
722.36884456,0.30279739
722.60466770,0.30672669
722.84050173,0.30190812
723.07634666,0.30532041
723.31220246,0.30598219
723.54806915,0.30912563
723.78394671,0.28962389
724.01983515,0.28304748
724.25573447,0.28414355
724.49164465,0.28548778
724.72756571,0.28131032
724.96349762,0.28040038
725.19944040,0.28104147
725.43539404,0.27676060
725.67135854,0.26385595
725.90733388,0.26743368
726.14332008,0.26675123
726.37931713,0.25785860
726.61532503,0.25605939
726.85134376,0.25475652
727.08737334,0.25208873
727.32341375,0.24898665
727.55946500,0.24863509
727.79552708,0.25062042
728.03159998,0.25086858
728.26768372,0.24768378
728.50377827,0.26501406
728.73988365,0.26946038
728.97599985,0.27492004
729.21212686,0.27394805
729.44826468,0.28300612
729.68441331,0.28503281
729.92057275,0.27903546
730.15674299,0.27626427
730.39292403,0.28279932
730.62911587,0.27369988
730.86531851,0.25452904
731.10153194,0.24780786
731.33775616,0.23523410
731.57399117,0.21920669
731.81023696,0.20282772
732.04649353,0.19875365
732.28276088,0.17633596
732.51903901,0.16808443
732.75532791,0.16051536
732.99162758,0.15821982
733.22793802,0.15104368
733.46425923,0.14597695
733.70059119,0.14136519
733.93693392,0.13451994
734.17328740,0.13493355
734.40965164,0.13100425
734.64602662,0.12806761
734.88241236,0.12728175
735.11880884,0.13094220
735.35521607,0.12963933
735.59163403,0.13354795
735.82806273,0.13774610
736.06450217,0.14031048
736.30095234,0.15189158
736.53741323,0.15590360
736.77388486,0.17145536
737.01036720,0.18609717
737.24686027,0.19904318
737.48336406,0.21308526
737.71987856,0.24050764
737.95640377,0.26486930
738.19293969,0.27922158
738.42948632,0.28968593
738.66604365,0.30298351
738.90261169,0.29630370
739.13919042,0.31491617
739.37577985,0.31580544
739.61237997,0.32192687
739.84899078,0.32304362
740.08561228,0.31382011
740.32224446,0.29868196
740.55888732,0.28602548
740.79554087,0.28279932
741.03220509,0.26886064
741.26887998,0.25169580
741.50556555,0.24387856
741.74226178,0.23546159
741.97896868,0.23250427
742.21568624,0.21976507
742.45241446,0.21095516
742.68915333,0.20632273
742.92590286,0.20247615
743.16266304,0.19904318
743.39943387,0.20088375
743.63621535,0.19829868
743.87300747,0.19678900
744.10981023,0.18905449
744.34662363,0.18944742
744.58344766,0.19120526
744.82028232,0.19335604
745.05712761,0.19455551
745.29398353,0.18781365
745.53085007,0.18553880
745.76772724,0.18047207
746.00461502,0.17993437
746.24151341,0.16647135
746.47842242,0.17325456
746.71534204,0.16622318
746.95227227,0.16738129
747.18921310,0.17207577
747.42616453,0.17414383
747.66312656,0.18237468
747.90009918,0.17029725
748.13708240,0.18036866
748.37407621,0.18812386
748.61108061,0.18659350
748.84809559,0.18543539
749.08512115,0.18680031
749.32215730,0.17705978
749.55920401,0.17689434
749.79626131,0.18169222
750.03332917,0.18708984
750.27040760,0.18996443
750.50749660,0.19699581
750.74459616,0.19759554
750.98170628,0.19451415
751.21882695,0.19627199
751.45595818,0.19035736
751.69309997,0.19405917
751.93025230,0.19037804
752.16741517,0.18758617
752.40458859,0.18731732
752.64177256,0.18007914
752.87896705,0.18851679
753.11617209,0.18280897
753.35338765,0.19908454
753.59061374,0.20297248
753.82785037,0.21469834
754.06509751,0.21281641
754.30235518,0.21968235
754.53962336,0.22987785
754.77690206,0.24532620
755.01419127,0.25397066
755.25149099,0.26437297
755.48880122,0.26720620
755.72612195,0.27146639
755.96345319,0.26890200
756.20079492,0.26197403
756.43814715,0.25986461
756.67550987,0.25880990
756.91288309,0.25372249
757.15026679,0.25432223
757.38766097,0.24818011
757.62506564,0.24379584
757.86248079,0.24147962
758.09990641,0.23084983
758.33734251,0.23306265
758.57478908,0.23446892
758.81224612,0.23229747
759.04971362,0.22503860
759.28719159,0.21935146
759.52468001,0.20468896
759.76217889,0.20578503
759.99968823,0.19341808
760.23720802,0.18758617
760.47473826,0.17811449
760.71227894,0.18396708
760.94983007,0.17598439
761.18739164,0.16907710
761.42496364,0.15999835
761.66254608,0.16101169
761.90013895,0.16434126
762.13774226,0.16715381
762.37535598,0.16303838
762.61298014,0.16787763
762.85061471,0.16640931
763.08825970,0.17681161
763.32591511,0.17526057
763.56358093,0.17761815
763.80125716,0.18394640
764.03894380,0.20247615
764.27664084,0.20774968
764.51434829,0.21753157
764.75206613,0.22294987
764.98979437,0.22392186
765.22753300,0.22590719
765.46528203,0.22627944
765.70304144,0.22352893
765.94081124,0.21796586
766.17859142,0.22199857
766.41638197,0.21912397
766.65418291,0.21349887
766.89199422,0.20994182
767.12981590,0.20752220
767.36764795,0.20276568
767.60549036,0.20123532
767.84334314,0.19836072
768.08120628,0.19840208
768.31907977,0.19556885
768.55696362,0.19496912
768.79485782,0.18953014
769.03276238,0.18016186
769.27067727,0.17708046
769.50860251,0.17124855
769.74653809,0.17956212
769.98448401,0.17776292
770.22244027,0.17526057
770.46040685,0.18367755
770.69838377,0.18773093
770.93637101,0.18864088
771.17436858,0.19527932
771.41237647,0.20814261
771.65039468,0.21461562
771.88842320,0.21496719
772.12646204,0.21476038
772.36451118,0.20677770
772.60257064,0.20162825
772.84064039,0.19856753
773.07872045,0.20094579
773.31681081,0.19639607
773.55491147,0.19103982
773.79302242,0.19550681
774.03114366,0.18919925
774.26927519,0.18975762
774.50741700,0.18442205
774.74556910,0.18086500
774.98373147,0.18285033
775.22190413,0.18560084
775.46008705,0.18123725
775.69828025,0.18233331
775.93648372,0.17954144
776.17469745,0.17894171
776.41292145,0.18208515
776.65115570,0.18026526
776.88940022,0.18452545
777.12765499,0.17856946
777.36592001,0.17397838
777.60419528,0.17271687
777.84248079,0.16940799
778.08077655,0.16814647
778.31908256,0.16922186
778.55739879,0.16068080
778.79572527,0.16268681
779.03406198,0.16177687
779.27240891,0.15954337
779.51076608,0.15023714
779.74913346,0.15358738
779.98751107,0.15234655
780.22589890,0.16591298
780.46429695,0.15555203
780.70270520,0.15168477
780.94112367,0.14676281
781.17955235,0.15278084
781.41799123,0.14839657
781.65644031,0.15174682
781.89489959,0.14746595
782.13336907,0.15244995
782.37184874,0.14564606
782.61033861,0.14591491
782.84883866,0.15025782
783.08734890,0.14287487
783.32586931,0.14506700
783.56439991,0.14314372
783.80294069,0.14277147
784.04149164,0.14744527
784.28005276,0.14634920
784.51862406,0.16640931
784.75720551,0.15855071
784.99579713,0.15981222
785.23439891,0.15805438
785.47301085,0.16103237
785.71163295,0.15724784
785.95026519,0.16502371
786.18890759,0.15805438
786.42756013,0.15122980
786.66622282,0.14577014
786.90489564,0.14761071
787.14357861,0.13443721
787.38227171,0.13689820
787.62097494,0.12897755
787.85968831,0.12744720
788.09841180,0.12318701
788.33714541,0.12542050
788.57588915,0.12020901
788.81464301,0.12097419
789.05340698,0.12227706
789.29218106,0.12560663
789.53096526,0.12622704
789.76975956,0.12829510
790.00856397,0.13021839
790.24737848,0.13789086
790.48620309,0.12848122
790.72503780,0.14345392
790.96388260,0.14345392
791.20273749,0.15356670
791.44160247,0.15125048
791.68047754,0.14961672
791.91936269,0.14452931
792.15825792,0.14444659
792.39716323,0.14409502
792.63607861,0.13509899
792.87500406,0.13212099
793.11393958,0.14364005
793.35288517,0.13270005
793.59184082,0.13470606
793.83080653,0.13478878
794.06978230,0.13325842
794.30876813,0.14262670
794.54776401,0.12970137
794.78676993,0.12724039
795.02578591,0.13075608
795.26481193,0.13050791
795.50384798,0.12713699
795.74289408,0.12815033
795.98195022,0.13032179
796.22101638,0.12721971
796.46009258,0.12742652
796.69917880,0.12949457
796.93827505,0.12602024
797.17738132,0.12976341
797.41649761,0.12707495
797.65562392,0.13708432
797.89476024,0.14388821
798.13390657,0.13741521
798.37306290,0.14372277
798.61222925,0.14014504
798.85140559,0.14382617
799.09059194,0.13927646
799.32978828,0.15054734
799.56899462,0.14117907
799.80821094,0.14895494
800.04743726,0.14759003
800.28667356,0.14322644
800.52591985,0.14254398
800.76517611,0.14562538
801.00444236,0.14467407
801.24371857,0.14612171
801.48300476,0.14798296
801.72230092,0.14903767
801.96160705,0.14878950
802.20092314,0.15735124
802.44024919,0.16103237
802.67958519,0.17037997
802.91893116,0.17013180
803.15828707,0.17443335
803.39765294,0.18272624
803.63702875,0.18864088
803.87641450,0.18440137
804.11581020,0.18880632
804.35521584,0.19219793
804.59463141,0.18402912
804.83405692,0.18204379
805.07349235,0.18789638
805.31293772,0.18766889
805.55239300,0.18392572
805.79185821,0.18109248
806.03133334,0.18028594
806.27081839,0.17600507
806.51031335,0.17604643
806.74981822,0.17916919
806.98933300,0.17786632
807.22885768,0.17697706
807.46839227,0.17464016
807.70793675,0.17625324
807.94749114,0.17031793
808.18705542,0.16314179
808.42662959,0.16806375
808.66621364,0.16107373
808.90580759,0.16806375
809.14541141,0.16556141
809.38502512,0.16024651
809.62464871,0.15737192
809.86428217,0.16121850
810.10392550,0.14808636
810.34357870,0.14051729
810.58324177,0.13646391
810.82291470,0.12862599
811.06259749,0.11721033
811.30229015,0.11749986
811.54199265,0.10782138
811.78170501,0.10126565
812.02142722,0.09224894
812.26115928,0.08476259
812.50090118,0.08124690
812.74065292,0.07376055
812.98041450,0.06722550
813.22018592,0.07223019
813.45996717,0.05816743
813.69975825,0.05851900
813.93955916,0.05560304
814.17936989,0.05502399
814.41919045,0.04985386
814.65902083,0.05465174
814.89886102,0.04850962
815.13871102,0.05051563
815.37857084,0.04892323
815.61844047,0.04902664
815.85831990,0.04631749
816.09820913,0.04606932
816.33810817,0.04398059
816.57801700,0.04294656
816.81793562,0.04522142
817.05786404,0.04201594
817.29780225,0.03781779
817.53775024,0.03916203
817.77770801,0.03579110
818.01767557,0.03277174
818.25765290,0.03293719
818.49764001,0.03529477
818.73763689,0.03473639
818.97764354,0.03434346
819.21765996,0.03413666
819.45768614,0.03415734
819.69772209,0.03124138
819.93776779,0.03370237
820.17782324,0.03173772
820.41788845,0.03405393
820.65796341,0.02958694
820.89804812,0.03182044
821.13814257,0.03601858
821.37824677,0.03754894
821.61836070,0.03881046
821.85848437,0.04257431
822.09861777,0.04972977
822.33876090,0.05341091
822.57891376,0.06170380
822.81907635,0.06828021
823.05924866,0.07946837
823.29943069,0.09899079
823.53962243,0.11210224
823.77982389,0.12682678
824.02003506,0.14215105
824.26025594,0.16537528
824.50048652,0.18967490
824.74072681,0.19817460
824.98097680,0.22141951
825.22123648,0.22845089
825.46150586,0.24952435
825.70178493,0.25059974
825.94207369,0.25473584
826.18237214,0.26536563
826.42268027,0.28133100
826.66299808,0.27717421
826.90332557,0.28602548
827.14366273,0.28441240
827.38400957,0.29140242
827.62436608,0.29127833
827.86473225,0.30215629
828.10510809,0.29407020
828.34549359,0.29028567
828.58588874,0.28759720
828.82629356,0.28606684
829.06670802,0.27692605
829.30713214,0.27202476
829.54756590,0.25649369
829.78800931,0.25343297
830.02846236,0.26062979
830.26892505,0.25748635
830.50939738,0.25165444
830.74987934,0.24960707
830.99037093,0.24429217
831.23087215,0.23970110
831.47138299,0.23796393
831.71190346,0.23256632
831.95243355,0.23211134
832.19297325,0.22733414
832.43352257,0.21947554
832.67408150,0.21604257
832.91465003,0.20839078
833.15522818,0.19627199
833.39581592,0.19027464
833.63641327,0.19188772
833.87702022,0.17976893
834.11763676,0.16680224
834.35826289,0.16583025
834.59889861,0.16103237
834.83954392,0.14769343
835.08019881,0.14541857
835.32086328,0.13344455
835.56153733,0.13317570
835.80222095,0.12837782
836.04291415,0.11592814
836.28361692,0.10775933
836.52432926,0.11131638
836.76505116,0.09983869
837.00578262,0.09954916
837.24652364,0.09282799
837.48727421,0.08749242
837.72803434,0.08517620
837.96880402,0.08064716
838.20958325,0.07274720
838.45037202,0.07839299
838.69117033,0.07822754
838.93197819,0.07851707
839.17279558,0.07533227
839.41362250,0.08360448
839.65445896,0.08676860
839.89530494,0.08807147
840.13616045,0.08707881
840.37702548,0.08860917
840.61790003,0.09659185
840.85878410,0.10062455
841.09967768,0.09195941
841.34058078,0.09351045
841.58149338,0.09328296
841.82241549,0.09413087
842.06334710,0.09032565
842.30428821,0.08540368
842.54523883,0.08488667
842.78619893,0.08900210
843.02716853,0.07760713
843.26814762,0.07793801
843.50913619,0.07206474
843.75013425,0.07390531
843.99114179,0.07438096
844.23215881,0.07359510
844.47318530,0.07336762
844.71422127,0.08414217
844.95526670,0.07498070
845.19632161,0.07853775
845.43738597,0.07010009
845.67845980,0.07324353
845.91954309,0.07010009
846.16063584,0.07309877
846.40173803,0.06612943
846.64284968,0.07405007
846.88397078,0.06298599
847.12510132,0.06978989
847.36624130,0.06695665
847.60739073,0.07020350
847.84854959,0.07063779
848.08971788,0.07613881
848.33089561,0.07398803
848.57208276,0.07802074
848.81327934,0.08257045
849.05448534,0.08414217
849.29570076,0.08732697
849.53692560,0.09973529
849.77815986,0.10234104
850.01940353,0.10879336
850.26065660,0.11313627
850.50191908,0.12279408
850.74319097,0.12151188
850.98447225,0.12835714
851.22576294,0.13311366
851.46706301,0.13551260
851.70837248,0.14072409
851.94969135,0.15040258
852.19101959,0.15220179
852.43235722,0.17066950
852.67370424,0.17277891
852.91506063,0.17933464
853.15642640,0.18853747
853.39780154,0.18708984
853.63918605,0.19352148
853.88057992,0.19691309
854.12198317,0.20011857
854.36339577,0.19641675
854.60481773,0.19387305
854.84624905,0.19530001
855.08768973,0.19135002
855.32913975,0.18576628
855.57059912,0.17937600
855.81206784,0.17786632
856.05354590,0.17447471
856.29503330,0.17461948
856.53653004,0.16525120
856.77803611,0.16353472
857.01955151,0.15613109
857.26107624,0.18731732
857.50261030,0.15635857
857.74415367,0.15580020
857.98570637,0.13731181
858.22726839,0.14291623
858.46883972,0.13712568
858.71042037,0.13334115
858.95201032,0.12777808
859.19360958,0.12399355
859.43521814,0.11828572
859.67683601,0.11338444
859.91846317,0.12451056
860.16009963,0.10868996
860.40174538,0.10453317
860.64340042,0.10389208
860.88506474,0.10302349
861.12673835,0.10519495
861.36842125,0.10124497
861.61011342,0.10308553
861.85181487,0.10176198
862.09352559,0.10399548
862.33524558,0.10267192
862.57697484,0.10399548
862.81871336,0.10589809
863.06046114,0.11584542
863.30221819,0.11303287
863.54398449,0.11576270
863.78576004,0.10966194
864.02754485,0.10763525
864.26933890,0.10269260
864.51114220,0.10476066
864.75295474,0.10753185
864.99477653,0.11412894
865.23660755,0.10689075
865.47844780,0.10246512
865.72029728,0.09872194
865.96215600,0.10066591
866.20402394,0.09568191
866.44590110,0.09913555
866.68778748,0.08982932
866.92968308,0.09229030
867.17158790,0.08906414
867.41350193,0.09276595
867.65542516,0.09053245
867.89735761,0.09086334
868.13929926,0.09262119
868.38125011,0.09249710
868.62321015,0.09535102
868.86517940,0.10302349
869.10715783,0.09702614
869.34914546,0.10182402
869.59114227,0.10744913
869.83314827,0.10612557
870.07516344,0.10343710
870.31718780,0.09901147
870.55922133,0.10881404
870.80126404,0.10387139
871.04331592,0.10397480
871.28537696,0.10327166
871.52744717,0.09919760
871.76952655,0.09706750
872.01161508,0.10287873
872.25371277,0.09996278
872.49581961,0.09470992
872.73793560,0.09880467
872.98006075,0.08902278
873.22219503,0.09047041
873.46433846,0.08966387
873.70649103,0.09216622
873.94865274,0.08149506
874.19082358,0.08567253
874.43300356,0.08583797
874.67519266,0.08546573
874.91739089,0.07469117
875.15959824,0.07380191
875.40181471,0.06937628
875.64404031,0.06904539
875.88627501,0.06416478
876.12851883,0.06507473
876.37077176,0.06325484
876.61303379,0.05973915
876.85530493,0.06172448
877.09758517,0.05841560
877.33987451,0.05736089
877.58217294,0.06168312
877.82448047,0.06205537
878.06679709,0.06848701
878.30912279,0.06571582
878.55145758,0.07090663
878.79380145,0.07824822
879.03615440,0.07431892
879.27851643,0.07620085
879.52088753,0.07851707
879.76326770,0.07882728
880.00565694,0.08635499
880.24805524,0.08420421
880.49046260,0.08621022
880.73287903,0.08728561
880.97530451,0.09394474
881.21773905,0.08592070
881.46018264,0.08654111
881.70263527,0.08958115
881.94509695,0.09326228
882.18756768,0.09344841
882.43004744,0.09303480
882.67253625,0.09609552
882.91503409,0.09152512
883.15754095,0.09022225
883.40005685,0.08898142
883.64258178,0.09226962
883.88511573,0.08736833
884.12765869,0.08765786
884.37021068,0.08426625
884.61277168,0.08728561
884.85534170,0.07981994
885.09792072,0.07512546
885.34050876,0.07520818
885.58310579,0.07628357
885.82571183,0.07303673
886.06832686,0.06834225
886.31095090,0.06683257
886.55358392,0.06075250
886.79622594,0.05953234
887.03887694,0.05500331
887.28153693,0.05212872
887.52420589,0.05564441
887.76688384,0.05322478
888.00957077,0.04921276
888.25226667,0.04751696
888.49497154,0.04526278
888.73768537,0.04596592
888.98040818,0.04145756
889.22313994,0.03943087
889.46588067,0.04216070
889.70863035,0.03816936
889.95138899,0.03701125
890.19415657,0.03854161
890.43693311,0.03552225
890.67971859,0.03519136
890.92251302,0.03165499
891.16531639,0.03064165
891.40812869,0.02919401
891.65094993,0.02834611
891.89378010,0.02818067
892.13661920,0.02875972
892.37946723,0.02917333
892.62232418,0.02898721
892.86519005,0.03519136
893.10806484,0.03595654
893.35094854,0.04063034
893.59384116,0.03701125
893.83674269,0.04129212
894.07965312,0.04114736
894.32257246,0.04571775
894.56550070,0.04606932
894.80843784,0.05696796
895.05138388,0.05268709
895.29433881,0.05748497
895.53730263,0.05396928
895.78027533,0.05659571
896.02325692,0.05748497
896.26624740,0.05930486
896.50924675,0.06263442
896.75225498,0.06586059
896.99527208,0.06544698
897.23829806,0.06182788
897.48133290,0.06414410
897.72437661,0.06176584
897.96742918,0.06100066
898.21049061,0.06102134
898.45356090,0.06015276
898.69664005,0.06354437
898.93972804,0.05572713
899.18282488,0.06129019
899.42593057,0.06100066
899.66904511,0.06172448
899.91216848,0.06805272
900.15530069,0.06222081
900.39844174,0.06650168
900.64159162,0.06011140
900.88475033,0.06240694
901.12791786,0.06794932
901.37109422,0.07101004
901.61427940,0.07187862
901.85747340,0.07518750
902.10067621,0.07775189
902.34388784,0.08254977
902.58710827,0.08339767
902.83033752,0.08263249
903.07357557,0.08722357
903.31682242,0.08916754
903.56007807,0.08807147
903.80334251,0.08722357
904.04661575,0.08842304
904.28989778,0.09191805
904.53318860,0.09508217
904.77648820,0.09276595
905.01979659,0.09727431
905.26311375,0.09289003
905.50643969,0.09944576
905.74977441,0.10122429
905.99311789,0.09981801
906.23647015,0.10085204
906.47983117,0.10043843
906.72320095,0.09828765
906.96657950,0.10368527
907.20996680,0.09582667
907.45336285,0.09837037
907.69676766,0.09820493
907.94018122,0.10219627
908.18360352,0.10062455
908.42703457,0.10567060
908.67047435,0.10054183
908.91392288,0.09518557
909.15738014,0.09715022
909.40084613,0.08925026
909.64432085,0.09255915
909.88780430,0.09276595
910.13129648,0.09160784
910.37479737,0.09011884
910.61830699,0.08674792
910.86182531,0.08383196
911.10535236,0.07837230
911.34888811,0.08449374
911.59243257,0.07518750
911.83598573,0.07752440
912.07954760,0.07826890
912.32311816,0.07810346
912.56669743,0.08004743
912.81028538,0.07837230
913.05388203,0.07804142
913.29748736,0.08089533
913.54110138,0.07917885
913.78472408,0.07663514
914.02835547,0.07498070
914.27199552,0.08163983
914.51564426,0.07615949
914.75930166,0.07423620
915.00296774,0.07630425
915.24664247,0.08006811
915.49032588,0.07599404
915.73401794,0.07690399
915.97771866,0.07822754
916.22142803,0.08740970
916.46514606,0.08815419
916.70887274,0.09032565
916.95260806,0.08757514
917.19635202,0.09907351
917.44010463,0.09752247
917.68386588,0.10478134
917.92763576,0.10308553
918.17141427,0.11818232
918.41520141,0.12417967
918.65899718,0.12608228
918.90280158,0.13096289
919.14661459,0.13623642
919.39043623,0.13431313
919.63426648,0.14380549
919.87810534,0.15342194
920.12195281,0.16117714
920.36580890,0.15954337
920.60967358,0.17377158
920.85354687,0.17265483
921.09742876,0.17381294
921.34131924,0.16690564
921.58521832,0.17205509
921.82912599,0.16411377
922.07304225,0.15923317
922.31696709,0.14814840
922.56090052,0.14374345
922.80484252,0.13667071
923.04879310,0.13222440
923.29275226,0.12389015
923.53671999,0.11714829
923.78069629,0.10209287
924.02468115,0.10364391
924.26867458,0.09195941
924.51267656,0.08761650
924.75668711,0.08085397
925.00070621,0.07768985
925.24473386,0.07220951
925.48877006,0.06983125
925.73281481,0.06528153
925.97686810,0.05858104
926.22092994,0.05866376
926.46500031,0.05285253
926.70907921,0.04650361
926.95316665,0.04937821
927.19726262,0.04191254
927.44136712,0.04038218
927.68548014,0.03508796
927.92960168,0.03738350
928.17373175,0.02890448
928.41787032,0.02880108
928.66201741,0.03115866
928.90617302,0.02764297
929.15033713,0.02538879
929.39450974,0.02452021
929.63869086,0.02547152
929.88288047,0.02418932
930.12707859,0.02396184
930.37128520,0.03101390
930.61550029,0.02658826
930.85972388,0.03130342
931.10395595,0.02979375
931.34819651,0.03148955
931.59244554,0.03173772
931.83670306,0.02979375
932.08096904,0.03690785
932.32524350,0.03829344
932.56952643,0.04354630
932.81381782,0.04635885
933.05811768,0.04257431
933.30242600,0.05281117
933.54674278,0.04923344
933.79106801,0.05783654
934.03540169,0.05523079
934.27974382,0.05552032
934.52409440,0.06178652
934.76845343,0.06311008
935.01282089,0.06102134
935.25719680,0.06449567
935.50158114,0.06619147
935.74597391,0.06207605
935.99037511,0.06381321
936.23478474,0.06313076
936.47920279,0.06339960
936.72362927,0.07731760
936.96806417,0.07051370
937.21250748,0.06993465
937.45695920,0.07169249
937.70141934,0.06583991
937.94588788,0.06327552
938.19036483,0.06191060
938.43485019,0.06286191
938.67934394,0.06066977
938.92384608,0.05634754
939.16835663,0.06069045
939.41287556,0.06366845
939.65740288,0.06753571
939.90193859,0.06174516
940.14648268,0.06060773
940.39103515,0.05827083
940.63559600,0.06021480
940.88016523,0.05599597
941.12474282,0.06035957
941.36932879,0.05738157
941.61392312,0.06153836
941.85852581,0.05456902
942.10313687,0.05446562
942.34775628,0.05405200
942.59238405,0.04977114
942.83702017,0.04925412
943.08166464,0.05494127
943.32631746,0.05510671
943.57097862,0.05163238
943.81564813,0.05256301
944.06032597,0.05132218
944.30501215,0.05008134
944.54970666,0.05266641
944.79440950,0.05082584
945.03912067,0.04776512
945.28384016,0.05194259
945.52856798,0.04933684
945.77330412,0.04613136
946.01804857,0.03930679
946.26280133,0.04133348
946.50756241,0.04075443
946.75233179,0.04304996
946.99710948,0.04083715
947.24189548,0.04216070
947.48668977,0.04075443
947.73149236,0.04278112
947.97630324,0.03856229
948.22112242,0.04189185
948.46594988,0.04222274
948.71078563,0.04156097
948.95562966,0.04813737
949.20048198,0.03972040
949.44534257,0.04013401
949.69021144,0.04205730
949.93508857,0.04385650
950.17997398,0.04089919
950.42486766,0.03808664
950.66976959,0.04267771
950.91467979,0.03957564
951.15959825,0.04019605
951.40452496,0.03837617
951.64945993,0.03490184
951.89440314,0.03957564
952.13935461,0.03273038
952.38431431,0.02991783
952.62928226,0.02427205
952.87425845,0.02578172
953.11924287,0.03008327
953.36423553,0.02565764
953.60923642,0.02350687
953.85424553,0.02605057
954.09926287,0.02282441
954.34428843,0.02046683
954.58932222,0.02007390
954.83436421,0.02491314
955.07941443,0.01819197
955.32447285,0.01788176
955.56953948,0.02032206
955.81461432,0.02061159
956.05969736,0.01674433
956.30478860,0.01215326
956.54988803,0.01560690
956.79499567,0.01308388
957.04011149,0.01643413
957.28523550,0.01190509
957.53036770,0.01380770
957.77550808,0.01244278
958.02065664,0.01451084
958.26581338,0.00989908
958.51097830,0.01287707
958.75615139,0.01351817
959.00133264,0.01537942
959.24652207,0.01264959
959.49171965,0.01918464
959.73692540,0.01635140
959.98213931,0.01990845
960.22736137,0.01949484
960.47259159,0.02239012
960.71782995,0.05080516
960.96307647,0.02621602
961.20833112,0.02634010
961.45359392,0.03057961
961.69886486,0.02865632
961.94414394,0.03103458
962.18943115,0.03268902
962.43472648,0.03134479
962.68002995,0.03670104
962.92534154,0.03579110
963.17066126,0.03417802
963.41598909,0.03510864
963.66132504,0.03612199
963.90666911,0.03779711
964.15202128,0.03361964
964.39738157,0.04362902
964.64274996,0.04209866
964.88812645,0.04726879
965.13351104,0.04185049
965.37890374,0.04509734
965.62430452,0.04538686
965.86971340,0.04635885
966.11513036,0.04803397
966.36055542,0.04592456
966.60598855,0.04671042
966.85142977,0.04439420
967.09687907,0.04120940
967.34233644,0.04720675
967.58780188,0.04675178
967.83327539,0.04493189
968.07875697,0.05336955
968.32424661,0.05903601
968.56974432,0.05113605
968.81525008,0.05001930
969.06076390,0.04867507
969.30628577,0.05159102
969.55181570,0.05130149
969.79735367,0.05489991
970.04289968,0.04671042
970.28845374,0.04929548
970.53401583,0.04788921
970.77958597,0.05372112
971.02516413,0.04774444
971.27075033,0.04656565
971.51634455,0.04520074
971.76194680,0.05068108
972.00755708,0.04724811
972.25317537,0.04937821
972.49880168,0.04745492
972.74443600,0.05204599
972.99007834,0.05078448
973.23572868,0.05527216
973.48138703,0.05758837
973.72705338,0.06071113
973.97272774,0.06267578
974.21841009,0.06544698
974.46410043,0.06871450
974.70979877,0.06637760
974.95550510,0.06085590
975.20121941,0.06377185
975.44694171,0.06151767
975.69267199,0.05684388
975.93841024,0.05713340
976.18415647,0.06563310
976.42991068,0.06476452
976.67567285,0.05806403
976.92144299,0.05299730
977.16722110,0.05481718
977.41300717,0.06007004
977.65880119,0.05438289
977.90460317,0.05076380
978.15041311,0.05740225
978.39623099,0.05440357
978.64205683,0.05332819
978.88789061,0.05154966
979.13373233,0.05126013
979.37958199,0.04710335
979.62543958,0.04420807
979.87130511,0.04894391
980.11717857,0.04689654
980.36305996,0.04404263
980.60894928,0.04313269
980.85484651,0.04160233
981.10075167,0.04081647
981.34666475,0.03748690
981.59258573,0.03637015
981.83851463,0.03182044
982.08445144,0.03421938
982.33039616,0.03206860
982.57634878,0.02923537
982.82230930,0.02795318
983.06827771,0.03080709
983.31425403,0.03113798
983.56023823,0.02561628
983.80623032,0.02954558
984.05223031,0.02259692
984.29823817,0.02216263
984.54425391,0.02520267
984.79027754,0.02125269
985.03630904,0.02472702
985.28234841,0.02133541
985.52839565,0.02741549
985.77445076,0.02377571
986.02051374,0.02720868
986.26658457,0.02309326
986.51266327,0.03014532
986.75874982,0.02863564
987.00484422,0.02859428
987.25094647,0.03680444
987.49705658,0.03419870
987.74317452,0.03324739
987.98930031,0.03320603
988.23543394,0.03508796
988.48157541,0.03494320
988.72772471,0.03808664
988.97388184,0.04408399
989.22004680,0.03626675
989.46621959,0.04038218
989.71240020,0.03947223
989.95858862,0.04565571
990.20478487,0.03781779
990.45098893,0.04664838
990.69720080,0.03897590
990.94342048,0.03897590
991.18964797,0.03674240
991.43588326,0.03959632
991.68212635,0.03603927
991.92837724,0.03761099
992.17463593,0.03850025
992.42090240,0.03477775
992.66717667,0.03361964
992.91345872,0.03372305
993.15974856,0.02849087
993.40604618,0.03045552
993.65235158,0.02691915
993.89866475,0.02962830
994.14498570,0.02751889
994.39131441,0.02706392
994.63765090,0.02702256
994.88399515,0.02330006
995.13034716,0.02780842
995.37670693,0.02435477
995.62307445,0.02418932
995.86944973,0.01856422
996.11583276,0.01887443
996.36222354,0.02193515
996.60862206,0.02247284
996.85502833,0.02317598
997.10144233,0.01901919
997.34786408,0.01755087
997.59429355,0.01796448
997.84073076,0.01709590
998.08717570,0.01116059
998.33362836,0.01664093
998.58008875,0.01238074
998.82655685,0.01432471
999.07303267,0.02313462
999.31951621,0.01709590
999.56600746,0.01316660
999.81250642,0.01370430
1000.05901309,0.01289776
1000.30552746,0.01269095
1000.55204953,0.01262891
1000.79857929,0.01736475
1001.04511676,0.01624800
1001.29166191,0.01885375
1001.53821476,0.01091242
1001.78477529,0.01295980
1002.03134351,0.01320796
1002.27791941,0.01511057
1002.52450299,0.01713726
1002.77109424,0.01591711
1003.01769317,0.01192577
1003.26429976,0.01684774
1003.51091403,0.01407655
1003.75753596,0.01436607
1004.00416555,0.01308388
1004.25080280,0.02048751
1004.49744771,0.01610324
1004.74410027,0.01682706
1004.99076048,0.01606188
1005.23742834,0.01415927
1005.48410384,0.01906055
1005.73078699,0.01449016
1005.97747778,0.01589643
1006.22417620,0.01434539
1006.47088226,0.01527602
1006.71759595,0.01573099
1006.96431727,0.01883307
1007.21104622,0.01655821
1007.45778279,0.01808857
1007.70452698,0.01415927
1007.95127879,0.01622732
1008.19803821,0.01602052
1008.44480524,0.01947416
1008.69157988,0.01844014
1008.93836213,0.01978437
1009.18515199,0.01362157
1009.43194944,0.01875034
1009.67875450,0.01705454
1009.92556715,0.01300116
1010.17238739,0.01469696
1010.41921522,0.01806789
1010.66605064,0.01602052
1010.91289364,0.01386974
1011.15974422,0.01250483
1011.40660239,0.01064358
1011.65346813,0.01200849
1011.90034144,0.01862626
1012.14722232,0.01492445
1012.39411078,0.01382838
1012.64100679,0.01864694
1012.88791037,0.01920532
1013.13482151,0.01672365
1013.38174020,0.01949484
1013.62866645,0.02015662
1013.87560025,0.02288645
1014.12254160,0.02172834
1014.36949049,0.02474770
1014.61644693,0.02588513
1014.86341091,0.02170766
1015.11038242,0.02073568
1015.35736147,0.02224535
1015.60434805,0.02152154
1015.85134216,0.02201787
1016.09834379,0.02286577
1016.34535295,0.02203855
1016.59236963,0.02253488
1016.83939383,0.02174902
1017.08642554,0.02110792
1017.33346476,0.02019798
1017.58051150,0.02063227
1017.82756574,0.01678569
1018.07462748,0.01540010
1018.32169673,0.01804721
1018.56877347,0.01393178
1018.81585771,0.01674433
1019.06294945,0.01639276
1019.31004867,0.00909254
1019.55715538,0.00880301
1019.80426957,0.01374566
1020.05139125,0.01535874
1020.29852041,0.01258755
1020.54565704,0.00917526
1020.79280114,0.01039541
1021.03995272,0.00716925
1021.28711177,0.01254619
1021.53427828,0.00841008
1021.78145225,0.01273231
1022.02863368,0.00934070
1022.27582257,0.00727265
1022.52301891,0.01424199
1022.77022270,0.01064358
1023.01743395,0.00849280
1023.26465263,0.00898914
1023.51187876,0.00336403
1023.75911234,0.00911322
1024.00635335,0.00464623
1024.25360179,0.00491507
1024.50085766,0.00675564
1024.74812097,0.00758286
1024.99539170,0.00572161
1025.24266985,0.00752082
1025.48995543,0.00630067
1025.73724842,0.00474963
1025.98454883,0.00822396
1026.23185665,0.00472895
1026.47917188,0.00425330
1026.72649452,0.00998180
1026.97382456,0.00987840
1027.22116200,0.00392241
1027.46850685,0.00621795
1027.71585908,0.00634203
1027.96321872,0.00669360
1028.21058574,0.00319859
1028.45796014,-0.01080213
1028.70534194,-0.01144323
1028.95273111,-0.01183616
1029.20012767,-0.01088485
1029.44753160,-0.01175343
1029.69494290,-0.01094689
