199.82001468,0.00213449
200.02220309,0.00362174
200.22440896,0.00198989
200.42663230,0.00203120
200.62887310,0.00217580
200.83113136,0.00403487
201.03340708,0.00137020
201.23570025,0.00355977
201.43801087,0.00337387
201.64033894,0.00554278
201.84268445,0.00490243
202.04504741,0.00219646
202.24742780,0.00300205
202.44982564,0.00174202
202.65224090,-0.00154234
202.85467360,0.00583197
203.05712372,0.00252696
203.25959128,0.00023410
203.46207625,0.00465456
203.66457864,0.00294008
203.86709846,0.00593525
204.06963568,0.00527425
204.27219032,0.00384896
204.47476237,0.00393159
204.67735182,0.00277483
204.87995868,0.01072752
205.08258293,0.00490243
205.28522459,0.00362174
205.48788364,0.00360109
205.69056008,0.00269221
205.89325391,0.00616247
206.09596513,0.00248564
206.29869374,0.00736054
206.50143972,0.00424143
206.70420308,0.00238236
206.90698382,0.00194858
207.10978194,0.00242367
207.31259742,0.00641034
207.51543027,-0.00055084
207.71828048,0.00211383
207.92114806,0.00306402
208.12403299,0.00760841
208.32693528,0.00130823
208.52985493,0.00358043
208.73279193,-0.00121184
208.93574627,0.00979798
209.13871796,0.00523293
209.34170699,0.00248564
209.54471336,-0.00075740
209.74773707,0.00256827
209.95077811,0.00227908
210.15383649,0.00116364
210.35691219,0.00473718
210.56000522,0.00426209
210.76311557,-0.00100527
210.96624324,0.00413815
211.16938823,0.00056461
211.37255053,0.00188661
211.57573015,0.00019279
211.77892707,0.00296074
211.98214130,-0.00071609
212.18537284,0.00225842
212.38862167,0.00042001
212.59188781,0.00116364
212.79517124,0.00219646
212.99847196,0.00058526
213.20178997,0.00329124
213.40512527,0.00690610
213.60847785,0.00205186
213.81184772,0.00269221
214.01523486,-0.00199678
214.21863928,0.00417946
214.42206097,0.00595591
214.62549993,0.00415881
214.82895616,0.00242367
215.03242966,0.00242367
215.23592042,0.00141152
215.43942843,0.00238236
215.64295370,0.00258893
215.84649623,0.00411749
216.05005601,0.00785629
216.25363303,0.00252696
216.45722731,0.00450996
216.66083882,-0.00001377
216.86446757,0.00287811
217.06811356,0.00023410
217.27177679,0.00498506
217.47545724,0.00254761
217.67915493,0.00215514
217.88286984,0.00159742
218.08660198,0.00504703
218.29035133,0.00742250
218.49411790,0.00698872
218.69790169,0.00364240
218.90170269,0.00203120
219.10552090,0.00529490
219.30935632,0.00558409
219.51320894,0.00153545
219.71707876,0.00198989
219.92096578,0.00504703
220.12486999,0.00019279
220.32879140,0.00525359
220.53272999,0.00170070
220.73668578,0.00577000
220.94065875,0.00424143
221.14464890,0.00110167
221.34865623,0.00444799
221.55268073,0.00194858
221.75672241,-0.00092265
221.96078126,0.00219646
222.16485728,-0.00038558
222.36895046,-0.00048887
222.57306080,0.00337387
222.77718831,0.00188661
222.98133297,-0.00094331
223.18549478,0.00535687
223.38967375,0.00145283
223.59386986,0.00062658
223.79808312,0.00389027
224.00231352,0.00453062
224.20656106,0.00465456
224.41082574,0.00393159
224.61510756,0.00816613
224.81940650,0.00048198
225.02372258,-0.00063346
225.22805578,0.00165939
225.43240610,-0.00170759
225.63677355,0.00484046
225.84115811,0.00021345
226.04555979,0.00401421
226.24997858,0.00029607
226.45441448,0.00302271
226.65886748,0.00358043
226.86333759,0.00122561
227.06782480,0.00072986
227.27232911,0.00339452
227.47685052,0.00205186
227.68138902,0.00413815
227.88594461,0.00002754
228.09051728,0.00263024
228.29510704,0.00417946
228.49971389,0.00552212
228.70433781,0.00510900
228.90897881,0.00300205
229.11363688,0.00188661
229.31831202,0.00312599
229.52300423,0.00360109
229.72771350,0.00265089
229.93243984,0.00277483
230.13718324,-0.00003443
230.34194369,0.00246499
230.54672120,0.00800088
230.75151576,0.00198989
230.95632737,0.00527425
231.16115602,0.00116364
231.36600172,0.00037870
231.57086446,0.00124626
231.77574423,0.00401421
231.98064104,-0.00176956
232.18555488,0.00087445
232.39048575,0.00490243
232.59543365,0.00058526
232.80039857,0.00062658
233.00538051,0.00229974
233.21037947,0.00312599
233.41539544,0.01725491
233.62042843,0.00289877
233.82547842,0.00042001
234.03054543,0.00603853
234.23562943,0.00048198
234.44073044,0.00240302
234.64584845,0.00546015
234.85098345,0.00097773
235.05613545,0.00446865
235.26130444,0.00324993
235.46649041,0.00116364
235.67169337,0.00395224
235.87691331,0.00630706
236.08215023,0.00132889
236.28740413,0.00391093
236.49267500,0.00137020
236.69796284,-0.00005508
236.90326765,0.00296074
237.10858942,0.00341518
237.31392816,0.00438603
237.51928386,0.00605919
237.72465651,0.00289877
237.93004612,0.00089511
238.13545268,0.00114298
238.34087619,0.00246499
238.54631664,0.00273352
238.75177404,0.00126692
238.95724838,-0.00001377
239.16273965,0.00287811
239.36824786,0.00618313
239.57377300,0.00277483
239.77931508,0.00643100
239.98487407,0.00364240
240.19045000,0.00506768
240.39604284,0.00362174
240.60165260,-0.00081937
240.80727928,0.00238236
241.01292287,0.00360109
241.21858337,0.00512965
241.42426077,0.00250630
241.62995508,0.00450996
241.83566630,0.00120495
242.04139441,0.00310533
242.24713941,0.00275418
242.45290131,0.00050264
242.65868010,0.00203120
242.86447578,0.00130823
243.07028835,0.00548081
243.27611779,0.00607984
243.48196412,0.00420012
243.68782732,-0.00032362
243.89370739,0.00122561
244.09960434,0.00207252
244.30551816,0.00322927
244.51144884,0.00397290
244.71739638,0.00161808
244.92336078,0.00225842
245.12934204,-0.00017902
245.33534016,0.00298140
245.54135512,0.00250630
245.74738694,0.00324993
245.95343560,0.00130823
246.15950110,0.00543950
246.36558345,0.00198989
246.57168263,0.00362174
246.77779865,0.00145283
246.98393150,0.00616247
247.19008118,0.00263024
247.39624769,0.00349780
247.60243102,0.00341518
247.80863117,0.00579066
248.01484814,0.00289877
248.22108192,0.00415881
248.42733252,-0.00063346
248.63359993,0.00019279
248.83988415,-0.00172825
249.04618517,0.00651363
249.25250299,-0.00015837
249.45883761,-0.00201743
249.66518903,0.00370437
249.87155724,0.00149414
250.07794224,0.00568737
250.28434403,0.00217580
250.49076260,0.00744316
250.69719796,0.00070920
250.90365009,-0.00042690
251.11011901,0.00108101
251.31660469,0.00492309
251.52310715,0.00304336
251.72962638,0.00401421
251.93616237,0.00376634
252.14271513,0.00269221
252.34928464,0.00159742
252.55587091,0.00260958
252.76247394,0.00296074
252.96909372,0.00157677
253.17573025,0.00205186
253.38238352,0.00006885
253.58905354,0.00190727
253.79574030,0.00203120
254.00244380,0.00298140
254.20916403,0.00806285
254.41590099,0.00707135
254.62265469,0.00201055
254.82942511,0.00159742
255.03621225,0.00161808
255.24301612,0.00304336
255.44983670,0.00046132
255.65667400,0.00444799
255.86352802,0.00015148
256.07039874,0.00056461
256.27728617,0.00132889
256.48419031,0.00232039
256.69111115,0.00190727
256.89804868,0.00130823
257.10500292,0.00046132
257.31197384,0.00312599
257.51896146,0.00926092
257.72596577,-0.00110856
257.93298676,0.00314665
258.14002443,0.00329124
258.34707878,0.00153545
258.55414981,0.00289877
258.76123752,0.00085379
258.96834190,0.00649297
259.17546294,-0.00026165
259.38260065,-0.00100527
259.58975502,0.00095708
259.79692606,0.00198989
260.00411375,0.00244433
260.21131810,-0.00013771
260.41853909,0.00368371
260.62577674,0.00271286
260.83303103,0.00413815
261.04030197,-0.00243056
261.24758955,0.00093642
261.45489377,0.00106036
261.66221462,0.00374568
261.86955210,0.00492309
262.07690622,0.00287811
262.28427696,0.00159742
262.49166433,-0.00121184
262.69906831,0.00413815
262.90648892,-0.00156299
263.11392614,0.00077117
263.32137998,0.00424143
263.52885042,0.00294008
263.73633747,0.00744316
263.94384113,0.00246499
264.15136139,0.00411749
264.35889825,0.00692675
264.56645171,0.00422077
264.77402176,0.00186595
264.98160840,0.00186595
265.18921163,0.00118430
265.39683144,-0.00121184
265.60446784,0.00723660
265.81212081,0.00044067
266.01979037,0.00294008
266.22747650,0.00149414
266.43517920,0.00110167
266.64289847,0.00013082
266.85063430,0.00120495
267.05838670,-0.00032362
267.26615566,0.00256827
267.47394117,0.00062658
267.68174324,-0.00075740
267.88956187,0.00531556
268.09739704,0.00227908
268.30524876,0.00331190
268.51311702,0.00556344
268.72100183,-0.00077805
268.92890317,-0.00073674
269.13682105,-0.00067477
269.34475546,-0.00201743
269.55270640,0.00093642
269.76067387,0.00097773
269.96865786,-0.00156299
270.17665838,0.00110167
270.38467541,0.00008951
270.59270896,0.00267155
270.80075902,0.00130823
271.00882560,0.00337387
271.21690868,0.00006885
271.42500826,0.00333255
271.63312435,0.00155611
271.84125694,0.00209317
272.04940602,0.00566672
272.25757160,0.00178333
272.46575367,0.00358043
272.67395223,0.00283680
272.88216727,0.00110167
273.09039880,0.00692675
273.29864681,0.00046132
273.50691129,0.00168005
273.71519225,0.00283680
273.92348968,0.00056461
274.13180358,-0.00024099
274.34013395,0.00044067
274.54848077,0.00112233
274.75684406,0.00134955
274.96522381,0.00335321
275.17362001,-0.00067477
275.38203267,0.00508834
275.59046177,0.00281614
275.79890732,0.00296074
276.00736932,0.00446865
276.21584776,-0.00022033
276.42434263,0.00050264
276.63285394,-0.00373191
276.84138169,0.00046132
277.04992586,0.00093642
277.25848646,0.00310533
277.46706349,0.00207252
277.67565694,-0.00044755
277.88426680,0.00097773
278.09289309,-0.00028230
278.30153578,-0.00073674
278.51019489,0.00444799
278.71887041,0.00227908
278.92756233,0.00467521
279.13627065,0.00291943
279.34499537,0.00260958
279.55373649,0.00337387
279.76249401,0.00996323
279.97126791,0.00345649
280.18005820,0.00198989
280.38886488,0.00137020
280.59768795,-0.00108790
280.80652739,0.00134955
281.01538321,0.00072986
281.22425540,0.00054395
281.43314397,0.00194858
281.64204891,0.00163873
281.85097021,0.00227908
282.05990788,0.00279549
282.26886190,0.00229974
282.47783229,-0.00274041
282.68681903,0.00335321
282.89582212,0.00068854
283.10484156,0.00134955
283.31387735,0.00087445
283.52292949,0.00075051
283.73199796,0.00139086
283.94108277,0.00430340
284.15018392,0.00219646
284.35930141,0.00229974
284.56843522,0.00256827
284.77758536,0.00339452
284.98675183,0.00182464
285.19593461,0.00746382
285.40513372,0.00333255
285.61434914,0.00372502
285.82358088,-0.00197612
286.03282893,0.00039936
286.24209328,0.00345649
286.45137395,0.00054395
286.66067091,0.00273352
286.86998417,0.00291943
287.07931373,0.00256827
287.28865959,0.00515031
287.49802174,0.00134955
287.70740017,-0.00125315
287.91679489,0.00283680
288.12620590,0.00382830
288.33563318,-0.00042690
288.54507675,0.00219646
288.75453658,-0.00053018
288.96401269,0.00281614
289.17350507,0.00145283
289.38301372,0.00498506
289.59253863,0.00087445
289.80207980,0.00550147
290.01163723,0.00050264
290.22121091,0.00221711
290.43080085,0.00285746
290.64040703,0.00091576
290.85002947,0.00256827
291.05966815,0.00467521
291.26932307,0.00442734
291.47899422,0.00048198
291.68868162,0.00389027
291.89838525,0.00019279
292.10810511,0.00541884
292.31784119,0.00165939
292.52759350,-0.00077805
292.73736204,0.00258893
292.94714679,0.00304336
293.15694776,0.00141152
293.36676494,0.00134955
293.57659834,0.00170070
293.78644794,-0.00170759
293.99631375,0.00052329
294.20619576,0.00426209
294.41609397,0.00653428
294.62600838,0.00149414
294.83593898,0.00254761
295.04588578,-0.00210006
295.25584876,-0.00166628
295.46582793,0.00174202
295.67582328,0.00339452
295.88583481,-0.00034427
296.09586253,-0.00096396
296.30590641,0.00366305
296.51596647,0.00132889
296.72604270,0.00031673
296.93613509,0.00475784
297.14624365,-0.00265778
297.35636837,0.00211383
297.56650925,0.00267155
297.77666629,-0.00019968
297.98683947,-0.00075740
298.19702881,0.00467521
298.40723429,0.00194858
298.61745592,0.00496440
298.82769369,0.00510900
299.03794760,0.00589394
299.24821765,-0.00207940
299.45850383,0.00457193
299.66880614,-0.00005508
299.87912458,-0.00162496
300.08945914,0.00039936
300.29980983,0.00186595
300.51017663,0.00254761
300.72055955,0.00643100
300.93095859,0.00380765
301.14137374,0.00238236
301.35180499,0.00019279
301.56225235,0.00075051
301.77271582,-0.00168693
301.98319538,0.01004586
302.19369105,-0.00150103
302.40420280,0.00101905
302.61473065,0.00450996
302.82527459,0.00320862
303.03583461,-0.00042690
303.24641072,-0.00011705
303.45700291,0.00320862
303.66761117,0.00223777
303.87823552,0.00533622
304.08887593,0.00013082
304.29953241,0.00023410
304.51020496,-0.00259581
304.72089358,0.00461324
304.93159825,0.00283680
305.14231899,-0.00009640
305.35305578,0.00502637
305.56380862,0.00316730
305.77457752,0.00116364
305.98536246,0.00322927
306.19616344,0.00153545
306.40698047,0.00155611
306.61781354,0.00116364
306.82866264,0.00432406
307.03952778,0.00263024
307.25040895,0.00310533
307.46130614,0.00137020
307.67221937,0.00011017
307.88314861,0.00004820
308.09409387,0.00374568
308.30505515,0.00141152
308.51603245,0.00246499
308.72702576,0.00017214
308.93803507,0.00070920
309.14906039,0.00246499
309.36010172,0.00186595
309.57115904,0.00341518
309.78223236,0.00312599
309.99332168,0.00130823
310.20442699,0.00512965
310.41554829,0.00337387
310.62668557,-0.00077805
310.83783884,0.00322927
311.04900809,-0.00356666
311.26019332,-0.00044755
311.47139452,0.00170070
311.68261169,0.00240302
311.89384484,0.00579066
312.10509395,0.00174202
312.31635903,0.00258893
312.52764007,0.00186595
312.73893706,-0.00121184
312.95025002,0.00097773
313.16157892,-0.00166628
313.37292378,0.00525359
313.58428458,0.00192792
313.79566133,-0.00036493
314.00705402,0.00351846
314.21846266,0.00068854
314.42988722,-0.00005508
314.64132772,0.00147348
314.85278416,-0.00019968
315.06425652,0.00835204
315.27574480,-0.00112921
315.48724901,0.00285746
315.69876914,0.00002754
315.91030518,0.00252696
316.12185715,0.00017214
316.33342502,0.00225842
316.54500880,0.00194858
316.75660848,0.00440668
316.96822407,0.00246499
317.17985556,0.00052329
317.39150295,0.00042001
317.60316624,0.00302271
317.81484541,0.00147348
318.02654048,0.00312599
318.23825143,0.00314665
318.44997826,0.00168005
318.66172098,0.00248564
318.87347957,0.00620378
319.08525404,0.00153545
319.29704439,0.00083314
319.50885060,0.00254761
319.72067268,0.00374568
319.93251063,0.00151480
320.14436443,0.00126692
320.35623410,0.00543950
320.56811962,0.00457193
320.78002100,-0.00071609
320.99193822,0.00004820
321.20387130,-0.00063346
321.41582021,0.00046132
321.62778498,0.00554278
321.83976558,0.00153545
322.05176201,0.00250630
322.26377428,-0.00053018
322.47580239,0.00587328
322.68784632,0.00380765
322.89990607,0.00275418
323.11198165,-0.00001377
323.32407305,0.00213449
323.53618027,0.00203120
323.74830330,0.00143217
323.96044215,0.00126692
324.17259680,0.00512965
324.38476726,0.00401421
324.59695352,0.00087445
324.80915558,0.00283680
325.02137344,0.00035804
325.23360710,0.00153545
325.44585655,0.00405552
325.65812178,0.00298140
325.87040281,-0.00133578
326.08269962,0.00335321
326.29501221,-0.00063346
326.50734058,0.00422077
326.71968472,0.00079183
326.93204464,0.00620378
327.14442032,0.00517097
327.35681178,0.00252696
327.56921900,-0.00007574
327.78164198,0.00198989
327.99408072,-0.00003443
328.20653522,0.00116364
328.41900547,0.00031673
328.63149147,0.00258893
328.84399322,0.00188661
329.05651071,0.00341518
329.26904395,0.00060592
329.48159293,0.00364240
329.69415764,-0.00007574
329.90673809,0.00308468
330.11933427,0.00184530
330.33194617,0.00459259
330.54457381,0.00444799
330.75721716,-0.00061280
330.96987624,0.00054395
331.18255104,0.00310533
331.39524154,0.00676150
331.60794777,0.00120495
331.82066970,-0.00040624
332.03340733,0.00285746
332.24616067,0.00481981
332.45892971,0.00157677
332.67171445,0.00393159
332.88451489,0.00258893
333.09733102,0.00250630
333.31016283,-0.00003443
333.52301034,-0.00042690
333.73587352,0.00015148
333.94875239,-0.00135643
334.16164694,0.00112233
334.37455717,-0.00240990
334.58748306,0.00364240
334.80042463,0.00477850
335.01338187,-0.00081937
335.22635477,0.00161808
335.43934333,0.00192792
335.65234755,0.00242367
335.86536743,0.00349780
336.07840296,0.00101905
336.29145415,0.00159742
336.50452098,0.00070920
336.71760345,0.00234105
336.93070157,0.00147348
337.14381533,0.00097773
337.35694473,0.00106036
337.57008976,0.00393159
337.78325042,0.00252696
337.99642671,0.00172136
338.20961863,0.00077117
338.42282617,0.00265089
338.63604933,-0.00201743
338.84928810,0.00149414
339.06254250,0.00211383
339.27581250,0.00250630
339.48909812,0.00240302
339.70239934,0.00558409
339.91571616,0.00050264
340.12904859,0.00122561
340.34239661,0.00027542
340.55576023,0.00364240
340.76913945,0.00428274
340.98253425,0.00124626
341.19594464,0.00132889
341.40937061,0.00070920
341.62281217,0.00252696
341.83626930,0.00659625
342.04974201,0.00252696
342.26323030,-0.00011705
342.47673415,0.00316730
342.69025357,0.00593525
342.90378856,0.00000689
343.11733911,0.00291943
343.33090522,0.00275418
343.54448688,0.00287811
343.75808410,0.00122561
343.97169687,0.00145283
344.18532519,-0.00024099
344.39896906,0.00252696
344.61262847,-0.00067477
344.82630341,0.00389027
345.03999390,0.00256827
345.25369992,0.00500571
345.46742147,0.00742250
345.68115855,0.00351846
345.89491115,0.00283680
346.10867928,0.00134955
346.32246293,0.00260958
346.53626210,-0.00179021
346.75007679,0.00023410
346.96390698,0.00380765
347.17775269,0.00370437
347.39161390,-0.00042690
347.60549061,0.00302271
347.81938283,0.00015148
348.03329055,0.00132889
348.24721376,0.00064723
348.46115246,0.00370437
348.67510665,-0.00017902
348.88907634,0.00172136
349.10306150,0.00004820
349.31706215,-0.00086068
349.53107828,0.00044067
349.74510988,0.00108101
349.95915696,0.00391093
350.17321950,0.00345649
350.38729752,0.00442734
350.60139100,0.00075051
350.81549994,0.00153545
351.02962435,-0.00071609
351.24376421,0.00215514
351.45791952,0.00157677
351.67209028,0.00072986
351.88627650,0.00013082
352.10047816,0.00159742
352.31469526,0.00432406
352.52892780,0.00281614
352.74317578,0.00318796
352.95743919,0.00351846
353.17171804,0.00258893
353.38601232,0.00304336
353.60032202,0.00046132
353.81464714,0.00496440
354.02898769,-0.00150103
354.24334365,-0.00030296
354.45771503,-0.00216203
354.67210182,0.00393159
354.88650403,0.00432406
355.10092164,0.00333255
355.31535465,-0.00106724
355.52980306,0.00901304
355.74426687,0.00174202
355.95874608,0.00267155
356.17324069,0.00360109
356.38775068,0.00085379
356.60227606,0.00283680
356.81681682,-0.00143906
357.03137297,0.00004820
357.24594449,0.00287811
357.46053139,0.00405552
357.67513367,0.00413815
357.88975132,0.00168005
358.10438433,-0.00065412
358.31903271,-0.00028230
358.53369645,0.00190727
358.74837556,-0.00162496
358.96307002,0.00110167
359.17777983,-0.00011705
359.39250499,0.00244433
359.60724551,0.00337387
359.82200137,0.00137020
360.03677257,0.00110167
360.25155911,0.00097773
360.46636100,0.00318796
360.68117821,-0.00185218
360.89601076,0.00023410
361.11085864,0.00405552
361.32572184,-0.00156299
361.54060037,0.00267155
361.75549422,0.00256827
361.97040338,0.00424143
362.18532786,0.00413815
362.40026766,0.00035804
362.61522276,0.00256827
362.83019318,0.00517097
363.04517889,-0.00007574
363.26017991,-0.00028230
363.47519623,0.00229974
363.69022784,0.00194858
363.90527474,0.00050264
364.12033694,0.00422077
364.33541442,0.00042001
364.55050719,0.00021345
364.76561524,-0.00176956
364.98073857,0.00258893
365.19587718,0.00013082
365.41103106,0.00095708
365.62620021,0.00017214
365.84138463,0.00170070
366.05658432,0.00132889
366.27179927,0.00186595
366.48702948,0.00091576
366.70227494,0.00122561
366.91753566,0.00217580
367.13281163,0.00188661
367.34810285,-0.00067477
367.56340932,0.00143217
367.77873103,0.00283680
367.99406798,0.00211383
368.20942017,-0.00174890
368.42478759,0.00267155
368.64017025,0.00027542
368.85556813,0.00550147
369.07098125,0.00108101
369.28640958,0.00360109
369.50185314,0.00068854
369.71731191,0.00209317
369.93278590,-0.00290566
370.14827511,0.00227908
370.36377952,-0.00160431
370.57929914,0.00008951
370.79483397,0.00339452
371.01038400,0.00182464
371.22594922,0.00110167
371.44152965,0.00081248
371.65712526,0.00190727
371.87273607,-0.00150103
372.08836206,0.00364240
372.30400324,0.00467521
372.51965960,-0.00114987
372.73533114,0.00366305
372.95101786,-0.00081937
373.16671976,0.00368371
373.38243682,0.00304336
373.59816905,0.00327058
373.81391645,-0.00007574
374.02967901,0.00252696
374.24545673,0.00190727
374.46124961,-0.00069543
374.67705764,0.00130823
374.89288082,-0.00084002
375.10871916,-0.00086068
375.32457264,0.00155611
375.54044126,0.00060592
375.75632503,0.00523293
375.97222393,0.00163873
376.18813797,-0.00278172
376.40406713,0.00035804
376.62001143,0.00165939
376.83597086,-0.00230662
377.05194541,0.00147348
377.26793508,0.00174202
377.48393987,0.00434471
377.69995978,0.00473718
377.91599480,0.00184530
378.13204493,0.00097773
378.34811016,0.00302271
378.56419050,0.00465456
378.78028595,0.00362174
378.99639649,0.00035804
379.21252213,0.00031673
379.42866286,0.00178333
379.64481868,0.00089511
379.86098960,0.00490243
380.07717559,0.00296074
380.29337667,0.00163873
380.50959283,0.00070920
380.72582407,0.00260958
380.94207038,0.00339452
381.15833176,0.00221711
381.37460821,0.00099839
381.59089972,-0.00092265
381.80720630,0.00269221
382.02352794,0.00089511
382.23986464,0.00331190
382.45621639,0.00151480
382.67258319,0.00322927
382.88896505,-0.00050952
383.10536195,0.00182464
383.32177389,0.00304336
383.53820087,0.00244433
383.75464289,0.00031673
383.97109995,0.00194858
384.18757204,0.00025476
384.40405916,0.00170070
384.62056131,-0.00081937
384.83707848,0.00157677
385.05361067,0.00335321
385.27015788,0.00165939
385.48672011,0.00362174
385.70329735,0.00436537
385.91988960,0.00302271
386.13649686,0.00046132
386.35311912,0.00238236
386.56975639,0.00174202
386.78640865,0.00145283
387.00307592,0.00170070
387.21975817,-0.00059215
387.43645542,0.00273352
387.65316765,-0.00001377
387.86989487,0.00182464
388.08663707,0.00095708
388.30339426,-0.00032362
388.52016641,0.00205186
388.73695355,0.00537753
388.95375565,0.00455128
389.17057273,-0.00181087
389.38740477,0.00492309
389.60425177,0.00238236
389.82111374,-0.00176956
390.03799066,0.00306402
390.25488253,0.00103970
390.47178936,0.00128758
390.68871114,0.00265089
390.90564787,0.00331190
391.12259954,0.00044067
391.33956614,0.00223777
391.55654769,0.00256827
391.77354418,0.00221711
391.99055559,0.00159742
392.20758194,-0.00024099
392.42462321,0.00316730
392.64167941,0.00097773
392.85875053,0.00403487
393.07583657,-0.00112921
393.29293752,0.00434471
393.51005339,0.00382830
393.72718417,0.00424143
393.94432986,0.00525359
394.16149045,0.00217580
394.37866594,0.00099839
394.59585634,0.00271286
394.81306163,0.00137020
395.03028181,0.00496440
395.24751689,0.00709200
395.46476685,0.00310533
395.68203170,0.00310533
395.89931143,0.00543950
396.11660604,0.00420012
396.33391553,0.00368371
396.55123990,0.00246499
396.76857913,0.00395224
396.98593324,0.00339452
397.20330221,-0.00176956
397.42068604,0.00269221
397.63808474,0.00099839
397.85549829,0.00519162
398.07292670,0.00622444
398.29036996,0.00376634
398.50782807,0.00510900
398.72530103,0.00533622
398.94278883,0.00225842
399.16029147,0.00577000
399.37780895,0.00070920
399.59534127,0.00672019
399.81288841,0.00510900
400.03045039,0.00678216
400.24802720,0.00810416
400.46561883,0.00395224
400.68322529,0.00190727
400.90084656,0.00244433
401.11848265,0.00564606
401.33613355,0.00306402
401.55379926,0.00225842
401.77147978,0.00548081
401.98917511,0.00750513
402.20688524,0.00279549
402.42461017,0.00298140
402.64234989,0.00490243
402.86010441,-0.00063346
403.07787372,0.00599722
403.29565782,0.00386962
403.51345670,0.00500571
403.73127037,0.00473718
403.94909882,0.00283680
404.16694205,0.00581131
404.38480005,0.00364240
404.60267282,0.00296074
404.82056036,0.00304336
405.03846267,0.00748447
405.25637974,0.00767038
405.47431157,0.00610050
405.69225816,0.00296074
405.91021951,0.00366305
406.12819561,0.00081248
406.34618645,0.00170070
406.56419205,0.00386962
406.78221239,0.00382830
407.00024747,0.00663756
407.21829729,0.00147348
407.43636184,0.00628641
407.65444113,0.00475784
407.87253515,0.00682347
408.09064390,0.00376634
408.30876737,0.00527425
408.52690556,0.00517097
408.74505847,0.00296074
408.96322610,0.00610050
409.18140844,0.00267155
409.39960550,0.00364240
409.61781726,0.00343583
409.83604372,0.00570803
410.05428489,0.00736054
410.27254076,0.00108101
410.49081133,0.00558409
410.70909659,0.00657560
410.92739654,0.00382830
411.14571118,0.00882713
411.36404051,0.00320862
411.58238452,0.00657560
411.80074321,0.00566672
412.01911658,0.00764972
412.23750462,0.00676150
412.45590734,0.00550147
412.67432472,0.00560475
412.89275677,0.00506768
413.11120349,0.00207252
413.32966486,0.00225842
413.54814090,0.00411749
413.76663159,0.00647231
413.98513693,0.00341518
414.20365692,0.00157677
414.42219156,0.00300205
414.64074084,0.00306402
414.85930477,0.00473718
415.07788333,0.00124626
415.29647653,0.00283680
415.51508437,0.00064723
415.73370683,0.00393159
415.95234392,0.00347715
416.17099564,0.00558409
416.38966198,0.00517097
416.60834294,0.00537753
416.82703851,0.00593525
417.04574870,0.00068854
417.26447350,0.00405552
417.48321291,0.00475784
417.70196692,0.00260958
417.92073554,0.00554278
418.13951875,0.00603853
418.35831657,0.00174202
418.57712898,0.00223777
418.79595598,0.00859991
419.01479757,0.00979798
419.23365374,0.00411749
419.45252450,0.00221711
419.67140984,0.00742250
419.89030975,0.00700938
420.10922425,0.00994258
420.32815331,0.00401421
420.54709694,0.00583197
420.76605514,0.00543950
420.98502791,0.00479915
421.20401523,0.00236171
421.42301712,0.00471653
421.64203356,0.00798023
421.86106455,0.00285746
422.08011009,0.00463390
422.29917018,0.00682347
422.51824482,0.00434471
422.73733399,0.00335321
422.95643771,0.00777366
423.17555596,0.00562540
423.39468875,0.00512965
423.61383606,0.00529490
423.83299790,0.00490243
424.05217427,0.00672019
424.27136516,0.00554278
424.49057057,0.00672019
424.70979050,0.00616247
424.92902494,0.00669953
425.14827390,0.00488178
425.36753736,0.00566672
425.58681532,0.01014914
425.80610779,0.00750513
426.02541476,0.01060358
426.24473623,0.00378699
426.46407219,0.00839335
426.68342265,0.00366305
426.90278759,0.00562540
427.12216702,0.00698872
427.34156093,0.00733988
427.56096933,0.00868254
427.78039220,0.01250396
427.99982955,0.00760841
428.21928137,0.00500571
428.43874766,0.00446865
428.65822841,0.00893042
428.87772363,0.00874451
429.09723331,0.00612116
429.31675745,0.00277483
429.53629605,0.00535687
429.75584910,0.00882713
429.97541660,0.00930223
430.19499854,0.00599722
430.41459494,0.00839335
430.63420577,0.00979798
430.85383104,0.00750513
431.07347075,0.00888910
431.29312489,0.01128524
431.51279347,0.00843466
431.73247647,0.00779432
431.95217390,0.00564606
432.17188574,0.00882713
432.39161201,0.00744316
432.61135270,0.00560475
432.83110780,0.00781497
433.05087731,0.01299971
433.27066123,0.00461324
433.49045956,0.00750513
433.71027229,0.00822810
433.93009942,0.00905435
434.14994095,0.01076883
434.36979687,0.00585262
434.58966718,0.00926092
434.80955189,0.00878582
435.02945098,0.00810416
435.24936445,0.01506534
435.46929230,0.00977732
435.68923454,0.00979798
435.90919115,0.00833138
436.12916213,0.00915764
436.34914748,0.01072752
436.56914720,0.00880648
436.78916128,0.00913698
437.00918972,0.00961207
437.22923252,0.00878582
437.44928968,0.01184296
437.66936119,0.00952945
437.88944706,0.01101670
438.10954727,0.01122327
438.32966182,0.01134721
438.54979072,0.01089277
438.76993395,0.01657325
438.99009153,0.01359874
439.21026343,0.01262790
439.43044967,0.01525125
439.65065024,0.01638735
439.87086513,0.01019045
440.09109434,0.01023176
440.31133788,0.01008717
440.53159573,0.01539584
440.75186789,0.00857926
440.97215437,0.01031439
441.19245516,0.01192558
441.41277025,0.01062423
441.63309964,0.01050030
441.85344334,0.01029373
442.07380133,0.01089277
442.29417362,0.01114064
442.51456020,0.00975667
442.73496107,0.00981864
442.95537623,0.01128524
443.17580567,0.01219411
443.39624939,0.01240068
443.61670739,0.01114064
443.83717967,0.01138852
444.05766622,0.00963273
444.27816704,0.01324759
444.49868212,0.00651363
444.71921147,0.00880648
444.93975509,0.01238002
445.16031296,0.01173968
445.38088508,0.01103736
445.60147147,0.01275183
445.82207210,0.00857926
446.04268698,0.01357809
446.26331610,0.01768870
446.48395947,0.00859991
446.70461707,0.01256593
446.92528892,0.00946748
447.14597499,0.01202886
447.36667530,0.00767038
447.58738984,0.01459025
447.80811860,0.01147114
448.02886158,0.00880648
448.24961879,0.01163639
448.47039021,0.01155377
448.69117585,0.01634603
448.91197570,0.01316496
449.13278975,0.00684413
449.35361802,0.01004586
449.57446049,0.01211149
449.79531715,0.00773235
450.01618802,0.00864123
450.23707308,0.00934354
450.45797234,0.01512731
450.67888578,0.00969470
450.89981341,0.00773235
451.12075522,0.01339218
451.34171122,0.01409450
451.56268139,0.01556109
451.78366574,0.01268987
452.00466426,0.01421843
452.22567696,0.00847598
452.44670382,0.01140917
452.66774484,0.00866188
452.88880003,0.01543716
453.10986938,0.01047964
453.33095288,0.01279315
453.55205053,0.01002520
453.77316234,0.00597656
453.99428830,0.01291709
454.21542840,0.00802154
454.43658264,0.01378465
454.65775102,0.00952945
454.87893354,0.01182230
455.10013019,0.01184296
455.32134098,0.01611882
455.54256589,0.01646997
455.76380493,0.00932289
455.98505809,0.00971536
456.20632537,0.01405318
456.42760677,0.01103736
456.64890229,0.00942617
456.87021191,0.01421843
457.09153565,0.01068620
457.31287349,0.01221477
457.53422544,0.01775066
457.75559149,0.01657325
457.97697163,0.01105802
458.19836587,0.01535453
458.41977420,0.01434237
458.64119663,0.01855626
458.86263313,0.01341284
459.08408373,0.01834970
459.30554840,0.01603619
459.52702716,0.02254293
459.74851999,0.01147114
459.97002689,0.02177865
460.19154786,0.01415646
460.41308290,0.01816379
460.63463201,0.01361940
460.85619518,0.01219411
461.07777241,0.01640800
461.29936369,0.01574700
461.52096903,0.01882479
461.74258841,0.01822576
461.96422185,0.01562306
462.18586933,0.01725491
462.40753086,0.01818445
462.62920642,0.01671785
462.85089602,0.01500337
463.07259966,0.01624275
463.29431733,0.01572635
463.51604902,0.01717229
463.73779475,0.01963039
463.95955449,0.01872151
464.18132826,0.02351378
464.40311604,0.01644932
464.62491784,0.02064255
464.84673365,0.01576766
465.06856347,0.02107633
465.29040730,0.01746148
465.51226513,0.02115896
465.73413696,0.01768870
465.95602279,0.02058058
466.17792261,0.01977498
466.39983643,0.02345181
466.62176424,0.02204718
466.84370603,0.02415412
467.06566181,0.01977498
467.28763157,0.02328656
467.50961531,0.02120027
467.73161303,0.02343115
467.95362472,0.01940317
468.17565038,0.02427806
468.39769001,0.02120027
468.61974360,0.01989892
468.84181116,0.02243965
469.06389267,0.02789292
469.28598814,0.02310065
469.50809757,0.02595122
469.73022094,0.02704601
469.95235827,0.02409215
470.17450954,0.02165471
470.39667475,0.02148946
470.61885390,0.02355509
470.84104699,0.02351378
471.06325402,0.02836801
471.28547498,0.02332787
471.50770986,0.02650894
471.72995867,0.02285278
471.95222141,0.02169602
472.17449806,0.02353443
472.39678864,0.02074583
472.61909313,0.02384428
472.84141153,0.02120027
473.06374384,0.03014446
473.28609005,0.02809948
473.50845017,0.02382362
473.73082420,0.02704601
473.95321212,0.02400953
474.17561393,0.02799620
474.39802964,0.02454659
474.62045924,0.02400953
474.84290273,0.02204718
475.06536010,0.02661223
475.28783136,0.02795489
475.51031649,0.02495972
475.73281550,0.01973367
475.95532838,0.01975433
476.17785513,0.02312131
476.40039575,0.02250162
476.62295024,0.02231571
476.84551859,0.02287343
477.06810080,0.02194390
477.29069686,0.02322459
477.51330678,0.02060124
477.73593055,0.02289409
477.95856817,0.02113830
478.18121963,0.02254293
478.40388494,0.02336918
478.62656409,0.02568269
478.84925707,0.02310065
479.07196389,0.02495972
479.29468455,0.02714929
479.51741903,0.02838867
479.74016733,0.02064255
479.96292946,0.02398887
480.18570542,0.02661223
480.40849519,0.02444331
480.63129877,0.02832670
480.85411617,0.02535219
481.07694738,0.02504235
481.29979239,0.02745913
481.52265121,0.02533153
481.74552383,0.02807882
481.96841025,0.02297671
482.19131046,0.02832670
482.41422447,0.02518694
482.63715227,0.02828539
482.86009385,0.02498038
483.08304922,0.02367903
483.30601837,0.02359640
483.52900130,0.02898770
483.75199801,0.02279081
483.97500849,0.02706666
484.19803274,0.02456725
484.42107076,0.02237768
484.64412255,0.02679813
484.86718810,0.02613713
485.09026741,0.01987827
485.31336047,0.02068386
485.53646729,0.02502169
485.75958786,0.02153077
485.98272218,0.02074583
486.20587024,0.01837035
486.42903205,0.02262556
486.65220760,0.02246031
486.87539689,0.02524891
487.09859991,0.02084911
487.32181666,0.02250162
487.54504715,0.02665354
487.76829136,0.02285278
487.99154929,0.02438134
488.21482094,0.02297671
488.43810631,0.02274949
488.66140540,0.02768635
488.88471820,0.02516628
489.10804471,0.02723192
489.33138493,0.02582729
489.55473885,0.02634369
489.77810647,0.02524891
490.00148780,0.02611647
490.22488281,0.02735585
490.44829153,0.02896705
490.67171393,0.03030971
490.89515002,0.02781029
491.11859979,0.03163171
491.34206325,0.03125990
491.56554038,0.02739717
491.78903120,0.03210681
492.01253568,0.02545547
492.23605384,0.02830604
492.45958567,0.02888442
492.68313116,0.02838867
492.90669031,0.02374100
493.13026312,0.02194390
493.35384960,0.02310065
493.57744972,0.02115896
493.80106350,0.02103502
494.02469092,0.02382362
494.24833200,0.02246031
494.47198671,0.02475316
494.69565507,0.01865954
494.91933706,0.02675682
495.14303269,0.02262556
495.36674195,0.02198521
495.59046484,0.02117961
495.81420136,0.01919661
496.03795150,0.01876282
496.26171526,0.01661457
496.48549264,0.01963039
496.70928364,0.01979564
496.93308825,0.01938251
497.15690647,0.02151011
497.38073830,0.02163405
497.60458373,0.02667419
497.82844276,0.02871917
498.05231539,0.02568269
498.27620162,0.02376165
498.50010144,0.02562072
498.72401485,0.02411281
498.94794185,0.02898770
499.17188244,0.02421609
499.39583661,0.02692207
499.61980435,0.02378231
499.84378568,0.02632304
500.06778058,0.02502169
500.29178904,0.02607516
500.51581108,0.02146880
500.73984668,0.02758307
500.96389585,0.02165471
501.18795858,0.02330721
501.41203486,0.02562072
501.63612470,0.02590991
501.86022809,0.02723192
502.08434503,0.02842998
502.30847551,0.02731454
502.53261954,0.02479447
502.75677711,0.02258424
502.98094822,0.02547613
503.20513286,0.02845064
503.42933104,0.02642632
503.65354274,0.02626107
503.87776797,0.02217112
504.10200673,0.02324525
504.32625901,0.02595122
504.55052480,0.02369968
504.77480411,0.02177865
504.99909694,0.02025008
505.22340327,0.02299737
505.44772312,0.01994023
505.67205646,0.01684179
505.89640331,0.02113830
506.12076366,0.01932054
506.34513750,0.02062189
506.56952484,0.01839101
506.79392567,0.01996089
507.01833999,0.02029139
507.24276779,0.02320393
507.46720907,0.02117961
507.69166384,0.02080780
507.91613208,0.02101436
508.14061380,0.02219177
508.36510898,0.02049796
508.58961764,0.02555875
508.81413976,0.02657091
509.03867534,0.02869851
509.26322439,0.02477381
509.48778689,0.02411281
509.71236285,0.03082612
509.93695226,0.02700470
510.16155512,0.02698404
510.38617142,0.02586860
510.61080117,0.02919427
510.83544436,0.02789292
511.06010099,0.02739717
511.28477105,0.03320159
511.50945454,0.03111530
511.73415147,0.02977264
511.95886182,0.02526956
512.18358560,0.02696338
512.40832280,0.02217112
512.63307341,0.02630238
512.85783745,0.02702535
513.08261489,0.02425741
513.30740575,0.02549678
513.53221001,0.02615779
513.75702768,0.02851261
513.98185875,0.02425741
514.20670322,0.02613713
514.43156109,0.02535219
514.65643235,0.02688076
514.88131700,0.02582729
515.10621504,0.03165237
515.33112647,0.02628172
515.55605128,0.02791357
515.78098946,0.02764504
516.00594103,0.02888442
516.23090597,0.02818211
516.45588428,0.03394522
516.68087596,0.02648829
516.90588100,0.03163171
517.13089941,0.02632304
517.35593118,0.02597188
517.58097631,0.02493906
517.80603479,0.02735585
518.03110663,0.02281146
518.25619181,0.02793423
518.48129034,0.02097305
518.70640222,0.02590991
518.93152743,0.02840933
519.15666598,0.02630238
519.38181787,0.02644698
519.60698310,0.02669485
519.83216165,0.02787226
520.05735353,0.02473250
520.28255873,0.02640566
520.50777726,0.02634369
520.73300910,0.03117727
520.95825426,0.02962805
521.18351273,0.03039233
521.40878452,0.03208615
521.63406961,0.02911164
521.85936801,0.02824408
522.08467971,0.02679813
522.31000471,0.02981396
522.53534300,0.02812014
522.76069459,0.03318094
522.98605947,0.03128055
523.21143764,0.03563904
523.43682910,0.03627938
523.66223383,0.03520525
523.88765185,0.03458557
524.11308315,0.03844830
524.33852772,0.04030737
524.56398556,0.03691973
524.78945667,0.04086509
525.01494104,0.04053459
525.24043868,0.04175331
525.46594959,0.04435600
525.69147374,0.05003649
525.91701116,0.04394288
526.14256182,0.04363303
526.36812574,0.04328188
526.59370290,0.04557473
526.81929331,0.04150543
527.04489696,0.04518226
527.27051384,0.04602917
527.49614396,0.04282744
527.72178732,0.04212512
527.94744390,0.04181528
528.17311372,0.04383960
528.39879675,0.04635967
528.62449301,0.04452126
528.85020249,0.05082143
529.07592518,0.04982993
529.30166109,0.04890040
529.52741021,0.05551042
529.75317254,0.05693570
529.97894807,0.04887974
530.20473680,0.05478745
530.43053874,0.05559304
530.65635387,0.06290538
530.88218219,0.05542779
531.10802371,0.05926987
531.33387841,0.05741080
531.55974630,0.05836099
531.78562738,0.05625405
532.01152163,0.05893937
532.23742906,0.05276313
532.46334967,0.05284575
532.68928344,0.05187491
532.91523039,0.05154440
533.14119051,0.05507663
533.36716378,0.05078012
533.59315022,0.05582026
533.81914982,0.05284575
534.04516257,0.05943512
534.27118847,0.04985059
534.49722752,0.05278378
534.72327973,0.05251525
534.94934507,0.05113128
535.17542356,0.05683242
535.40151518,0.05391988
535.62761994,0.04923090
535.85373784,0.04590523
536.07986886,0.05309363
536.30601301,0.04861121
536.53217029,0.04964402
536.75834069,0.04730986
536.98452420,0.05299035
537.21072084,0.05288707
537.43693059,0.05458088
537.66315345,0.05251525
537.88938941,0.05662586
538.11563848,0.05953840
538.34190066,0.06148009
538.56817593,0.06104631
538.79446431,0.06162469
539.02076577,0.06476445
539.24708033,0.06784224
539.47340798,0.06720189
539.69974871,0.06507429
539.92610252,0.06323588
540.15246942,0.06271947
540.37884939,0.06689205
540.60524244,0.07381192
540.83164856,0.06666483
541.05806775,0.07306829
541.28450001,0.07449358
541.51094533,0.08085572
541.73740371,0.07701365
541.96387515,0.07616674
542.19035965,0.07193219
542.41685719,0.07722021
542.64336779,0.07282041
542.86989144,0.07470014
543.09642813,0.06585923
543.32297786,0.07151907
543.54954063,0.06379360
543.77611643,0.07428701
544.00270527,0.06575595
544.22930714,0.07224204
544.45592204,0.06647892
544.68254996,0.06848259
544.90919091,0.06298801
545.13584487,0.06736715
545.36251185,0.06616908
545.58919184,0.06422738
545.81588485,0.06435132
546.04259086,0.06261619
546.26930988,0.05852624
546.49604191,0.06319457
546.72278693,0.05995153
546.94954495,0.05807180
547.17631596,0.05914593
547.40309997,0.06495036
547.62989696,0.05734883
547.85670694,0.06209978
548.08352991,0.06784224
548.31036585,0.06028203
548.53721477,0.06383491
548.76407667,0.06649958
548.99095154,0.06443395
549.21783938,0.06284341
549.44474018,0.06201716
549.67165395,0.06214110
549.89858069,0.06036465
550.12552038,0.05650192
550.35247302,0.05284575
550.57943862,0.05472548
550.80641717,0.05197819
551.03340866,0.05546911
551.26041310,0.05947643
551.48743048,0.06125287
551.71446081,0.06439264
551.94150406,0.06788355
552.16856025,0.06897834
552.39562937,0.07441095
552.62271142,0.06947409
552.84980640,0.06999050
553.07691429,0.07019706
553.30403511,0.07358470
553.53116884,0.07600149
553.75831549,0.07647658
553.98547505,0.08089704
554.21264752,0.07963700
554.43983289,0.08310726
554.66703116,0.08038063
554.89424234,0.08405745
555.12146641,0.08360301
555.34870338,0.07750940
555.57595324,0.08449123
555.80321599,0.08926284
556.03049162,0.08252888
556.25778014,0.07974028
556.48508154,0.08699065
556.71239582,0.08946941
556.93972297,0.08283873
557.16706300,0.07746809
557.39441589,0.07825303
557.62178165,0.08077310
557.84916028,0.07215941
558.07655177,0.07534049
558.30395611,0.07641461
558.53137331,0.07546442
558.75880337,0.07556770
558.98624627,0.07744743
559.21370202,0.07052756
559.44117062,0.06478511
559.66865206,0.06565267
559.89614634,0.06166600
560.12365345,0.06350441
560.35117340,0.06247160
560.57870618,0.06063319
560.80625179,0.05582026
561.03381022,0.05741080
561.26138148,0.05807180
561.48896555,0.05780327
561.71656244,0.05693570
561.94417215,0.05627470
562.17179467,0.05433301
562.39942999,0.05383726
562.62707812,0.05427104
562.85473906,0.05559304
563.08241279,0.05557239
563.31009933,0.05427104
563.53779866,0.06024071
563.76551078,0.05548976
563.99323568,0.05501467
564.22097338,0.05741080
564.44872386,0.05610945
564.67648712,0.05788589
564.90426316,0.06001350
565.13205197,0.06007546
565.35985356,0.05732817
565.58766792,0.06251291
565.81549504,0.06195519
566.04333493,0.06815209
566.27118758,0.05848493
566.49905298,0.06050925
566.72693115,0.06001350
566.95482207,0.06476445
567.18272573,0.06294669
567.41064215,0.06935015
567.63857131,0.07046559
567.86651321,0.07096135
568.09446785,0.06509495
568.32243523,0.07005247
568.55041534,0.06623105
568.77840819,0.06959803
569.00641376,0.06315326
569.23443206,0.06606580
569.46246308,0.06788355
569.69050682,0.06901965
569.91856327,0.06941212
570.14663244,0.07296501
570.37471433,0.07329551
570.60280892,0.07581558
570.83091622,0.07556770
571.05903622,0.08228101
571.28716892,0.07912059
571.51531432,0.08087638
571.74347241,0.08151672
571.97164320,0.08137213
572.19982667,0.08114491
572.42802284,0.08013275
572.65623168,0.07891403
572.88445321,0.08554471
573.11268742,0.08118622
573.34093430,0.07998816
573.56919385,0.08690802
573.79746608,0.08515224
574.02575097,0.08767231
574.25404853,0.09244392
574.48235874,0.09327017
574.71068162,0.09719487
574.93901715,0.09353870
575.16736534,0.09713290
575.39572618,0.09634796
575.62409966,0.10153270
575.85248579,0.09878541
576.08088456,0.09781456
576.30929597,0.10004544
576.53772002,0.09975626
576.76615671,0.10458983
576.99460602,0.10847322
577.22306796,0.10399080
577.45154253,0.11117920
577.68002972,0.11134445
577.90852953,0.11035295
578.13704196,0.11382321
578.36556700,0.11421568
578.59410465,0.11526915
578.82265492,0.12049520
579.05121779,0.11307958
579.27979326,0.11349271
579.50838133,0.11378190
579.73698201,0.11188152
579.96559527,0.11076607
580.19422113,0.10723384
580.42285958,0.10779156
580.65151062,0.10677940
580.88017424,0.10613906
581.10885044,0.10399080
581.33753922,0.10878307
581.56624057,0.10178057
581.79495450,0.10301995
582.02368100,0.09843425
582.25242007,0.09946707
582.48117170,0.09917788
582.70993589,0.10415605
582.93871264,0.10299930
583.16750195,0.09911591
583.39630381,0.09407577
583.62511822,0.09802112
583.85394518,0.09517055
584.08278469,0.09519121
584.31163674,0.09475743
584.54050133,0.09324951
584.76937845,0.09610009
584.99826811,0.09492268
585.22717030,0.09626534
585.45608502,0.09347673
585.68501226,0.10233830
585.91395203,0.10527149
586.14290432,0.10803944
586.37186912,0.10603578
586.60084644,0.11326549
586.82983628,0.11497996
587.05883862,0.11376124
587.28785347,0.11925582
587.51688082,0.12173458
587.74592067,0.11977223
587.97497302,0.11929713
588.20403787,0.11805776
588.43311520,0.12169327
588.66220503,0.12828263
588.89130735,0.12543206
589.12042215,0.12772491
589.34954943,0.12941873
589.57868919,0.12910889
589.80784142,0.13082336
590.03700613,0.13018301
590.26618331,0.13524381
590.49537296,0.13565694
590.72457507,0.12784885
590.95378964,0.12340774
591.18301667,0.12485368
591.41225616,0.12795213
591.64150811,0.12446121
591.87077250,0.12534944
592.10004934,0.12425465
592.32933863,0.11954501
592.55864036,0.11547572
592.78795453,0.11357533
593.01728114,0.11890466
593.24662018,0.11667378
593.47597165,0.11613672
593.70533555,0.12223033
593.93471188,0.11673575
594.16410063,0.11621934
594.39350180,0.11281105
594.62291539,0.11750003
594.85234140,0.11454618
595.08177981,0.12109423
595.31123064,0.11646722
595.54069387,0.11497996
595.77016951,0.11708691
595.99965755,0.11729347
596.22915798,0.11902860
596.45867081,0.11502128
596.68819604,0.11208808
596.91773365,0.11142708
597.14728365,0.11305893
597.37684603,0.11200545
597.60642080,0.11264580
597.83600795,0.12270543
598.06560747,0.12380021
598.29521936,0.11863613
598.52484363,0.12324249
598.75448026,0.12101161
598.98412926,0.11793382
599.21379062,0.11834694
599.44346434,0.11405043
599.67315042,0.11409174
599.90284885,0.11520718
600.13255963,0.11937976
600.36228276,0.11004310
600.59201824,0.11268711
600.82176606,0.11194348
601.05152622,0.11276974
601.28129871,0.10859716
601.51108354,0.12032995
601.74088070,0.11458749
601.97069019,0.11617803
602.20051201,0.11487668
602.43034615,0.11873941
602.66019261,0.12338709
602.89005139,0.12687800
603.11992249,0.12877839
603.34980589,0.13113321
603.57970161,0.12840657
603.80960963,0.13086467
604.03952996,0.13611138
604.26946259,0.14379553
604.49940751,0.14532410
604.72936474,0.13400443
604.95933425,0.13801176
605.18931606,0.14020133
605.41931015,0.13865211
605.64931653,0.14458047
605.87933519,0.14125480
606.10936612,0.15038490
606.33940934,0.15234725
606.56946483,0.16664142
606.79953259,0.16897558
607.02961261,0.17467673
607.25970490,0.18576917
607.48980946,0.19564289
607.71992627,0.19886528
607.95005534,0.21258108
608.18019667,0.21601003
608.41035024,0.22621425
608.64051607,0.23986807
608.87069414,0.26132999
609.10088445,0.26554388
609.33108700,0.28146990
609.56130179,0.28425851
609.79152882,0.29756118
610.02176808,0.30700112
610.25201956,0.30976906
610.48228328,0.32614952
610.71255921,0.33490780
610.94284737,0.34137323
611.17314775,0.34924329
611.40346034,0.33579603
611.63378514,0.32212154
611.86412215,0.31290882
612.09447137,0.30140325
612.32483280,0.29844940
612.55520642,0.28091218
612.78559225,0.26323037
613.01599027,0.25093986
613.24640048,0.24426787
613.47682288,0.23410496
613.70725747,0.23168817
613.93770425,0.21103185
614.16816321,0.20714846
614.39863434,0.20646681
614.62911766,0.20295523
614.85961314,0.20223226
615.09012080,0.19861740
615.32064063,0.18897090
615.55117262,0.19000372
615.78171677,0.18176185
616.01227308,0.17822962
616.24284156,0.16662076
616.47342218,0.16480301
616.70401496,0.16143603
616.93461988,0.15532176
617.16523695,0.15410303
617.39586617,0.14020133
617.62650752,0.13569825
617.85716101,0.13003842
618.08782664,0.12689866
618.31850440,0.11820235
618.54919429,0.11735544
618.77989630,0.10783288
619.01061044,0.10229698
619.24133670,0.09556302
619.47207508,0.09533580
619.70282557,0.08880841
619.93358818,0.09023369
620.16436289,0.07825303
620.39514972,0.07918256
620.62594864,0.07197350
620.85675967,0.07199416
621.08758280,0.07005247
621.31841802,0.06697468
621.54926534,0.05960037
621.78012475,0.05900134
622.01099624,0.05974496
622.24187982,0.06065384
622.47277549,0.06102566
622.70368323,0.05964168
622.93460305,0.05226738
623.16553494,0.05315560
623.39647890,0.05055290
623.62743493,0.05305232
623.85840303,0.04764036
624.08938319,0.04856989
624.32037541,0.04952008
624.55137968,0.05115193
624.78239602,0.04365369
625.01342440,0.04425272
625.24446483,0.04493438
625.47551731,0.04321991
625.70658183,0.04761970
625.93765839,0.04429404
626.16874699,0.04749577
626.39984763,0.04179462
626.63096029,0.04813611
626.86208499,0.04778495
627.09322171,0.05195753
627.32437046,0.05697702
627.55553123,0.05955906
627.78670401,0.05978628
628.01788882,0.06381426
628.24908563,0.06972197
628.48029446,0.06472314
628.71151529,0.06924687
628.94274813,0.07370864
629.17399296,0.08461517
629.40524980,0.08385089
629.63651863,0.08643293
629.86779946,0.09070879
630.09909228,0.09899197
630.33039709,0.10231764
630.56171388,0.11363730
630.79304265,0.10962998
631.02438340,0.11506259
631.25573613,0.11615737
631.48710084,0.12173458
631.71847751,0.12532878
631.94986615,0.13817701
632.18126676,0.14458047
632.41267933,0.14860845
632.64410387,0.14476638
632.87554035,0.15412369
633.10698880,0.15627195
633.33844919,0.15333875
633.56992154,0.15740804
633.80140583,0.15963893
634.03290207,0.15790380
634.26441024,0.15965958
634.49593035,0.16705455
634.72746240,0.16814933
634.95900638,0.17106187
635.19056229,0.17378851
635.42213013,0.19023094
635.65370989,0.19905119
635.88530158,0.19847281
636.11690518,0.21032954
636.34852069,0.22540865
636.58014812,0.24373081
636.81178746,0.25521572
637.04343871,0.26207362
637.27510187,0.25494719
637.50677692,0.25761185
637.73846387,0.25422422
637.97016272,0.26139196
638.20187347,0.26161918
638.43359610,0.24949392
638.66533062,0.24379278
638.89707703,0.23897985
639.12883532,0.23625322
639.36060549,0.23538565
639.59238754,0.24232978
639.82418146,0.24426631
640.05598725,0.23244566
640.28780491,0.22598416
640.51963444,0.22769373
640.75147583,0.21814622
640.98332908,0.22074778
641.21519419,0.21558084
641.44707115,0.21254483
641.67895997,0.19723698
641.91086063,0.19193016
642.14277314,0.18983890
642.37469750,0.19297360
642.60663369,0.19081161
642.83858172,0.18775689
643.07054159,0.18283483
643.30251329,0.17761472
643.53449683,0.17488818
643.76649218,0.17717937
643.99849937,0.17348331
644.23051837,0.17779774
644.46254919,0.16075999
644.69459183,0.15800663
644.92664628,0.15965589
645.15871254,0.15867973
645.39079061,0.14728433
645.62288049,0.14846826
645.85498217,0.14156576
646.08709564,0.14342662
646.31922091,0.14064093
646.55135798,0.13921078
646.78350684,0.14030706
647.01566748,0.13816787
647.24783991,0.13864838
647.48002413,0.13525098
647.71222012,0.14120577
647.94442789,0.14032816
648.17664744,0.14251124
648.40887875,0.14035084
648.64112184,0.13069964
648.87337669,0.12723958
649.10564331,0.12356328
649.33792168,0.12773020
649.57021181,0.12350078
649.80251370,0.12409159
650.03482734,0.12025823
650.26715273,0.11988193
650.49948987,0.11790670
650.73183875,0.12074950
650.96419937,0.11540794
651.19657173,0.11400879
651.42895582,0.11534023
651.66135165,0.11172064
651.89375921,0.11148402
652.12617849,0.11517727
652.35860950,0.12345662
652.59105224,0.12036482
652.82350669,0.12357371
653.05597285,0.12359316
653.28845073,0.12159769
653.52094032,0.12396461
653.75344162,0.12908995
653.98595462,0.13288963
654.21847933,0.13136554
654.45101573,0.12755403
654.68356383,0.13381508
654.91612363,0.13796194
655.14869511,0.12980081
655.38127829,0.13459112
655.61387315,0.13334815
655.84647969,0.12999585
656.07909792,0.13492568
656.31172782,0.14204699
656.54436939,0.13255894
656.77702264,0.13450227
657.00968756,0.13948969
657.24236414,0.14415912
657.47505238,0.15281387
657.70775229,0.14874120
657.94046385,0.15169279
658.17318707,0.14522960
658.40592195,0.14459656
658.63866847,0.14777894
658.87142663,0.15132753
659.10419645,0.14921161
659.33697790,0.15063170
659.56977099,0.15039912
659.80257572,0.15418817
660.03539208,0.14791264
660.26822007,0.14749252
660.50105969,0.14943323
660.73391093,0.14837253
660.96677380,0.14300656
661.19964828,0.15007240
661.43253438,0.14699902
661.66543209,0.14234848
661.89834142,0.14885653
662.13126235,0.14510083
662.36419489,0.15312981
662.59713903,0.16578216
662.83009477,0.15681693
663.06306210,0.15806258
663.29604103,0.16756308
663.52903155,0.16696038
663.76203367,0.15568516
663.99504736,0.16112641
664.22807264,0.16192011
664.46110950,0.15755449
664.69415794,0.16193038
664.92721795,0.15731571
665.16028953,0.15910610
665.39337269,0.15677931
665.62646740,0.15622259
665.85957369,0.15449747
666.09269153,0.15026675
666.32582093,0.15163882
666.55896189,0.15260514
666.79211440,0.14959996
667.02527846,0.15383450
667.25845406,0.14621232
667.49164121,0.14375422
667.72483991,0.14656348
667.95805014,0.14296928
668.19127190,0.14786483
668.42450520,0.14916617
668.65775003,0.14189515
668.89100639,0.14931077
669.12427427,0.14951733
669.35755368,0.14615035
669.59084460,0.14736907
669.82414704,0.14879436
670.05746099,0.14654282
670.29078646,0.14259746
670.52412343,0.13693763
670.75747191,0.13954033
670.99083189,0.14117218
671.22420337,0.13619400
671.45758635,0.13702026
671.69098082,0.14265943
671.92438678,0.13982952
672.15780424,0.14137874
672.39123317,0.13753666
672.62467360,0.13935442
672.85812550,0.13342606
673.09158888,0.13906523
673.32506373,0.13150502
673.55855006,0.13136043
673.79204785,0.13233127
674.02555712,0.13755732
674.25907784,0.13090599
674.49261003,0.13584285
674.72615367,0.13295096
674.95970878,0.13664844
675.19327533,0.13664844
675.42685333,0.14030461
675.66044278,0.14276271
675.89404368,0.14786483
676.12765601,0.14724514
676.36127979,0.14695595
676.59491500,0.15203740
676.82856165,0.14336175
677.06221972,0.13902392
677.29588922,0.14290731
677.52957015,0.14420866
677.76326250,0.14113086
677.99696627,0.13974689
678.23068146,0.14474572
678.46440806,0.14579919
678.69814607,0.13675172
678.93189549,0.13160830
679.16565631,0.13516119
679.39942854,0.12278805
679.63321217,0.12974923
679.86700720,0.13183552
680.10081361,0.12741507
680.33463143,0.12925348
680.56846063,0.12747704
680.80230121,0.13226930
681.03615318,0.13861079
681.27001653,0.14315518
681.50389126,0.14648085
681.73777736,0.13941639
681.97167484,0.13724748
682.20558368,0.14228762
682.43950390,0.14546869
682.67343547,0.14573722
682.90737841,0.14431194
683.14133270,0.14286600
683.37529836,0.13714419
683.60927536,0.13433494
683.84326371,0.13576022
684.07726341,0.13693763
684.31127446,0.13726813
684.54529685,0.14511753
684.77933057,0.14259746
685.01337564,0.14697660
685.24743203,0.15955630
685.48149976,0.17283832
685.71557881,0.18533539
685.94966919,0.19180082
686.18377090,0.19861740
686.41788392,0.20873900
686.65200826,0.21367586
686.88614391,0.21367586
687.12029088,0.21208532
687.35444915,0.20783012
687.58861873,0.20675599
687.82279961,0.19698555
688.05699179,0.19206935
688.29119527,0.18176185
688.52541004,0.18711183
688.75963611,0.18533539
688.99387346,0.18909484
689.22812210,0.18533539
689.46238203,0.18950797
689.69665323,0.18609967
689.93093571,0.19845215
690.16522947,0.20617762
690.39953450,0.20838784
690.63385080,0.21150695
690.86817837,0.21729072
691.10251720,0.22925073
691.33686730,0.22493356
691.57122865,0.22346696
691.80560125,0.22873432
692.03998511,0.22873432
692.27438023,0.23402234
692.50878658,0.22848644
692.74320419,0.22127739
692.97763303,0.22613162
693.21207312,0.22751560
693.44652444,0.23519975
693.68098699,0.23716210
693.91546077,0.23493121
694.14994579,0.23798835
694.38444203,0.24005398
694.61894949,0.24488756
694.85346817,0.25827286
695.08799806,0.25395569
695.32253918,0.25463734
695.55709150,0.25246843
695.79165503,0.25628985
696.02622977,0.25602132
696.26081571,0.25449275
696.49541285,0.25471997
696.73002119,0.24769682
696.96464072,0.23964086
697.19927145,0.23867001
697.43391336,0.23090323
697.66856647,0.22214495
697.90323075,0.22726772
698.13790622,0.21671234
698.37259286,0.23049011
698.60729068,0.23100651
698.84199967,0.23201867
699.07671984,0.23800901
699.31145117,0.24509412
699.54619366,0.24996902
699.78094731,0.25969814
700.01571213,0.27605795
700.25048810,0.28283322
700.48527522,0.29148822
700.72007349,0.30437776
700.95488292,0.30677390
701.18970348,0.31007891
701.42453519,0.30724899
701.65937804,0.31307407
701.89423202,0.30875690
702.12909714,0.31464395
702.36397339,0.30547255
702.59886077,0.30160982
702.83375927,0.29216988
703.06866889,0.28357685
703.30358964,0.27273228
703.53852150,0.26810526
703.77346448,0.26289987
704.00841857,0.24825454
704.24338376,0.24325571
704.47836007,0.23798835
704.71334748,0.23610862
704.94834598,0.22726772
705.18335559,0.22423124
705.41837629,0.21520443
705.65340808,0.21737334
705.88845096,0.22249611
706.12350493,0.23106848
706.35856998,0.22410730
706.59364612,0.22648278
706.82873333,0.23141964
707.06383161,0.23817426
707.29894097,0.24437115
707.53406141,0.25934698
707.76919290,0.26917939
708.00433546,0.29468995
708.23948909,0.29609458
708.47465377,0.31404492
708.70982951,0.31171076
708.94501630,0.31383836
709.18021414,0.30875690
709.41542303,0.31115304
709.65064297,0.30171310
709.88587395,0.29665230
710.12111597,0.29095115
710.35636902,0.27983805
710.59163311,0.27089387
710.82690823,0.26583307
711.06219437,0.25420356
711.29749155,0.24957655
711.53279974,0.23796769
711.76811896,0.24013661
712.00344920,0.23660438
712.23879044,0.24306980
712.47414270,0.24635416
712.70950597,0.24596169
712.94488025,0.25379043
713.18026553,0.26221821
713.41566181,0.25591804
713.65106908,0.25455472
713.88648736,0.26037980
714.12191662,0.25184874
714.35735688,0.24854373
714.59280812,0.25104314
714.82827034,0.24428853
715.06374355,0.24435050
715.29922774,0.24887423
715.53472290,0.25009295
715.77022903,0.24019858
716.00574614,0.24730435
716.24127421,0.24651941
716.47681324,0.23641847
716.71236324,0.23303083
716.94792420,0.22869301
717.18349611,0.21460540
717.41907898,0.21297355
717.65467280,0.20469036
717.89027757,0.20617762
718.12589328,0.20173651
718.36151993,0.19209001
718.59715752,0.18833056
718.83280605,0.18397207
719.06846552,0.17688695
719.30413591,0.18116281
719.53981724,0.17118581
719.77550949,0.18341435
720.01121266,0.18017131
720.24692676,0.18510817
720.48265177,0.18961125
720.71838769,0.19140835
720.95413453,0.18674002
721.18989228,0.19260641
721.42566093,0.19072669
721.66144049,0.19347398
721.89723095,0.19192476
722.13303231,0.19725409
722.36884456,0.20076566
722.60466770,0.20440117
722.84050173,0.20297589
723.07634666,0.20613630
723.31220246,0.20369886
723.54806915,0.20376083
723.78394671,0.19783246
724.01983515,0.19206935
724.25573447,0.18479833
724.49164465,0.18626492
724.72756571,0.18132806
724.96349762,0.17820896
725.19944040,0.18562458
725.43539404,0.18564523
725.67135854,0.18547998
725.90733388,0.18450914
726.14332008,0.19235854
726.37931713,0.18892959
726.61532503,0.18816531
726.85134376,0.19080931
727.08737334,0.19126375
727.32341375,0.19196607
727.55946500,0.19341201
727.79552708,0.19954694
728.03159998,0.20357492
728.26768372,0.20504152
728.50377827,0.21561756
728.73988365,0.22069901
728.97599985,0.22332236
729.21212686,0.22406599
729.44826468,0.22918876
729.68441331,0.23813294
729.92057275,0.22561521
730.15674299,0.23267968
730.39292403,0.23621191
730.62911587,0.22241348
730.86531851,0.21353127
731.10153194,0.20539268
731.33775616,0.19867937
731.57399117,0.18145200
731.81023696,0.16476169
732.04649353,0.16106421
732.28276088,0.14592313
732.51903901,0.14036658
732.75532791,0.13278571
732.99162758,0.13321949
733.22793802,0.12729113
733.46425923,0.12208574
733.70059119,0.12016470
733.93693392,0.11256317
734.17328740,0.11272842
734.40965164,0.10960932
734.64602662,0.10266880
734.88241236,0.10541609
735.11880884,0.10814272
735.35521607,0.10636628
735.59163403,0.10700662
735.82806273,0.11520718
736.06450217,0.12189983
736.30095234,0.12584519
736.53741323,0.13321949
736.77388486,0.15563160
737.01036720,0.16337772
737.24686027,0.17851880
737.48336406,0.19180082
737.71987856,0.21377914
737.95640377,0.23290690
738.19293969,0.23854607
738.42948632,0.25124971
738.66604365,0.25988405
738.90261169,0.26645276
739.13919042,0.28089153
739.37577985,0.28037512
739.61237997,0.28341160
739.84899078,0.28624151
740.08561228,0.28186237
740.32224446,0.27244309
740.55888732,0.26223887
740.79554087,0.25381109
741.03220509,0.24414393
741.26887998,0.23084126
741.50556555,0.21704284
741.74226178,0.21053610
741.97896868,0.19977416
742.21568624,0.18888828
742.45241446,0.17624661
742.68915333,0.17519314
742.92590286,0.17108253
743.16266304,0.17263175
743.39943387,0.16742636
743.63621535,0.17118581
743.87300747,0.16587714
744.10981023,0.15709820
744.34662363,0.16222097
744.58344766,0.16476169
744.82028232,0.16581517
745.05712761,0.16315050
745.29398353,0.16463776
745.53085007,0.15542504
745.76772724,0.16158062
746.00461502,0.15742870
746.24151341,0.14656348
746.47842242,0.14829861
746.71534204,0.14848451
746.95227227,0.13842489
747.18921310,0.14352700
747.42616453,0.14790614
747.66312656,0.15515651
747.90009918,0.14786483
748.13708240,0.15176887
748.37407621,0.16263409
748.61108061,0.15908121
748.84809559,0.15856480
749.08512115,0.16393544
749.32215730,0.15472272
749.55920401,0.15635457
749.79626131,0.15961827
750.03332917,0.16655879
750.27040760,0.16366691
750.50749660,0.17060743
750.74459616,0.16505088
750.98170628,0.16505088
751.21882695,0.16422463
751.45595818,0.15666442
751.69309997,0.16767424
751.93025230,0.16982249
752.16741517,0.16856246
752.40458859,0.16885165
752.64177256,0.17271438
752.87896705,0.18172053
753.11617209,0.18517014
753.35338765,0.18909484
753.59061374,0.18612033
753.82785037,0.19803903
754.06509751,0.19810100
754.30235518,0.20122010
754.53962336,0.20989575
754.77690206,0.21675365
755.01419127,0.22278530
755.25149099,0.22441715
755.48880122,0.22675131
755.72612195,0.22947795
755.96345319,0.22631753
756.20079492,0.21925307
756.43814715,0.21479130
756.67550987,0.22175248
756.91288309,0.21270501
757.15026679,0.21338667
757.38766097,0.21022626
757.62506564,0.20752028
757.86248079,0.20826391
758.09990641,0.19368054
758.33734251,0.19983613
758.57478908,0.19642783
758.81224612,0.20173651
759.04971362,0.19085063
759.28719159,0.18077034
759.52468001,0.16823196
759.76217889,0.17374719
759.99968823,0.16614567
760.23720802,0.15139706
760.47473826,0.14738973
760.71227894,0.14466310
760.94983007,0.13995345
761.18739164,0.13555366
761.42496364,0.12704325
761.66254608,0.13224865
761.90013895,0.12733244
762.13774226,0.13578088
762.37535598,0.12650619
762.61298014,0.12749769
762.85061471,0.12189983
763.08825970,0.12995580
763.32591511,0.13259980
763.56358093,0.13993280
763.80125716,0.14336175
764.03894380,0.15156231
764.27664084,0.16275803
764.51434829,0.16531942
764.75206613,0.17323079
764.98979437,0.16211769
765.22753300,0.15883333
765.46528203,0.16833524
765.70304144,0.16726111
765.94081124,0.16786014
766.17859142,0.16876902
766.41638197,0.17444951
766.65418291,0.16800474
766.89199422,0.17618464
767.12981590,0.17122712
767.36764795,0.17246650
767.60549036,0.16523679
767.84334314,0.17438754
768.08120628,0.17075203
768.31907977,0.16802539
768.55696362,0.16728177
768.79485782,0.16721980
769.03276238,0.15912252
769.27067727,0.15730476
769.50860251,0.15191346
769.74653809,0.16050649
769.98448401,0.15879202
770.22244027,0.16027927
770.46040685,0.16503023
770.69838377,0.16850049
770.93637101,0.17597808
771.17436858,0.18289794
771.41237647,0.19033422
771.65039468,0.19770853
771.88842320,0.19368054
772.12646204,0.19762590
772.36451118,0.19531239
772.60257064,0.19132572
772.84064039,0.18473636
773.07872045,0.19021028
773.31681081,0.17851880
773.55491147,0.17637055
773.79302242,0.18163791
774.03114366,0.17190878
774.26927519,0.17077268
774.50741700,0.16482366
774.74556910,0.15868874
774.98373147,0.16081634
775.22190413,0.15705689
775.46008705,0.16050649
775.69828025,0.16184915
775.93648372,0.16251016
776.17469745,0.16492695
776.41292145,0.16752964
776.65115570,0.17300357
776.88940022,0.18640952
777.12765499,0.18368288
777.36592001,0.18595508
777.60419528,0.18556261
777.84248079,0.18405470
778.08077655,0.18122478
778.31908256,0.18130741
778.55739879,0.17426360
778.79572527,0.17595742
779.03406198,0.17641186
779.27240891,0.17019431
779.51076608,0.16569123
779.74913346,0.16664142
779.98751107,0.16135340
780.22589890,0.17775452
780.46429695,0.16354297
780.70270520,0.16438988
780.94112367,0.16147734
781.17955235,0.16781883
781.41799123,0.16096093
781.65644031,0.15961827
781.89489959,0.15379319
782.13336907,0.15505322
782.37184874,0.14714185
782.61033861,0.14489031
782.84883866,0.14929011
783.08734890,0.14077971
783.32586931,0.14011870
783.56439991,0.13363262
783.80294069,0.13400443
784.04149164,0.13877604
784.28005276,0.14135808
784.51862406,0.14726579
784.75720551,0.14127546
784.99579713,0.14067643
785.23439891,0.14158530
785.47301085,0.13999477
785.71163295,0.13894129
785.95026519,0.14129612
786.18890759,0.13582219
786.42756013,0.12871642
786.66622282,0.11985485
786.90489564,0.12605175
787.14357861,0.11479406
787.38227171,0.11421568
787.62097494,0.11202611
787.85968831,0.10996048
788.09841180,0.10529215
788.33714541,0.10741975
788.57588915,0.10570528
788.81464301,0.10630431
789.05340698,0.10578790
789.29218106,0.10979523
789.53096526,0.11520718
789.76975956,0.11993748
790.00856397,0.11545506
790.24737848,0.12762163
790.48620309,0.12330446
790.72503780,0.13474806
790.96388260,0.13794979
791.20273749,0.14193646
791.44160247,0.14195712
791.68047754,0.14044921
791.91936269,0.14276271
792.15825792,0.13939573
792.39716323,0.13582219
792.63607861,0.13173224
792.87500406,0.12981120
793.11393958,0.13724748
793.35288517,0.13357065
793.59184082,0.13276506
793.83080653,0.13635925
794.06978230,0.13216602
794.30876813,0.13487200
794.54776401,0.13136043
794.78676993,0.12724982
795.02578591,0.13474806
795.26481193,0.13435559
795.50384798,0.13363262
795.74289408,0.12811738
795.98195022,0.12731179
796.22101638,0.12555600
796.46009258,0.12049520
796.69917880,0.12518419
796.93827505,0.11876007
797.17738132,0.12010273
797.41649761,0.11384387
797.65562392,0.12408940
797.89476024,0.12357299
798.13390657,0.12185852
798.37306290,0.12231296
798.61222925,0.11551703
798.85140559,0.12134211
799.09059194,0.11533112
799.32978828,0.12334577
799.56899462,0.11097264
799.80821094,0.11818169
800.04743726,0.11601278
800.28667356,0.11774791
800.52591985,0.11256317
800.76517611,0.11721085
801.00444236,0.11545506
801.24371857,0.10886569
801.48300476,0.11177823
801.72230092,0.11078673
801.96160705,0.10735778
802.20092314,0.11285236
802.44024919,0.12173458
802.67958519,0.12919151
802.91893116,0.13185618
803.15828707,0.14065577
803.39765294,0.15112852
803.63702875,0.15980418
803.87641450,0.15755264
804.11581020,0.16591845
804.35521584,0.17102056
804.59463141,0.16651748
804.83405692,0.16027927
805.07349235,0.17019431
805.31293772,0.16969856
805.55239300,0.16757095
805.79185821,0.17279700
806.03133334,0.18300123
806.27081839,0.17341669
806.51031335,0.17519314
806.74981822,0.18628558
806.98933300,0.18663674
807.22885768,0.18636821
807.46839227,0.19442417
807.70793675,0.19363923
807.94749114,0.18859909
808.18705542,0.18853712
808.42662959,0.19572552
808.66621364,0.19613865
808.90580759,0.19677899
809.14541141,0.19076800
809.38502512,0.18360026
809.62464871,0.18147266
809.86428217,0.17882865
810.10392550,0.16961593
810.34357870,0.15321481
810.58324177,0.14970324
810.82291470,0.13675172
811.06259749,0.13111255
811.30229015,0.12318052
811.54199265,0.11603344
811.78170501,0.10646956
812.02142722,0.09719487
812.26115928,0.08800281
812.50090118,0.08488370
812.74065292,0.07401848
812.98041450,0.07050691
813.22018592,0.07257254
813.45996717,0.05794786
813.69975825,0.05782393
813.93955916,0.05577895
814.17936989,0.05325888
814.41919045,0.04879711
814.65902083,0.05377529
814.89886102,0.04790889
815.13871102,0.04677279
815.37857084,0.04464519
815.61844047,0.04768167
815.85831990,0.04464519
816.09820913,0.04561604
816.33810817,0.04092706
816.57801700,0.04260022
816.81793562,0.04464519
817.05786404,0.04433535
817.29780225,0.04065852
817.53775024,0.04266219
817.77770801,0.04363303
818.01767557,0.04082377
818.25765290,0.03937783
818.49764001,0.04299269
818.73763689,0.04410813
818.97764354,0.04557473
819.21765996,0.04972665
819.45768614,0.04629770
819.69772209,0.04877646
819.93776779,0.05199884
820.17782324,0.04660754
820.41788845,0.05232934
820.65796341,0.05090406
820.89804812,0.05193687
821.13814257,0.05635733
821.37824677,0.06024071
821.61836070,0.05993087
821.85848437,0.06695402
822.09861777,0.07308895
822.33876090,0.07509261
822.57891376,0.08424336
822.81907635,0.09172095
823.05924866,0.09959100
823.29943069,0.11262514
823.53962243,0.12305658
823.77982389,0.14034592
824.02003506,0.15790380
824.26025594,0.17738271
824.50048652,0.19733671
824.74072681,0.20171585
824.98097680,0.22803200
825.22123648,0.24017792
825.46150586,0.25880992
825.70178493,0.25222055
825.94207369,0.26936530
826.18237214,0.28014790
826.42268027,0.29181872
826.66299808,0.29975075
826.90332557,0.30883953
827.14366273,0.30466695
827.38400957,0.30954184
827.62436608,0.31222716
827.86473225,0.30636077
828.10510809,0.29661099
828.34549359,0.28832780
828.58588874,0.27965215
828.82629356,0.27523170
829.06670802,0.26213559
829.30713214,0.25695085
829.54756590,0.24604431
829.78800931,0.24455706
830.02846236,0.24561053
830.26892505,0.24447443
830.50939738,0.23592272
830.74987934,0.22491290
830.99037093,0.21698087
831.23087215,0.21004035
831.47138299,0.20442183
831.71190346,0.20132338
831.95243355,0.19262707
832.19297325,0.18529408
832.43352257,0.17331341
832.67408150,0.17314816
832.91465003,0.16670339
833.15522818,0.14829861
833.39581592,0.14569591
833.63641327,0.14123415
833.87702022,0.13677238
834.11763676,0.12956333
834.35826289,0.12803476
834.59889861,0.12464712
834.83954392,0.10979523
835.08019881,0.10644890
835.32086328,0.10006610
835.56153733,0.09965297
835.80222095,0.09112191
836.04291415,0.08089704
836.28361692,0.07104397
836.52432926,0.07360535
836.76505116,0.06515692
837.00578262,0.06932950
837.24652364,0.06218241
837.48727421,0.06216175
837.72803434,0.05885674
837.96880402,0.05540714
838.20958325,0.05623339
838.45037202,0.05534517
838.69117033,0.05466351
838.93197819,0.05885674
839.17279558,0.05716292
839.41362250,0.06052990
839.65445896,0.06253357
839.89530494,0.06503298
840.13616045,0.06433067
840.37702548,0.06317391
840.61790003,0.06833799
840.85878410,0.06839996
841.09967768,0.06519823
841.34058078,0.06193453
841.58149338,0.06437198
841.82241549,0.05949709
842.06334710,0.05788589
842.30428821,0.05745211
842.54523883,0.05501467
842.78619893,0.05515926
843.02716853,0.04821874
843.26814762,0.04770233
843.50913619,0.04795020
843.75013425,0.04869383
843.99114179,0.04588457
844.23215881,0.05057356
844.47318530,0.04555407
844.71422127,0.05660520
844.95526670,0.05224672
845.19632161,0.05429169
845.43738597,0.04716526
845.67845980,0.05464285
845.91954309,0.05317625
846.16063584,0.05113128
846.40173803,0.04852858
846.64284968,0.05865018
846.88397078,0.05365135
847.12510132,0.05716292
847.36624130,0.06187256
847.60739073,0.06181060
847.84854959,0.06125287
848.08971788,0.06707796
848.33089561,0.06559070
848.57208276,0.07232466
848.81327934,0.07606346
849.05448534,0.08308661
849.29570076,0.08475977
849.53692560,0.09395183
849.77815986,0.09626534
850.01940353,0.10337111
850.26065660,0.10304061
850.50191908,0.11072476
850.74319097,0.10917554
850.98447225,0.10888635
851.22576294,0.11202611
851.46706301,0.11535178
851.70837248,0.11906991
851.94969135,0.12656816
852.19101959,0.12683669
852.43235722,0.14625363
852.67370424,0.15106655
852.91506063,0.15484666
853.15642640,0.16120881
853.39780154,0.16005205
853.63918605,0.16554664
853.88057992,0.16771555
854.12198317,0.17046284
854.36339577,0.16932674
854.60481773,0.16174587
854.84624905,0.15786248
855.08768973,0.16158062
855.32913975,0.15245053
855.57059912,0.14557197
855.81206784,0.14891830
856.05354590,0.13978820
856.29503330,0.13805307
856.53653004,0.13724748
856.77803611,0.13499594
857.01955151,0.12152802
857.26107624,0.14980652
857.50261030,0.12183786
857.74415367,0.12026798
857.98570637,0.10500296
858.22726839,0.10345374
858.46883972,0.09940510
858.71042037,0.09771128
858.95201032,0.09103929
859.19360958,0.08478042
859.43521814,0.08186788
859.67683601,0.07889337
859.91846317,0.09254720
860.16009963,0.08054588
860.40174538,0.07585689
860.64340042,0.07143644
860.88506474,0.07965766
861.12673835,0.07879009
861.36842125,0.07740612
861.61011342,0.07377060
861.85181487,0.07527852
862.09352559,0.07963700
862.33524558,0.07936847
862.57697484,0.07362601
862.81871336,0.07726152
863.06046114,0.08418139
863.30221819,0.08273545
863.54398449,0.08884972
863.78576004,0.08915956
864.02754485,0.08521421
864.26933890,0.08575127
864.51114220,0.08893234
864.75295474,0.08971728
864.99477653,0.09969429
865.23660755,0.09075010
865.47844780,0.08831265
865.72029728,0.08475977
865.96215600,0.08389220
866.20402394,0.08197116
866.44590110,0.08219838
866.68778748,0.07467948
866.92968308,0.07649724
867.17158790,0.07934781
867.41350193,0.07562967
867.65542516,0.07447292
867.89735761,0.07131250
868.13929926,0.07333682
868.38125011,0.07215941
868.62321015,0.07414242
868.86517940,0.07850090
869.10715783,0.07422504
869.34914546,0.07195285
869.59114227,0.07814974
869.83314827,0.08095900
870.07516344,0.07810843
870.31718780,0.06773896
870.55922133,0.07573296
870.80126404,0.07585689
871.04331592,0.07881075
871.28537696,0.07804646
871.52744717,0.07319223
871.76952655,0.06868915
872.01161508,0.07618739
872.25371277,0.07866615
872.49581961,0.07848025
872.73793560,0.07804646
872.98006075,0.07358470
873.22219503,0.07620805
873.46433846,0.07874878
873.70649103,0.08147541
873.94865274,0.07269648
874.19082358,0.08075244
874.43300356,0.07982291
874.67519266,0.08153738
874.91739089,0.07422504
875.15959824,0.07038297
875.40181471,0.06652024
875.64404031,0.06980459
875.88627501,0.06511561
876.12851883,0.06873046
876.37077176,0.06546676
876.61303379,0.06240963
876.85530493,0.05997218
877.09758517,0.05654323
877.33987451,0.05548976
877.58217294,0.05922856
877.82448047,0.06137681
878.06679709,0.06674746
878.30912279,0.06127353
878.55145758,0.06951540
878.79380145,0.07042428
879.03615440,0.07001115
879.27851643,0.07451423
879.52088753,0.06912293
879.76326770,0.07096135
880.00565694,0.07622871
880.24805524,0.07581558
880.49046260,0.07988488
880.73287903,0.07662118
880.97530451,0.08248757
881.21773905,0.08195051
881.46018264,0.08149607
881.70263527,0.08550339
881.94509695,0.08077310
882.18756768,0.08141344
882.43004744,0.07998816
882.67253625,0.08591652
882.91503409,0.08192985
883.15754095,0.08250823
883.40005685,0.08071113
883.64258178,0.08221904
883.88511573,0.07963700
884.12765869,0.08017406
884.37021068,0.07856287
884.61277168,0.07951306
884.85534170,0.07085806
885.09792072,0.07118856
885.34050876,0.06571464
885.58310579,0.06726386
885.82571183,0.06300866
886.06832686,0.06032334
886.31095090,0.06057122
886.55358392,0.05726620
886.79622594,0.05235000
887.03887694,0.04865252
887.28153693,0.05100734
887.52420589,0.05078012
887.76688384,0.04832202
888.00957077,0.04501701
888.25226667,0.03797320
888.49497154,0.03865486
888.73768537,0.04020408
888.98040818,0.03702301
889.22313994,0.03221009
889.46588067,0.03906799
889.70863035,0.03138384
889.95138899,0.03105333
890.19415657,0.03251993
890.43693311,0.03408981
890.67971859,0.03392456
890.92251302,0.03088808
891.16531639,0.03169368
891.40812869,0.03115662
891.65094993,0.03115662
891.89378010,0.03208615
892.13661920,0.03144580
892.37946723,0.03504000
892.62232418,0.03487475
892.86519005,0.03722957
893.10806484,0.03623807
893.35094854,0.04282744
893.59384116,0.03621741
893.83674269,0.04291006
894.07965312,0.03894405
894.32257246,0.04315794
894.56550070,0.04431469
894.80843784,0.05092471
895.05138388,0.04633901
895.29433881,0.05096603
895.53730263,0.05047028
895.78027533,0.05061487
896.02325692,0.04704133
896.26624740,0.04828071
896.50924675,0.04844596
896.75225498,0.05026371
896.99527208,0.04931352
897.23829806,0.05018109
897.48133290,0.05142047
897.72437661,0.04982993
897.96742918,0.04828071
898.21049061,0.04811546
898.45356090,0.04410813
898.69664005,0.04974730
898.93972804,0.04369500
899.18282488,0.04856989
899.42593057,0.05137915
899.66904511,0.04918958
899.91216848,0.05433301
900.15530069,0.04869383
900.39844174,0.05389922
900.64159162,0.05133784
900.88475033,0.05189556
901.12791786,0.05916659
901.37109422,0.06075712
901.61427940,0.06189322
901.85747340,0.06164534
902.10067621,0.06695402
902.34388784,0.06984590
902.58710827,0.07244860
902.83033752,0.06821405
903.07357557,0.07965766
903.31682242,0.07279976
903.56007807,0.07848025
903.80334251,0.08015341
904.04661575,0.08035997
904.28989778,0.08275610
904.53318860,0.08519355
904.77648820,0.08316923
905.01979659,0.09048157
905.26311375,0.08630899
905.50643969,0.08560668
905.74977441,0.08851922
905.99311789,0.08509027
906.23647015,0.08814740
906.47983117,0.08709393
906.72320095,0.08112425
906.96657950,0.08643293
907.20996680,0.08069047
907.45336285,0.08525552
907.69676766,0.08337579
907.94018122,0.09103929
908.18360352,0.08723853
908.42703457,0.09215473
908.67047435,0.08362367
908.91392288,0.08133082
909.15738014,0.08422270
909.40084613,0.07891403
909.64432085,0.08449123
909.88780430,0.08519355
910.13129648,0.08323120
910.37479737,0.07986422
910.61830699,0.07864550
910.86182531,0.07837696
911.10535236,0.07401848
911.34888811,0.07759202
911.59243257,0.06858587
911.83598573,0.07215941
912.07954760,0.06984590
912.32311816,0.07232466
912.56669743,0.07783990
912.81028538,0.07364667
913.05388203,0.06937081
913.29748736,0.07451423
913.54110138,0.07005247
913.78472408,0.07294435
914.02835547,0.06662352
914.27199552,0.07313026
914.51564426,0.07013509
914.75930166,0.06689205
915.00296774,0.06420673
915.24664247,0.06856521
915.49032588,0.06757371
915.73401794,0.07015575
915.97771866,0.06701599
916.22142803,0.07354339
916.46514606,0.07486539
916.70887274,0.07226269
916.95260806,0.06557005
917.19635202,0.07856287
917.44010463,0.07868681
917.68386588,0.08240495
917.92763576,0.08465649
918.17141427,0.09229932
918.41520141,0.09954969
918.65899718,0.09816572
918.90280158,0.10752303
919.14661459,0.11159233
919.39043623,0.11254252
919.63426648,0.11747938
919.87810534,0.12365562
920.12195281,0.13377721
920.36580890,0.12671275
920.60967358,0.13801176
920.85354687,0.13532644
921.09742876,0.13090599
921.34131924,0.13522316
921.58521832,0.13359131
921.82912599,0.12590716
922.07304225,0.12512222
922.31696709,0.10704794
922.56090052,0.10481705
922.80484252,0.09781456
923.04879310,0.09496399
923.29275226,0.09192751
923.53671999,0.08779625
923.78069629,0.07715824
924.02468115,0.07544377
924.26867458,0.06850324
924.51267656,0.06228569
924.75668711,0.05699767
925.00070621,0.05296969
925.24473386,0.04943746
925.48877006,0.04625639
925.73281481,0.03968768
925.97686810,0.03353209
926.22092994,0.02997921
926.46500031,0.02898770
926.70907921,0.02500103
926.95316665,0.02502169
927.19726262,0.02485644
927.44136712,0.02442266
927.68548014,0.02016745
927.92960168,0.02200587
928.17373175,0.01791592
928.41787032,0.01818445
928.66201741,0.01706901
928.90617302,0.01746148
929.15033713,0.01525125
929.39450974,0.01692441
929.63869086,0.01618078
929.88288047,0.01690376
930.12707859,0.01630472
930.37128520,0.02095239
930.61550029,0.02130355
930.85972388,0.02252227
931.10395595,0.01754410
931.34819651,0.02014680
931.59244554,0.02388559
931.83670306,0.02268752
932.08096904,0.02814079
932.32524350,0.03154909
932.56952643,0.03419310
932.81381782,0.03549444
933.05811768,0.03351144
933.30242600,0.04600851
933.54674278,0.03966702
933.79106801,0.04714461
934.03540169,0.04509963
934.27974382,0.04683476
934.52409440,0.05075946
934.76845343,0.05402316
935.01282089,0.05332085
935.25719680,0.05296969
935.50158114,0.05648126
935.74597391,0.05175097
935.99037511,0.05040831
936.23478474,0.04937549
936.47920279,0.05082143
936.72362927,0.06052990
936.96806417,0.05078012
937.21250748,0.05330019
937.45695920,0.05437432
937.70141934,0.04516160
937.94588788,0.04282744
938.19036483,0.04328188
938.43485019,0.04536816
938.67934394,0.04386025
938.92384608,0.04545079
939.16835663,0.04590523
939.41287556,0.04854924
939.65740288,0.04978862
939.90193859,0.04563670
940.14648268,0.04435600
940.39103515,0.03968768
940.63559600,0.04171200
940.88016523,0.03691973
941.12474282,0.03927455
941.36932879,0.03968768
941.61392312,0.04224906
941.85852581,0.04074115
942.10313687,0.03832436
942.34775628,0.03675448
942.59238405,0.03518460
942.83702017,0.03580429
943.08166464,0.03584560
943.32631746,0.04063787
943.57097862,0.03582494
943.81564813,0.03646529
944.06032597,0.03580429
944.30501215,0.03671317
944.54970666,0.03989424
944.79440950,0.03524657
945.03912067,0.03444097
945.28384016,0.04103034
945.52856798,0.03592823
945.77330412,0.03706432
946.01804857,0.03375931
946.26280133,0.03229271
946.50756241,0.03444097
946.75233179,0.03351144
946.99710948,0.03254059
947.24189548,0.03497804
947.48668977,0.03570101
947.73149236,0.03458557
947.97630324,0.03340816
948.22112242,0.03111530
948.46594988,0.03468885
948.71078563,0.03194156
948.95562966,0.03886142
949.20048198,0.03088808
949.44534257,0.03282978
949.69021144,0.03287109
949.93508857,0.03466819
950.17997398,0.03363537
950.42486766,0.02650894
950.66976959,0.03285043
950.91467979,0.03057824
951.15959825,0.03043365
951.40452496,0.02739717
951.64945993,0.02739717
951.89440314,0.02921492
952.13935461,0.02200587
952.38431431,0.02442266
952.62928226,0.02231571
952.87425845,0.02243965
953.11924287,0.02493906
953.36423553,0.02049796
953.60923642,0.01791592
953.85424553,0.02043599
954.09926287,0.01636669
954.34428843,0.01543716
954.58932222,0.01547847
954.83436421,0.01816379
955.07941443,0.01256593
955.32447285,0.01366071
955.56953948,0.01620144
955.81461432,0.01630472
956.05969736,0.01299971
956.30478860,0.00930223
956.54988803,0.01097539
956.79499567,0.01277249
957.04011149,0.01242133
957.28523550,0.00973601
957.53036770,0.00767038
957.77550808,0.01095474
958.02065664,0.01227674
958.26581338,0.00930223
958.51097830,0.01256593
958.75615139,0.01182230
959.00133264,0.01545781
959.24652207,0.01184296
959.49171965,0.01861823
959.73692540,0.01483812
959.98213931,0.01572635
960.22736137,0.01551978
960.47259159,0.01977498
960.71782995,0.04619442
960.96307647,0.02155143
961.20833112,0.02115896
961.45359392,0.02636435
961.69886486,0.02590991
961.94414394,0.02516628
962.18943115,0.02807882
962.43472648,0.02822342
962.68002995,0.03041299
962.92534154,0.03059890
963.17066126,0.03051627
963.41598909,0.02902902
963.66132504,0.03254059
963.90666911,0.03113596
964.15202128,0.03059890
964.39738157,0.03809714
964.64274996,0.03313962
964.88812645,0.04125756
965.13351104,0.03679579
965.37890374,0.03731220
965.62430452,0.03516394
965.86971340,0.03687842
966.11513036,0.03939849
966.36055542,0.03863420
966.60598855,0.03979096
966.85142977,0.03764270
967.09687907,0.03479213
967.34233644,0.03712629
967.58780188,0.03623807
967.83327539,0.03623807
968.07875697,0.03799386
968.32424661,0.04505832
968.56974432,0.03483344
968.81525008,0.03435835
969.06076390,0.03520525
969.30628577,0.03415178
969.55181570,0.03683710
969.79735367,0.03809714
970.04289968,0.02989658
970.28845374,0.03520525
970.53401583,0.03491607
970.77958597,0.04400485
971.02516413,0.03611413
971.27075033,0.03691973
971.51634455,0.03466819
971.76194680,0.04041065
972.00755708,0.03491607
972.25317537,0.03956374
972.49880168,0.03836567
972.74443600,0.03859289
972.99007834,0.03648595
973.23572868,0.03933652
973.48138703,0.04336450
973.72705338,0.04326122
973.97272774,0.04365369
974.21841009,0.04594654
974.46410043,0.04580195
974.70979877,0.04456257
974.95550510,0.03935718
975.20121941,0.04059655
975.44694171,0.04419075
975.69267199,0.04078246
975.93841024,0.03844830
976.18415647,0.04625639
976.42991068,0.04090640
976.67567285,0.03760139
976.92144299,0.03689907
977.16722110,0.03601085
977.41300717,0.03977030
977.65880119,0.03912996
977.90460317,0.03419310
978.15041311,0.03939849
978.39623099,0.03774598
978.64205683,0.03355275
978.88789061,0.03559773
979.13373233,0.03565969
979.37958199,0.03183827
979.62543958,0.03301569
979.87130511,0.03481278
980.11717857,0.03491607
980.36305996,0.03185893
980.60894928,0.03064021
980.85484651,0.02873983
981.10075167,0.02865720
981.34666475,0.02549678
981.59258573,0.02669485
981.83851463,0.02107633
982.08445144,0.02630238
982.33039616,0.02291474
982.57634878,0.01940317
982.82230930,0.01903136
983.06827771,0.02097305
983.31425403,0.02297671
983.56023823,0.01969236
983.80623032,0.02190258
984.05223031,0.01601553
984.29823817,0.01799854
984.54425391,0.01603619
984.79027754,0.01512731
985.03630904,0.01839101
985.28234841,0.01492075
985.52839565,0.02173733
985.77445076,0.01789526
986.02051374,0.01905201
986.26658457,0.01529256
986.51266327,0.02448462
986.75874982,0.02130355
987.00484422,0.02215046
987.25094647,0.02605451
987.49705658,0.02444331
987.74317452,0.02400953
987.98930031,0.02593057
988.23543394,0.02842998
988.48157541,0.02529022
988.72772471,0.02609582
988.97388184,0.02969002
989.22004680,0.02483578
989.46621959,0.02772767
989.71240020,0.02673616
989.95858862,0.03068152
990.20478487,0.02570335
990.45098893,0.03264387
990.69720080,0.02966936
990.94342048,0.02562072
991.18964797,0.02349312
991.43588326,0.02797554
991.68212635,0.02638501
991.92837724,0.02367903
992.17463593,0.02419544
992.42090240,0.02450528
992.66717667,0.01870086
992.91345872,0.01934120
993.15974856,0.01597422
993.40604618,0.02008483
993.65235158,0.01706901
993.89866475,0.01839101
994.14498570,0.01702769
994.39131441,0.01386728
994.63765090,0.01719294
994.88399515,0.01547847
995.13034716,0.01677982
995.37670693,0.01628407
995.62307445,0.01190493
995.86944973,0.01105802
996.11583276,0.01101670
996.36222354,0.01454893
996.60862206,0.01411515
996.85502833,0.01502403
997.10144233,0.01411515
997.34786408,0.01103736
997.59429355,0.01425975
997.84073076,0.01370203
998.08717570,0.00767038
998.33362836,0.01167771
998.58008875,0.00849663
998.82655685,0.01566438
999.07303267,0.01975433
999.31951621,0.01566438
999.56600746,0.01252462
999.81250642,0.01399121
1000.05901309,0.01165705
1000.30552746,0.01211149
1000.55204953,0.01138852
1000.79857929,0.01461090
1001.04511676,0.01661457
1001.29166191,0.01956842
1001.53821476,0.00988061
1001.78477529,0.01434237
1002.03134351,0.01380531
1002.27791941,0.01601553
1002.52450299,0.01585028
1002.77109424,0.01500337
1003.01769317,0.01180164
1003.26429976,0.01459025
1003.51091403,0.01229740
1003.75753596,0.01498272
1004.00416555,0.01299971
1004.25080280,0.01729623
1004.49744771,0.01279315
1004.74410027,0.01405318
1004.99076048,0.01194624
1005.23742834,0.01147114
1005.48410384,0.01527191
1005.73078699,0.01124392
1005.97747778,0.01436303
1006.22417620,0.01173968
1006.47088226,0.01068620
1006.71759595,0.01116130
1006.96431727,0.01419778
1007.21104622,0.01200821
1007.45778279,0.01529256
1007.70452698,0.00694741
1007.95127879,0.01151246
1008.19803821,0.01293774
1008.44480524,0.01496206
1008.69157988,0.01444565
1008.93836213,0.01419778
1009.18515199,0.01010783
1009.43194944,0.01163639
1009.67875450,0.01171902
1009.92556715,0.01033505
1010.17238739,0.01444565
1010.41921522,0.01504469
1010.66605064,0.01136786
1010.91289364,0.01149180
1011.15974422,0.01002520
1011.40660239,0.01014914
1011.65346813,0.00924026
1011.90034144,0.01768870
1012.14722232,0.01128524
1012.39411078,0.01186361
1012.64100679,0.01176033
1012.88791037,0.01702769
1013.13482151,0.01271052
1013.38174020,0.01452828
1013.62866645,0.02058058
1013.87560025,0.01849429
1014.12254160,0.01419778
1014.36949049,0.02130355
1014.61644693,0.02243965
1014.86341091,0.01837035
1015.11038242,0.01810182
1015.35736147,0.01994023
1015.60434805,0.01816379
1015.85134216,0.01735819
1016.09834379,0.01508600
1016.34535295,0.01789526
1016.59236963,0.02165471
1016.83939383,0.02006417
1017.08642554,0.01830839
1017.33346476,0.01845298
1017.58051150,0.02043599
1017.82756574,0.01582963
1018.07462748,0.01440434
1018.32169673,0.01808117
1018.56877347,0.01442500
1018.81585771,0.01932054
1019.06294945,0.01580897
1019.31004867,0.01019045
1019.55715538,0.00624509
1019.80426957,0.01320627
1020.05139125,0.01818445
1020.29852041,0.01314431
1020.54565704,0.00655494
1020.79280114,0.01072752
1021.03995272,0.00488178
1021.28711177,0.01198755
1021.53427828,0.00738119
1021.78145225,0.00981864
1022.02863368,0.00645166
1022.27582257,0.00591459
1022.52301891,0.01085145
1022.77022270,0.01000454
1023.01743395,0.00740185
1023.26465263,0.00694741
1023.51187876,0.00141152
1023.75911234,0.00519162
1024.00635335,0.00548081
1024.25360179,0.00649297
1024.50085766,0.00541884
1024.74812097,0.00612116
1024.99539170,0.00632772
1025.24266985,0.00882713
1025.48995543,0.00467521
1025.73724842,0.00583197
1025.98454883,0.00814548
1026.23185665,0.00339452
1026.47917188,0.00386962
1026.72649452,0.00829007
1026.97382456,0.00756710
1027.22116200,0.00384896
1027.46850685,0.00504703
1027.71585908,0.00626575
1027.96321872,0.00659625
1028.21058574,0.00403487
1028.45796014,-0.01048653
1028.70534194,-0.00932977
1028.95273111,-0.01036259
1029.20012767,-0.01092031
1029.44753160,-0.01048653
1029.69494290,-0.00957765
