399.81288841,0.00535665
400.03045039,0.00801506
400.24802720,0.00996734
400.46561883,0.00309284
400.68322529,0.00211670
400.90084656,0.00400667
401.11848265,0.00610433
401.33613355,0.00114056
401.55379926,0.00276053
401.77147978,0.00641586
401.98917511,0.00789045
402.20688524,0.00404820
402.42461017,0.00172209
402.64234989,0.00587587
402.86010441,0.00219977
403.07787372,0.00730892
403.29565782,0.00589664
403.51345670,0.00284361
403.73127037,0.00651970
403.94909882,0.00124440
404.16694205,0.00579279
404.38480005,0.00417282
404.60267282,0.00300976
404.82056036,0.00184670
405.03846267,0.00888736
405.25637974,0.01048656
405.47431157,0.00610433
405.69225816,0.00253207
405.91021951,0.00627048
406.12819561,-0.00010558
406.34618645,0.00323822
406.56419205,0.00431820
406.78221239,0.00303053
407.00024747,0.00689354
407.21829729,0.00024750
407.43636184,0.00797353
407.65444113,0.00529434
407.87253515,0.00778661
408.09064390,0.00548126
408.30876737,0.00473358
408.52690556,0.00926120
408.74505847,0.00327976
408.96322610,0.00863813
409.18140844,0.00402744
409.39960550,0.00263592
409.61781726,0.00629125
409.83604372,0.00408974
410.05428489,0.00778661
410.27254076,0.00201285
410.49081133,0.00735046
410.70909659,0.00724662
410.92739654,0.00384052
411.14571118,0.01067348
411.36404051,0.00406897
411.58238452,0.00967658
411.80074321,0.00589664
412.01911658,0.00845121
412.23750462,0.00870044
412.45590734,0.00660278
412.67432472,0.00699739
412.89275677,0.00703893
413.11120349,0.00352898
413.32966486,0.00332129
413.54814090,0.00531511
413.76663159,0.00641586
413.98513693,0.00292668
414.20365692,0.00157671
414.42219156,0.00770353
414.64074084,0.00276053
414.85930477,0.00629125
415.07788333,0.00170132
415.29647653,0.00658201
415.51508437,0.00240746
415.73370683,0.00508665
415.95234392,0.00290592
416.17099564,0.00595894
416.38966198,0.00610433
416.60834294,0.00618740
416.82703851,0.00651970
417.04574870,0.00070441
417.26447350,0.00523203
417.48321291,0.00375744
417.70196692,0.00078749
417.92073554,0.00774507
418.13951875,0.00799430
418.35831657,0.00201285
418.57712898,0.00261515
418.79595598,0.01044503
419.01479757,0.00982196
419.23365374,0.00649893
419.45252450,0.00053826
419.67140984,0.00811891
419.89030975,0.00774507
420.10922425,0.01002965
420.32815331,0.00506588
420.54709694,0.00805660
420.76605514,0.00514896
420.98502791,0.00612509
421.20401523,0.00394436
421.42301712,0.00527357
421.64203356,0.00874198
421.86106455,0.00550203
422.08011009,0.00402744
422.29917018,0.00980119
422.51824482,0.00533588
422.73733399,0.00425589
422.95643771,0.00859659
423.17555596,0.00481665
423.39468875,0.00546049
423.61383606,0.00539818
423.83299790,0.00315514
424.05217427,0.00361206
424.27136516,0.00668585
424.49057057,0.00589664
424.70979050,0.00645740
424.92902494,0.00583433
425.14827390,0.00454666
425.36753736,0.00543972
425.58681532,0.00990503
425.80610779,0.00641586
426.02541476,0.00921966
426.24473623,0.00408974
426.46407219,0.00807737
426.68342265,0.00294745
426.90278759,0.00708046
427.12216702,0.00890813
427.34156093,0.00494127
427.56096933,0.00955196
427.78039220,0.01115117
427.99982955,0.00714277
428.21928137,0.00548126
428.43874766,0.00313437
428.65822841,0.00782814
428.87772363,0.00913658
429.09723331,0.00670662
429.31675745,0.00359129
429.53629605,0.00386128
429.75584910,0.00631201
429.97541660,0.00847198
430.19499854,0.00516973
430.41459494,0.00874198
430.63420577,0.00751661
430.85383104,0.00859659
431.07347075,0.00830583
431.29312489,0.01148347
431.51279347,0.00764122
431.73247647,0.00438051
431.95217390,0.00678970
432.17188574,0.00772430
432.39161201,0.00614586
432.61135270,0.00600048
432.83110780,0.00867967
433.05087731,0.01287499
433.27066123,0.00471281
433.49045956,0.00751661
433.71027229,0.00791122
433.93009942,0.00751661
434.14994095,0.00720508
434.36979687,0.00681047
434.58966718,0.00903274
434.80955189,0.00828506
435.02945098,0.00874198
435.24936445,0.01547110
435.46929230,0.00913658
435.68923454,0.01056964
435.90919115,0.01164962
436.12916213,0.00975965
436.34914748,0.01337344
436.56914720,0.01017503
436.78916128,0.00975965
437.00918972,0.01175347
437.22923252,0.00959350
437.44928968,0.01021657
437.66936119,0.01052810
437.88944706,0.01208577
438.10954727,0.01285422
438.32966182,0.01214808
438.54979072,0.00982196
438.76993395,0.01696646
438.99009153,0.01403805
439.21026343,0.01480649
439.43044967,0.01630186
439.65065024,0.01725722
439.87086513,0.01094348
440.09109434,0.01140039
440.31133788,0.01090194
440.53159573,0.01725722
440.75186789,0.01077733
440.97215437,0.01281268
441.19245516,0.01621878
441.41277025,0.01372651
441.63309964,0.01194039
441.85344334,0.01729876
442.07380133,0.01302037
442.29417362,0.01445342
442.51456020,0.01256345
442.73496107,0.01389266
442.95537623,0.01599032
443.17580567,0.01503495
443.39624939,0.01513880
443.61670739,0.01194039
443.83717967,0.01385113
444.05766622,0.01586571
444.27816704,0.01729876
444.49868212,0.00849275
444.71921147,0.01322806
444.93975509,0.01563725
445.16031296,0.01752722
445.38088508,0.01619801
445.60147147,0.01567879
445.82207210,0.01129655
446.04268698,0.01752722
446.26331610,0.02035179
446.48395947,0.01164962
446.70461707,0.01559571
446.92528892,0.01254268
447.14597499,0.01580340
447.36667530,0.01187808
447.58738984,0.02064256
447.80811860,0.01545033
448.02886158,0.01364344
448.24961879,0.01569956
448.47039021,0.01677954
448.69117585,0.02433942
448.91197570,0.01885643
449.13278975,0.00911582
449.35361802,0.01391343
449.57446049,0.01277114
449.79531715,0.00886659
450.01618802,0.01279191
450.23707308,0.01189885
450.45797234,0.01709107
450.67888578,0.01380959
450.89981341,0.01171193
451.12075522,0.01663416
451.34171122,0.01569956
451.56268139,0.01839951
451.78366574,0.01713261
452.00466426,0.01721569
452.22567696,0.01187808
452.44670382,0.01466111
452.66774484,0.01218961
452.88880003,0.02085024
453.10986938,0.01393420
453.33095288,0.01580340
453.55205053,0.01482726
453.77316234,0.00930274
453.99428830,0.01426650
454.21542840,0.01202346
454.43658264,0.01646801
454.65775102,0.01501418
454.87893354,0.01405881
455.10013019,0.01563725
455.32134098,0.02035179
455.54256589,0.01993641
455.76380493,0.01445342
455.98505809,0.01781798
456.20632537,0.01920950
456.42760677,0.01937565
456.64890229,0.01464034
456.87021191,0.01812952
457.09153565,0.01810875
457.31287349,0.01983257
457.53422544,0.02290637
457.75559149,0.02217945
457.97697163,0.01704954
458.19836587,0.02024795
458.41977420,0.01962488
458.64119663,0.02309329
458.86263313,0.01945873
459.08408373,0.02097486
459.30554840,0.02153562
459.52702716,0.02672784
459.74851999,0.01588648
459.97002689,0.02668630
460.19154786,0.01956257
460.41308290,0.02475480
460.63463201,0.01808798
460.85619518,0.01623955
461.07777241,0.02089178
461.29936369,0.02112024
461.52096903,0.02253252
461.74258841,0.02080871
461.96422185,0.02112024
462.18586933,0.02201330
462.40753086,0.02666554
462.62920642,0.02230407
462.85089602,0.02242868
463.07259966,0.02328021
463.29431733,0.01947950
463.51604902,0.02313482
463.73779475,0.02263637
463.95955449,0.02361251
464.18132826,0.02772475
464.40311604,0.02213792
464.62491784,0.02340482
464.84673365,0.02311405
465.06856347,0.02552325
465.29040730,0.02261560
465.51226513,0.02109947
465.73413696,0.02055948
465.95602279,0.02485864
466.17792261,0.02357097
466.39983643,0.02969780
466.62176424,0.02504556
466.84370603,0.03007164
467.06566181,0.02633323
467.28763157,0.02693553
467.50961531,0.02672784
467.73161303,0.02865935
467.95362472,0.02577247
468.17565038,0.03065316
468.39769001,0.02394481
468.61974360,0.02498326
468.84181116,0.02703938
469.06389267,0.03468233
469.28598814,0.02926165
469.50809757,0.03241852
469.73022094,0.03389311
469.95235827,0.02986395
470.17450954,0.02834782
470.39667475,0.02647862
470.61885390,0.02652015
470.84104699,0.02878396
471.06325402,0.03231468
471.28547498,0.02384097
471.50770986,0.03142161
471.72995867,0.02568940
471.95222141,0.02153562
472.17449806,0.02321790
472.39678864,0.02296867
472.61909313,0.02685246
472.84141153,0.02228330
473.06374384,0.03310389
473.28609005,0.03050778
473.50845017,0.02595939
473.73082420,0.02851397
473.95321212,0.02728860
474.17561393,0.03125546
474.39802964,0.02394481
474.62045924,0.02838935
474.84290273,0.02404865
475.06536010,0.02919934
475.28783136,0.02928242
475.51031649,0.02676938
475.73281550,0.02477557
475.95532838,0.02361251
476.17785513,0.02706015
476.40039575,0.02637477
476.62295024,0.02593862
476.84551859,0.02944857
477.06810080,0.02880473
477.29069686,0.02811936
477.51330678,0.02550248
477.73593055,0.03158777
477.95856817,0.02730937
478.18121963,0.02741322
478.40388494,0.02807782
478.62656409,0.03227314
478.84925707,0.02662400
479.07196389,0.02743399
479.29468455,0.02807782
479.51741903,0.03084008
479.74016733,0.02485864
479.96292946,0.02541940
480.18570542,0.02558555
480.40849519,0.02193023
480.63129877,0.02679015
480.85411617,0.02504556
481.07694738,0.02402789
481.29979239,0.02635400
481.52265121,0.02261560
481.74552383,0.02463018
481.96841025,0.02363328
482.19131046,0.02710168
482.41422447,0.02595939
482.63715227,0.02633323
482.86009385,0.02558555
483.08304922,0.02199253
483.30601837,0.02290637
483.52900130,0.02818167
483.75199801,0.02373712
483.97500849,0.02992625
484.19803274,0.02789090
484.42107076,0.02492095
484.64412255,0.03040394
484.86718810,0.02795321
485.09026741,0.02004026
485.31336047,0.02521171
485.53646729,0.02253252
485.75958786,0.02170177
485.98272218,0.02124485
486.20587024,0.01788029
486.42903205,0.02255329
486.65220760,0.02074640
486.87539689,0.02990548
487.09859991,0.02593862
487.32181666,0.02562709
487.54504715,0.02922011
487.76829136,0.02573094
487.99154929,0.02932396
488.21482094,0.02733014
488.43810631,0.02608401
488.66140540,0.03372696
488.88471820,0.03069470
489.10804471,0.02990548
489.33138493,0.03594923
489.55473885,0.03223160
489.77810647,0.03501463
490.00148780,0.03385158
490.22488281,0.03391388
490.44829153,0.03873227
490.67171393,0.03825458
490.89515002,0.03931380
491.11859979,0.04006148
491.34206325,0.03958379
491.56554038,0.03599077
491.78903120,0.03966687
492.01253568,0.03437080
492.23605384,0.03885688
492.45958567,0.04415295
492.68313116,0.04257451
492.90669031,0.03829612
493.13026312,0.03316620
493.35384960,0.03447464
493.57744972,0.03156700
493.80106350,0.03125546
494.02469092,0.03549232
494.24833200,0.03509771
494.47198671,0.03640615
494.69565507,0.03104777
494.91933706,0.04070531
495.14303269,0.03275082
495.36674195,0.03063240
495.59046484,0.03553386
495.81420136,0.03339466
496.03795150,0.03250160
496.26171526,0.02735091
496.48549264,0.02915780
496.70928364,0.02963549
496.93308825,0.03200314
497.15690647,0.03607385
497.38073830,0.03144238
497.60458373,0.03599077
497.82844276,0.04431910
498.05231539,0.03819228
498.27620162,0.03734075
498.50010144,0.04010301
498.72401485,0.03534694
498.94794185,0.04402834
499.17188244,0.03960456
499.39583661,0.03910611
499.61980435,0.03621923
499.84378568,0.04170222
500.06778058,0.04004071
500.29178904,0.04502524
500.51581108,0.04010301
500.73984668,0.04276143
500.96389585,0.03929303
501.18795858,0.03848304
501.41203486,0.04284451
501.63612470,0.03947995
501.86022809,0.04710213
502.08434503,0.04514986
502.30847551,0.04458910
502.53261954,0.03966687
502.75677711,0.03538847
502.98094822,0.03958379
503.20513286,0.04166068
503.42933104,0.04170222
503.65354274,0.03675922
503.87776797,0.03405926
504.10200673,0.03225237
504.32625901,0.03524309
504.55052480,0.03354004
504.77480411,0.03073624
504.99909694,0.03000933
505.22340327,0.03389311
505.44772312,0.03152546
505.67205646,0.02755860
505.89640331,0.02932396
506.12076366,0.02614631
506.34513750,0.02635400
506.56952484,0.02633323
506.79392567,0.02500402
507.01833999,0.02695630
507.24276779,0.03038317
507.46720907,0.03059086
507.69166384,0.02836859
507.91613208,0.02957318
508.14061380,0.03308313
508.36510898,0.02884627
508.58961764,0.03584539
508.81413976,0.03368542
509.03867534,0.03603231
509.26322439,0.03543001
509.48778689,0.03416311
509.71236285,0.03927226
509.93695226,0.03507694
510.16155512,0.03439157
510.38617142,0.03538847
510.61080117,0.03707075
510.83544436,0.03383081
511.06010099,0.03489002
511.28477105,0.03952148
511.50945454,0.03893996
511.73415147,0.03601154
511.95886182,0.03378927
512.18358560,0.03185776
512.40832280,0.02826474
512.63307341,0.03335312
512.85783745,0.03327005
513.08261489,0.03032086
513.30740575,0.03364389
513.53221001,0.02963549
513.75702768,0.03526386
513.98185875,0.02841012
514.20670322,0.02868012
514.43156109,0.02984318
514.65643235,0.02816090
514.88131700,0.02527402
515.10621504,0.03667615
515.33112647,0.02978087
515.55605128,0.03084008
515.78098946,0.03345697
516.00594103,0.03115162
516.23090597,0.02996779
516.45588428,0.03821304
516.68087596,0.02664477
516.90588100,0.03048701
517.13089941,0.02593862
517.35593118,0.02672784
517.58097631,0.02749629
517.80603479,0.02878396
518.03110663,0.02463018
518.25619181,0.02550248
518.48129034,0.02406942
518.70640222,0.02801551
518.93152743,0.02755860
519.15666598,0.02876319
519.38181787,0.02359174
519.60698310,0.02892935
519.83216165,0.02361251
520.05735353,0.01875259
520.28255873,0.02180561
520.50777726,0.02180561
520.73300910,0.02527402
520.95825426,0.02595939
521.18351273,0.02772475
521.40878452,0.02971856
521.63406961,0.02500402
521.85936801,0.02529479
522.08467971,0.02355020
522.31000471,0.02388250
522.53534300,0.02733014
522.76069459,0.03414234
522.98605947,0.03200314
523.21143764,0.03135931
523.43682910,0.03297928
523.66223383,0.03225237
523.88765185,0.03175392
524.11308315,0.03457849
524.33852772,0.03663461
524.56398556,0.03108931
524.78945667,0.03588693
525.01494104,0.03655153
525.24043868,0.03777690
525.46594959,0.03972917
525.69147374,0.04720598
525.91701116,0.03995763
526.14256182,0.03646846
526.36812574,0.03545078
526.59370290,0.03740306
526.81929331,0.03624000
527.04489696,0.03707075
527.27051384,0.03854535
527.49614396,0.03474464
527.72178732,0.03412157
527.94744390,0.03607385
528.17311372,0.03405926
528.39879675,0.03408003
528.62449301,0.03314543
528.85020249,0.03968764
529.07592518,0.03765228
529.30166109,0.03655153
529.52741021,0.04180606
529.75317254,0.04384142
529.97894807,0.03696691
530.20473680,0.04533678
530.43053874,0.04537831
530.65635387,0.05678044
530.88218219,0.04803673
531.10802371,0.05310434
531.33387841,0.05329126
531.55974630,0.05158822
531.78562738,0.05684275
532.01152163,0.05615737
532.23742906,0.05133899
532.46334967,0.04737213
532.68928344,0.05223205
532.91523039,0.05050823
533.14119051,0.05657275
533.36716378,0.05254358
533.59315022,0.05628199
533.81914982,0.05783965
534.04516257,0.06149498
534.27118847,0.05208667
534.49722752,0.05619891
534.72327973,0.06236727
534.94934507,0.05391433
535.17542356,0.06344726
535.40151518,0.05960501
535.62761994,0.05642737
535.85373784,0.05368587
536.07986886,0.06473493
536.30601301,0.05802657
536.53217029,0.05873272
536.75834069,0.05287589
536.98452420,0.05746581
537.21072084,0.05742428
537.43693059,0.05750735
537.66315345,0.05210744
537.88938941,0.05505662
538.11563848,0.05356126
538.34190066,0.05489047
538.56817593,0.05441279
538.79446431,0.05376895
539.02076577,0.05576276
539.24708033,0.06099653
539.47340798,0.05744504
539.69974871,0.05937655
539.92610252,0.05798504
540.15246942,0.05665583
540.37884939,0.05921040
540.60524244,0.06880563
540.83164856,0.06035269
541.05806775,0.06834872
541.28450001,0.06670797
541.51094533,0.07125636
541.73740371,0.07379017
541.96387515,0.06996869
542.19035965,0.06263727
542.41685719,0.07603321
542.64336779,0.07364479
542.86989144,0.07559706
543.09642813,0.06145344
543.32297786,0.06826564
543.54954063,0.06157806
543.77611643,0.07244019
544.00270527,0.06556568
544.22930714,0.07418478
544.45592204,0.06866025
544.68254996,0.07003100
544.90919091,0.06346803
545.13584487,0.07183789
545.36251185,0.06745565
545.58919184,0.06473493
545.81588485,0.06735181
546.04259086,0.06726873
546.26930988,0.06598106
546.49604191,0.07003100
546.72278693,0.06288650
546.94954495,0.06382110
547.17631596,0.06791257
547.40309997,0.06797488
547.62989696,0.06915870
547.85670694,0.07337479
548.08352991,0.08222234
548.31036585,0.07246096
548.53721477,0.07806856
548.76407667,0.08116313
548.99095154,0.07559706
549.21783938,0.07615782
549.44474018,0.07686397
549.67165395,0.07794395
549.89858069,0.08047775
550.12552038,0.07748703
550.35247302,0.07794395
550.57943862,0.07752857
550.80641717,0.07615782
551.03340866,0.08093467
551.26041310,0.08317771
551.48743048,0.08174466
551.71446081,0.08589844
551.94150406,0.08760149
552.16856025,0.08897223
552.39562937,0.09129835
552.62271142,0.08799610
552.84980640,0.08689534
553.07691429,0.08726918
553.30403511,0.08857762
553.53116884,0.09418523
553.75831549,0.09198372
553.98547505,0.09310524
554.21264752,0.09408138
554.43983289,0.09289756
554.66703116,0.09487060
554.89424234,0.09935668
555.12146641,0.10311585
555.34870338,0.09985514
555.57595324,0.10369738
555.80321599,0.10940883
556.03049162,0.10585735
556.25778014,0.10670887
556.48508154,0.11566027
556.71239582,0.11582642
556.93972297,0.11435183
557.16706300,0.11007344
557.39441589,0.11308493
557.62178165,0.11815254
557.84916028,0.11235801
558.07655177,0.11973097
558.30395611,0.11761255
558.53137331,0.11879637
558.75880337,0.11318877
558.98624627,0.11763331
559.21370202,0.11638718
559.44117062,0.11279416
559.66865206,0.11590950
559.89614634,0.11757101
560.12365345,0.11146495
560.35117340,0.10996959
560.57870618,0.11254493
560.80625179,0.10567043
561.03381022,0.10623119
561.26138148,0.10878576
561.48896555,0.11381184
561.71656244,0.10843269
561.94417215,0.10500582
562.17179467,0.10427891
562.39942999,0.10261740
562.62707812,0.10488121
562.85473906,0.10961652
563.08241279,0.10913883
563.31009933,0.10508890
563.53779866,0.11532797
563.76551078,0.10965806
563.99323568,0.10988652
564.22097338,0.10770578
564.44872386,0.10868192
564.67648712,0.11073804
564.90426316,0.10666734
565.13205197,0.10793424
565.35985356,0.10797578
565.58766792,0.11306416
565.81549504,0.10978267
566.04333493,0.11680256
566.27118758,0.10172434
566.49905298,0.10442429
566.72693115,0.10193203
566.95482207,0.10920114
567.18272573,0.10469429
567.41064215,0.11167264
567.63857131,0.10839115
567.86651321,0.11092496
568.09446785,0.10567043
568.32243523,0.11075881
568.55041534,0.10776809
568.77840819,0.11333415
569.00641376,0.10546274
569.23443206,0.10504736
569.46246308,0.10367661
569.69050682,0.10452814
569.91856327,0.10294970
570.14663244,0.10162049
570.37471433,0.09763286
570.60280892,0.10780963
570.83091622,0.10253432
571.05903622,0.10137127
571.28716892,0.10226433
571.51531432,0.10450737
571.74347241,0.10195280
571.97164320,0.09744594
572.19982667,0.09889977
572.42802284,0.09933591
572.65623168,0.10429968
572.88445321,0.10550428
573.11268742,0.10442429
573.34093430,0.10114281
573.56919385,0.10290817
573.79746608,0.10224356
574.02575097,0.10699964
574.25404853,0.10641811
574.48235874,0.10776809
574.71068162,0.11073804
574.93901715,0.10749809
575.16736534,0.11626257
575.39572618,0.11520335
575.62409966,0.11649103
575.85248579,0.11449721
576.08088456,0.11358338
576.30929597,0.11507874
576.53772002,0.11333415
576.76615671,0.11757101
576.99460602,0.12168325
577.22306796,0.11894176
577.45154253,0.12434167
577.68002972,0.12461166
577.90852953,0.12020866
578.13704196,0.12097711
578.36556700,0.12114326
578.59410465,0.11991789
578.82265492,0.12338630
579.05121779,0.12168325
579.27979326,0.11574334
579.50838133,0.11505797
579.73698201,0.11815254
579.96559527,0.11636641
580.19422113,0.11894176
580.42285958,0.12031250
580.65151062,0.11507874
580.88017424,0.11331338
581.10885044,0.11410260
581.33753922,0.11817331
581.56624057,0.11269032
581.79495450,0.11287724
582.02368100,0.10708271
582.25242007,0.10992805
582.48117170,0.10938806
582.70993589,0.10685426
582.93871264,0.10951268
583.16750195,0.10521351
583.39630381,0.10569120
583.62511822,0.10490198
583.85394518,0.10083128
584.08278469,0.10567043
584.31163674,0.10600273
584.54050133,0.10978267
584.76937845,0.11588873
584.99826811,0.11676102
585.22717030,0.12295015
585.45608502,0.11732178
585.68501226,0.12484012
585.91395203,0.12662625
586.14290432,0.12658471
586.37186912,0.12687547
586.60084644,0.13186001
586.82983628,0.13206770
587.05883862,0.13248308
587.28785347,0.13476766
587.51688082,0.14346983
587.74592067,0.14668900
587.97497302,0.14585825
588.20403787,0.14812206
588.43311520,0.15993956
588.66220503,0.16556793
588.89130735,0.16625331
589.12042215,0.16241106
589.34954943,0.16949326
589.57868919,0.16864173
589.80784142,0.17601469
590.03700613,0.16488256
590.26618331,0.16299259
590.49537296,0.15975264
590.72457507,0.15375043
590.95378964,0.15161123
591.18301667,0.15626347
591.41225616,0.15007434
591.64150811,0.14500672
591.87077250,0.14488211
592.10004934,0.14535980
592.32933863,0.14922281
592.55864036,0.14405135
592.78795453,0.13998065
593.01728114,0.15277429
593.24662018,0.14697977
593.47597165,0.14515211
593.70533555,0.13960681
593.93471188,0.14565056
594.16410063,0.14577517
594.39350180,0.14735361
594.62291539,0.14195370
594.85234140,0.14295060
595.08177981,0.14855821
595.31123064,0.13831914
595.54069387,0.13561918
595.77016951,0.13325153
595.99965755,0.13549457
596.22915798,0.13775838
596.45867081,0.13358383
596.68819604,0.13684455
596.91773365,0.13570226
597.14728365,0.13842298
597.37684603,0.13779992
597.60642080,0.14390597
597.83600795,0.15148662
598.06560747,0.15861035
598.29521936,0.15370889
598.52484363,0.15960726
598.75448026,0.16236952
598.98412926,0.15605578
599.21379062,0.15838190
599.44346434,0.16104031
599.67315042,0.16357412
599.90284885,0.16172569
600.13255963,0.17323166
600.36228276,0.17570316
600.59201824,0.18722990
600.82176606,0.18621222
601.05152622,0.19076061
601.28129871,0.19314903
601.51108354,0.19850741
601.74088070,0.20085429
601.97069019,0.20619190
602.20051201,0.19902663
602.43034615,0.20031430
602.66019261,0.20347118
602.89005139,0.20180966
603.11992249,0.19613975
603.34980589,0.20172659
603.57970161,0.20538191
603.80960963,0.21103105
604.03952996,0.21568329
604.26946259,0.22687772
604.49940751,0.23508144
604.72936474,0.23125996
604.95933425,0.23096920
605.18931606,0.23665988
605.41931015,0.23892369
605.64931653,0.24129134
605.87933519,0.24031520
606.10936612,0.25450036
606.33940934,0.25736647
606.56946483,0.27277699
606.79953259,0.26253792
607.02961261,0.27097010
607.25970490,0.27119856
607.48980946,0.27693077
607.71992627,0.27151009
607.95005534,0.28334836
608.18019667,0.28629755
608.41035024,0.29686892
608.64051607,0.30623569
608.87069414,0.31423172
609.10088445,0.31894626
609.33108700,0.33618444
609.56130179,0.33485523
609.79152882,0.34013053
610.02176808,0.33950747
610.25201956,0.33180220
610.48228328,0.34044207
610.71255921,0.34781503
610.94284737,0.34715042
611.17314775,0.35531260
611.40346034,0.33996438
611.63378514,0.34170897
611.86412215,0.33248758
612.09447137,0.31504170
612.32483280,0.30598646
612.55520642,0.29767890
612.78559225,0.29113670
613.01599027,0.27300545
613.24640048,0.26706554
613.47682288,0.25713801
613.70725747,0.25144733
613.93770425,0.24274516
614.16816321,0.24301516
614.39863434,0.23769832
614.62911766,0.23393915
614.85961314,0.22810309
615.09012080,0.22513314
615.32064063,0.21800940
615.55117262,0.21152951
615.78171677,0.21132182
616.01227308,0.21022107
616.24284156,0.20970185
616.47342218,0.20691881
616.70401496,0.21830017
616.93461988,0.21225642
617.16523695,0.21942169
617.39586617,0.20789495
617.62650752,0.20432270
617.85716101,0.19771819
618.08782664,0.19333595
618.31850440,0.18311765
618.54919429,0.17975309
618.77989630,0.17792543
619.01061044,0.16801866
619.24133670,0.16116493
619.47207508,0.15711499
619.70282557,0.14959665
619.93358818,0.14961742
620.16436289,0.13524534
620.39514972,0.13183924
620.62594864,0.12550473
620.85675967,0.12592011
621.08758280,0.12216093
621.31841802,0.11815254
621.54926534,0.11123649
621.78012475,0.10724887
622.01099624,0.10432045
622.24187982,0.10729040
622.47277549,0.10934652
622.70368323,0.10758117
622.93460305,0.09727979
623.16553494,0.09906592
623.39647890,0.09673980
623.62743493,0.09823516
623.85840303,0.09418523
624.08938319,0.09856747
624.32037541,0.09723826
624.55137968,0.09800670
624.78239602,0.08704073
625.01342440,0.08317771
625.24446483,0.08168235
625.47551731,0.07721704
625.70658183,0.08249234
625.93765839,0.08058160
626.16874699,0.08535845
626.39984763,0.07665628
626.63096029,0.07979238
626.86208499,0.08228465
627.09322171,0.08583613
627.32437046,0.08924223
627.55553123,0.09441369
627.78670401,0.09649058
628.01788882,0.10170357
628.24908563,0.10338585
628.48029446,0.09970975
628.71151529,0.10531736
628.94274813,0.11279416
629.17399296,0.12234785
629.40524980,0.12623164
629.63651863,0.13129925
629.86779946,0.13775838
630.09909228,0.14000142
630.33039709,0.14380213
630.56171388,0.16010571
630.79304265,0.15881804
631.02438340,0.16997094
631.25573613,0.16515256
631.48710084,0.16941018
631.71847751,0.16766559
631.94986615,0.18014770
632.18126676,0.17935848
632.41267933,0.18452994
632.64410387,0.18916140
632.87554035,0.20118660
633.10698880,0.21086490
633.33844919,0.20750034
633.56992154,0.21589098
633.80140583,0.22419854
634.03290207,0.22573544
634.26441024,0.22384547
634.49593035,0.23188303
634.72746240,0.24193518
634.95900638,0.23869523
635.19056229,0.24671202
635.42213013,0.26735631
635.65370989,0.27568464
635.88530158,0.27568464
636.11690518,0.28154147
636.34852069,0.29256975
636.58014812,0.31117869
636.81178746,0.31753397
637.04343871,0.31155253
637.27510187,0.28824982
637.50677692,0.28812521
637.73846387,0.28471911
637.97016272,0.27813537
638.20187347,0.28787598
638.43359610,0.27994226
638.66533062,0.29034748
638.89707703,0.29705584
639.12883532,0.29645354
639.36060549,0.30255959
639.59238754,0.30166705
639.82418146,0.30934789
640.05598725,0.29668836
640.28780491,0.30447821
640.51963444,0.30554434
640.75147583,0.29940234
640.98332908,0.31596732
641.21519419,0.31459830
641.44707115,0.31248491
641.67895997,0.29618242
641.91086063,0.29172214
642.14277314,0.29026668
642.37469750,0.28424748
642.60663369,0.27086350
642.83858172,0.27080461
643.07054159,0.27359463
643.30251329,0.27604692
643.53449683,0.27890706
643.76649218,0.27484459
643.99849937,0.26454749
644.23051837,0.26174926
644.46254919,0.26166875
644.69459183,0.26259578
644.92664628,0.25943820
645.15871254,0.25444582
645.39079061,0.24551482
645.62288049,0.25157064
645.85498217,0.24356906
646.08709564,0.24897269
646.31922091,0.23436131
646.55135798,0.24257373
646.78350684,0.23642301
647.01566748,0.23556699
647.24783991,0.22984322
647.48002413,0.22775129
647.71222012,0.22378112
647.94442789,0.22830983
648.17664744,0.23651330
648.40887875,0.23597502
648.64112184,0.22979463
648.87337669,0.22271300
649.10564331,0.21629623
649.33792168,0.22722907
649.57021181,0.22906487
649.80251370,0.22924454
650.03482734,0.22752992
650.26715273,0.22709125
650.49948987,0.23032995
650.73183875,0.22062905
650.96419937,0.21950946
651.19657173,0.21968248
651.42895582,0.21908575
651.66135165,0.22058827
651.89375921,0.22130756
652.12617849,0.22035156
652.35860950,0.22323787
652.59105224,0.22326627
652.82350669,0.22979448
653.05597285,0.23698683
653.28845073,0.24081570
653.52094032,0.24529812
653.75344162,0.24757375
653.98595462,0.24901948
654.21847933,0.24775355
654.45101573,0.23946991
654.68356383,0.24299872
654.91612363,0.24398904
655.14869511,0.23879734
655.38127829,0.24419822
655.61387315,0.23682701
655.84647969,0.24123981
656.07909792,0.23907517
656.31172782,0.23480407
656.54436939,0.22289123
656.77702264,0.22244509
657.00968756,0.22620730
657.24236414,0.23518075
657.47505238,0.24703704
657.70775229,0.24202505
657.94046385,0.24289701
658.17318707,0.25698866
658.40592195,0.25405751
658.63866847,0.25472037
658.87142663,0.26862875
659.10419645,0.26360776
659.33697790,0.25717836
659.56977099,0.26506670
659.80257572,0.26235525
660.03539208,0.25900867
660.26822007,0.25969478
660.50105969,0.26306599
660.73391093,0.27148961
660.96677380,0.27272221
661.19964828,0.27681546
661.43253438,0.27456696
661.66543209,0.26563674
661.89834142,0.26949934
662.13126235,0.25813972
662.36419489,0.26018157
662.59713903,0.27131077
662.83009477,0.26070431
663.06306210,0.26186978
663.29604103,0.27413617
663.52903155,0.28271888
663.76203367,0.27365507
663.99504736,0.28322965
664.22807264,0.28245989
664.46110950,0.27824948
664.69415794,0.27827750
664.92721795,0.26696195
665.16028953,0.25221722
665.39337269,0.24940442
665.62646740,0.24016363
665.85957369,0.23632703
666.09269153,0.22647129
666.32582093,0.21958722
666.55896189,0.21137508
666.79211440,0.21614020
667.02527846,0.21931785
667.25845406,0.21368947
667.49164121,0.20579729
667.72483991,0.20783264
667.95805014,0.20133198
668.19127190,0.19586976
668.42450520,0.19807126
668.65775003,0.19256750
668.89100639,0.19229751
669.12427427,0.19898509
669.35755368,0.19794665
669.59084460,0.19605668
669.82414704,0.20102045
670.05746099,0.20338810
670.29078646,0.20756265
670.52412343,0.20006508
670.75747191,0.21084413
670.99083189,0.21236026
671.22420337,0.21042876
671.45758635,0.21431254
671.69098082,0.22534083
671.92438678,0.23589143
672.15780424,0.25107349
672.39123317,0.26025335
672.62467360,0.26739785
672.85812550,0.27599617
673.09158888,0.28602755
673.32506373,0.28154147
673.55855006,0.27576771
673.79204785,0.26793784
674.02555712,0.26484327
674.25907784,0.26087641
674.49261003,0.25985874
674.72615367,0.25431344
674.95970878,0.26600633
675.19327533,0.26392944
675.42685333,0.26993165
675.66044278,0.26633863
675.89404368,0.28422066
676.12765601,0.29086670
676.36127979,0.27904920
676.59491500,0.28397143
676.82856165,0.27057549
677.06221972,0.27304699
677.29588922,0.27238238
677.52957015,0.28000457
677.76326250,0.27009780
677.99696627,0.26278715
678.23068146,0.26721093
678.46440806,0.26573634
678.69814607,0.26044027
678.93189549,0.24795816
679.16565631,0.25522727
679.39942854,0.23761525
679.63321217,0.23798909
679.86700720,0.23225687
680.10081361,0.23813447
680.33463143,0.23607835
680.56846063,0.23298378
680.80230121,0.22241241
681.03615318,0.23169611
681.27001653,0.21971245
681.50389126,0.22743849
681.73777736,0.22222549
681.97167484,0.21233950
682.20558368,0.21485253
682.43950390,0.21528868
682.67343547,0.20683574
682.90737841,0.21267180
683.14133270,0.20388655
683.37529836,0.20311810
683.60927536,0.20189274
683.84326371,0.20590114
684.07726341,0.19989892
684.31127446,0.20590114
684.54529685,0.20536115
684.77933057,0.20982646
685.01337564,0.21125951
685.24743203,0.21732403
685.48149976,0.23533067
685.71557881,0.24025290
685.94966919,0.24465590
686.18377090,0.25074119
686.41788392,0.26608941
686.65200826,0.27032626
686.88614391,0.27092856
687.12029088,0.27259007
687.35444915,0.26311945
687.58861873,0.26154102
687.82279961,0.25788569
688.05699179,0.26316099
688.29119527,0.26476020
688.52541004,0.26870629
688.75963611,0.27458389
688.99387346,0.28019149
689.22812210,0.27329621
689.46238203,0.28403374
689.69665323,0.28696215
689.93093571,0.29610047
690.16522947,0.29402358
690.39953450,0.29859273
690.63385080,0.30324497
690.86817837,0.30609031
691.10251720,0.30478187
691.33686730,0.31113715
691.57122865,0.30214422
691.80560125,0.30808412
692.03998511,0.30550878
692.27438023,0.31138638
692.50878658,0.31203021
692.74320419,0.30847873
692.97763303,0.31936163
693.21207312,0.32218620
693.44652444,0.32413848
693.68098699,0.32941378
693.91546077,0.35147035
694.14994579,0.35556182
694.38444203,0.34852117
694.61894949,0.36173019
694.85346817,0.36542705
695.08799806,0.36924853
695.32253918,0.36135635
695.55709150,0.37080620
695.79165503,0.38175141
696.02622977,0.37522997
696.26081571,0.38166833
696.49541285,0.38021451
696.73002119,0.37639303
696.96464072,0.37537535
697.19927145,0.36949776
697.43391336,0.36879161
697.66856647,0.38440983
697.90323075,0.37612303
698.13790622,0.38281062
698.37259286,0.39219816
698.60729068,0.39388044
698.84199967,0.38904129
699.07671984,0.40814868
699.31145117,0.41203246
699.54619366,0.41693392
699.78094731,0.42320613
700.01571213,0.44355965
700.25048810,0.44563654
700.48527522,0.47134844
700.72007349,0.47396532
700.95488292,0.49546113
701.18970348,0.50335331
701.42453519,0.51301085
701.65937804,0.52962597
701.89423202,0.53367590
702.12909714,0.55081025
702.36397339,0.54489111
702.59886077,0.54117348
702.83375927,0.54098656
703.06866889,0.53373821
703.30358964,0.52227378
703.53852150,0.52430913
703.77346448,0.50846246
704.00841857,0.50318716
704.24338376,0.48592821
704.47836007,0.48684204
704.71334748,0.47317610
704.94834598,0.46380933
705.18335559,0.47608375
705.41837629,0.46455701
705.65340808,0.47288534
705.88845096,0.47022692
706.12350493,0.48449515
706.35856998,0.47267765
706.59364612,0.46731927
706.82873333,0.47413147
707.06383161,0.48331132
707.29894097,0.47915754
707.53406141,0.50086104
707.76919290,0.50511867
708.00433546,0.53731046
708.23948909,0.53722739
708.47465377,0.55340636
708.70982951,0.53257515
708.94501630,0.54252346
709.18021414,0.52439221
709.41542303,0.53849429
709.65064297,0.52896136
709.88587395,0.51814077
710.12111597,0.51357161
710.35636902,0.49251195
710.59163311,0.49132812
710.82690823,0.47116152
711.06219437,0.46902232
711.29749155,0.47188843
711.53279974,0.46970770
711.76811896,0.49157735
712.00344920,0.48102675
712.23879044,0.49417346
712.47414270,0.49637496
712.70950597,0.48561667
712.94488025,0.47244919
713.18026553,0.48476515
713.41566181,0.46464008
713.65106908,0.46439086
713.88648736,0.46077707
714.12191662,0.44279120
714.35735688,0.43892819
714.59280812,0.42966526
714.82827034,0.42241691
715.06374355,0.42017387
715.29922774,0.39851191
715.53472290,0.39797192
715.77022903,0.39703732
716.00574614,0.40306030
716.24127421,0.39585349
716.47681324,0.40098341
716.71236324,0.39865729
716.94792420,0.40875098
717.18349611,0.41606163
717.41907898,0.41379782
717.65467280,0.41450396
717.89027757,0.40260338
718.12589328,0.40044342
718.36151993,0.39099357
718.59715752,0.37155388
718.83280605,0.36301786
719.06846552,0.35473107
719.30413591,0.36158481
719.53981724,0.35923792
719.77550949,0.37714071
720.01121266,0.38787823
720.24692676,0.40721408
720.48265177,0.42503379
720.71838769,0.43143061
720.95413453,0.43523132
721.18989228,0.45249028
721.42566093,0.44873111
721.66144049,0.46653005
721.89723095,0.46270858
722.13303231,0.46403779
722.36884456,0.45602099
722.60466770,0.45321719
722.84050173,0.45575099
723.07634666,0.44239659
723.31220246,0.43691360
723.54806915,0.43130600
723.78394671,0.40592641
724.01983515,0.39849114
724.25573447,0.37431614
724.49164465,0.36052559
724.72756571,0.34098206
724.96349762,0.32609076
725.19944040,0.32102315
725.43539404,0.31429402
725.67135854,0.30864488
725.90733388,0.29558124
726.14332008,0.29655738
726.37931713,0.28619370
726.61532503,0.28079379
726.85134376,0.27902843
727.08737334,0.28488526
727.32341375,0.27803152
727.55946500,0.27022242
727.79552708,0.27271469
728.03159998,0.26336868
728.26768372,0.26731477
728.50377827,0.27585079
728.73988365,0.28033687
728.97599985,0.27196701
729.21212686,0.27639078
729.44826468,0.27367005
729.68441331,0.27547695
729.92057275,0.26993165
730.15674299,0.27458389
730.39292403,0.27983842
730.62911587,0.27267315
730.86531851,0.26652555
731.10153194,0.26176948
731.33775616,0.25510266
731.57399117,0.25310884
731.81023696,0.23616142
732.04649353,0.23244379
732.28276088,0.22151935
732.51903901,0.21948400
732.75532791,0.21032491
732.99162758,0.20124890
733.22793802,0.19397979
733.46425923,0.19092676
733.70059119,0.18658606
733.93693392,0.18502839
734.17328740,0.17765543
734.40965164,0.17815389
734.64602662,0.17265013
734.88241236,0.16806020
735.11880884,0.17296166
735.35521607,0.16614946
735.59163403,0.16884942
735.82806273,0.17260859
736.06450217,0.17312781
736.30095234,0.17719852
736.53741323,0.18459225
736.77388486,0.20617113
737.01036720,0.20909955
737.24686027,0.22694003
737.48336406,0.23354454
737.71987856,0.25393960
737.95640377,0.26260023
738.19293969,0.27244469
738.42948632,0.28272529
738.66604365,0.30388880
738.90261169,0.29489587
739.13919042,0.29826043
739.37577985,0.29232053
739.61237997,0.28122993
739.84899078,0.28284991
740.08561228,0.27954765
740.32224446,0.26887244
740.55888732,0.25587111
740.79554087,0.24210133
741.03220509,0.23516452
741.26887998,0.22978537
741.50556555,0.21865324
741.74226178,0.20660728
741.97896868,0.20106198
742.21568624,0.19165367
742.45241446,0.18733374
742.68915333,0.17439472
742.92590286,0.17607700
743.16266304,0.17447779
743.39943387,0.16924403
743.63621535,0.16774867
743.87300747,0.16675176
744.10981023,0.16153877
744.34662363,0.16216183
744.58344766,0.16135185
744.82028232,0.16058340
745.05712761,0.16224491
745.29398353,0.15738499
745.53085007,0.14868282
745.76772724,0.15516272
746.00461502,0.15175662
746.24151341,0.14662670
746.47842242,0.15310659
746.71534204,0.15132047
746.95227227,0.14988742
747.18921310,0.15534964
747.42616453,0.14913973
747.66312656,0.16351181
747.90009918,0.15910881
748.13708240,0.17123784
748.37407621,0.17329396
748.61108061,0.16882865
748.84809559,0.16392719
749.08512115,0.16170492
749.32215730,0.15690730
749.55920401,0.16058340
749.79626131,0.16039648
750.03332917,0.16253567
750.27040760,0.16261875
750.50749660,0.16949326
750.74459616,0.16853789
750.98170628,0.16257721
751.21882695,0.16938941
751.45595818,0.16536025
751.69309997,0.17086400
751.93025230,0.16268106
752.16741517,0.15875574
752.40458859,0.15746806
752.64177256,0.15451888
752.87896705,0.15763421
753.11617209,0.15003280
753.35338765,0.15626347
753.59061374,0.15183969
753.82785037,0.15599347
754.06509751,0.16357412
754.30235518,0.16862096
754.53962336,0.17848619
754.77690206,0.18467532
755.01419127,0.19271289
755.25149099,0.20563114
755.48880122,0.21672173
755.72612195,0.22502929
755.96345319,0.23194534
756.20079492,0.22957768
756.43814715,0.23005537
756.67550987,0.23474914
756.91288309,0.23080305
757.15026679,0.22723080
757.38766097,0.22812386
757.62506564,0.22642081
757.86248079,0.22118705
758.09990641,0.21086490
758.33734251,0.21643097
758.57478908,0.21250565
758.81224612,0.20974338
759.04971362,0.19742743
759.28719159,0.18901602
759.52468001,0.17690775
759.76217889,0.18160152
759.99968823,0.16824712
760.23720802,0.15456042
760.47473826,0.14454981
760.71227894,0.13890067
760.94983007,0.13634609
761.18739164,0.13200539
761.42496364,0.12992850
761.66254608,0.13794530
761.90013895,0.14203677
762.13774226,0.14471596
762.37535598,0.13813222
762.61298014,0.13931605
762.85061471,0.13806991
763.08825970,0.14700054
763.32591511,0.15188123
763.56358093,0.15717730
763.80125716,0.16002264
764.03894380,0.16631561
764.27664084,0.18236997
764.51434829,0.18012693
764.75206613,0.18635760
764.98979437,0.18951448
765.22753300,0.19721974
765.46528203,0.21144643
765.70304144,0.21965015
765.94081124,0.22006553
766.17859142,0.21940092
766.41638197,0.22783309
766.65418291,0.22021091
766.89199422,0.21628559
767.12981590,0.19873587
767.36764795,0.19431209
767.60549036,0.19620206
767.84334314,0.19697051
768.08120628,0.18739605
768.31907977,0.18465455
768.55696362,0.18452994
768.79485782,0.18093692
769.03276238,0.17859003
769.27067727,0.18064616
769.50860251,0.17422857
769.74653809,0.18496609
769.98448401,0.18475840
770.22244027,0.18187152
770.46040685,0.18168460
770.69838377,0.18380303
770.93637101,0.18386533
771.17436858,0.18810219
771.41237647,0.18936909
771.65039468,0.19165367
771.88842320,0.19233905
772.12646204,0.19532977
772.36451118,0.18999216
772.60257064,0.18457148
772.84064039,0.17817466
773.07872045,0.17788389
773.31681081,0.17215168
773.55491147,0.16887019
773.79302242,0.17260859
774.03114366,0.16909865
774.26927519,0.17115477
774.50741700,0.16228645
774.74556910,0.16045878
774.98373147,0.16025110
775.22190413,0.16500717
775.46008705,0.15829882
775.69828025,0.15555732
775.93648372,0.15732268
776.17469745,0.15844420
776.41292145,0.15894266
776.65115570,0.15721884
776.88940022,0.16469564
777.12765499,0.15964880
777.36592001,0.16664792
777.60419528,0.16340797
777.84248079,0.15883881
778.08077655,0.15659577
778.31908256,0.15892189
778.55739879,0.14654362
778.79572527,0.14236907
779.03406198,0.13815299
779.27240891,0.13636686
779.51076608,0.12702086
779.74913346,0.13235846
779.98751107,0.13374998
780.22589890,0.14772745
780.46429695,0.12567088
780.70270520,0.12986620
780.94112367,0.12135095
781.17955235,0.12739470
781.41799123,0.11709332
781.65644031,0.12126787
781.89489959,0.12261785
782.13336907,0.12394706
782.37184874,0.11873407
782.61033861,0.12421706
782.84883866,0.12477782
783.08734890,0.12081096
783.32586931,0.12496474
783.56439991,0.12847468
783.80294069,0.12652240
784.04149164,0.13190155
784.28005276,0.13935758
784.51862406,0.14778976
784.75720551,0.15071817
784.99579713,0.15495503
785.23439891,0.16052109
785.47301085,0.15748883
785.71163295,0.15653346
785.95026519,0.16114416
786.18890759,0.15578578
786.42756013,0.15711499
786.66622282,0.15140354
786.90489564,0.16041725
787.14357861,0.15204738
787.38227171,0.15424888
787.62097494,0.14392674
787.85968831,0.14658516
788.09841180,0.13703147
788.33714541,0.13408228
788.57588915,0.12808007
788.81464301,0.12633548
789.05340698,0.12317861
789.29218106,0.12197401
789.53096526,0.12278400
789.76975956,0.11350030
790.00856397,0.11158957
790.24737848,0.12949236
790.48620309,0.12423782
790.72503780,0.12778931
790.96388260,0.12616933
791.20273749,0.13314768
791.44160247,0.12361476
791.68047754,0.11831869
791.91936269,0.11474644
792.15825792,0.11100804
792.39716323,0.11786177
792.63607861,0.11071727
792.87500406,0.11399876
793.11393958,0.11752947
793.35288517,0.11466336
793.59184082,0.11055112
793.83080653,0.11208802
794.06978230,0.12072788
794.30876813,0.13204693
794.54776401,0.12255554
794.78676993,0.12297092
795.02578591,0.13210924
795.26481193,0.12581626
795.50384798,0.11725947
795.74289408,0.12060327
795.98195022,0.12222324
796.22101638,0.12452859
796.46009258,0.12454936
796.69917880,0.12880698
796.93827505,0.12714547
797.17738132,0.12305400
797.41649761,0.12384322
797.65562392,0.13788299
797.89476024,0.13073849
798.13390657,0.13293999
798.37306290,0.14014680
798.61222925,0.13335537
798.85140559,0.13507919
799.09059194,0.13109156
799.32978828,0.13883836
799.56899462,0.12280477
799.80821094,0.13271154
800.04743726,0.13325153
800.28667356,0.12577472
800.52591985,0.12986620
800.76517611,0.12882775
801.00444236,0.12731162
801.24371857,0.12940928
801.48300476,0.13505842
801.72230092,0.13418613
801.96160705,0.14201600
802.20092314,0.15213046
802.44024919,0.14830898
802.67958519,0.15026126
802.91893116,0.15144508
803.15828707,0.16120647
803.39765294,0.16355335
803.63702875,0.17595238
803.87641450,0.16824712
804.11581020,0.17782158
804.35521584,0.17613930
804.59463141,0.17933771
804.83405692,0.17809158
805.07349235,0.18529839
805.31293772,0.18446763
805.55239300,0.17740621
805.79185821,0.18068769
806.03133334,0.17555777
806.27081839,0.17032401
806.51031335,0.17356396
806.74981822,0.17497625
806.98933300,0.16623254
807.22885768,0.15759268
807.46839227,0.15194354
807.70793675,0.14444596
807.94749114,0.14928512
808.18705542,0.13840221
808.42662959,0.14365675
808.66621364,0.14361521
808.90580759,0.13755069
809.14541141,0.13086310
809.38502512,0.12122633
809.62464871,0.11973097
809.86428217,0.11779947
810.10392550,0.10928422
810.34357870,0.10022898
810.58324177,0.10324047
810.82291470,0.09073759
811.06259749,0.09013529
811.30229015,0.09237833
811.54199265,0.08826609
811.78170501,0.08326079
812.02142722,0.07840086
812.26115928,0.07318787
812.50090118,0.07424708
812.74065292,0.06920024
812.98041450,0.06350956
813.22018592,0.06863948
813.45996717,0.05765273
813.69975825,0.05796427
813.93955916,0.05821349
814.17936989,0.05592891
814.41919045,0.04749674
814.65902083,0.05430894
814.89886102,0.04735136
815.13871102,0.04697752
815.37857084,0.04361296
815.61844047,0.04444371
815.85831990,0.04514986
816.09820913,0.04355065
816.33810817,0.03692537
816.57801700,0.03707075
816.81793562,0.03831689
817.05786404,0.03582462
817.29780225,0.02824397
817.53775024,0.03013394
817.77770801,0.03092316
818.01767557,0.02406942
818.25765290,0.02359174
818.49764001,0.02386173
818.73763689,0.02581401
818.97764354,0.02440173
819.21765996,0.02882550
819.45768614,0.02332174
819.69772209,0.02128639
819.93776779,0.02384097
820.17782324,0.01960411
820.41788845,0.02357097
820.65796341,0.01794260
820.89804812,0.01628109
821.13814257,0.01827490
821.37824677,0.02066332
821.61836070,0.01877335
821.85848437,0.01812952
822.09861777,0.02205484
822.33876090,0.02589709
822.57891376,0.02652015
822.81907635,0.02988472
823.05924866,0.03673845
823.29943069,0.04566908
823.53962243,0.05979193
823.77982389,0.07403940
824.02003506,0.08755995
824.26025594,0.10438276
824.50048652,0.12369783
824.74072681,0.12980389
824.98097680,0.14930589
825.22123648,0.15753037
825.46150586,0.18396918
825.70178493,0.19265058
825.94207369,0.19435363
826.18237214,0.20691881
826.42268027,0.22164396
826.66299808,0.22284856
826.90332557,0.23117689
827.14366273,0.23312916
827.38400957,0.23622373
827.62436608,0.24228825
827.86473225,0.25246501
828.10510809,0.25761570
828.34549359,0.25834261
828.58588874,0.26357637
828.82629356,0.26172794
829.06670802,0.26343099
829.30713214,0.26577787
829.54756590,0.26129179
829.78800931,0.26311945
830.02846236,0.26758477
830.26892505,0.26203947
830.50939738,0.25618264
830.74987934,0.24708586
830.99037093,0.24311900
831.23087215,0.24151980
831.47138299,0.22901692
831.71190346,0.22922461
831.95243355,0.22772925
832.19297325,0.22014860
832.43352257,0.21296256
832.67408150,0.21425023
832.91465003,0.21476946
833.15522818,0.20129044
833.39581592,0.20199658
833.63641327,0.19852818
833.87702022,0.18756220
834.11763676,0.18137307
834.35826289,0.17902618
834.59889861,0.17539162
834.83954392,0.16131031
835.08019881,0.15505887
835.32086328,0.14569210
835.56153733,0.14496519
835.80222095,0.13240000
836.04291415,0.12238939
836.28361692,0.11626257
836.52432926,0.10988652
836.76505116,0.10519274
837.00578262,0.10519274
837.24652364,0.09559751
837.48727421,0.08944992
837.72803434,0.08490153
837.96880402,0.08093467
838.20958325,0.07754934
838.45037202,0.07925239
838.69117033,0.07823471
838.93197819,0.07183789
839.17279558,0.07125636
839.41362250,0.08049852
839.65445896,0.08132928
839.89530494,0.08793379
840.13616045,0.08845301
840.37702548,0.09044683
840.61790003,0.09881669
840.85878410,0.10612734
841.09967768,0.09462137
841.34058078,0.09588828
841.58149338,0.09212911
841.82241549,0.09408138
842.06334710,0.08861916
842.30428821,0.08664612
842.54523883,0.08552460
842.78619893,0.08714457
843.02716853,0.07931470
843.26814762,0.07954315
843.50913619,0.07185866
843.75013425,0.07339556
843.99114179,0.06701951
844.23215881,0.07277249
844.47318530,0.06263727
844.71422127,0.07266865
844.95526670,0.06895101
845.19632161,0.06897178
845.43738597,0.06101730
845.67845980,0.06517108
845.91954309,0.06363418
846.16063584,0.05831734
846.40173803,0.05850426
846.64284968,0.06627183
846.88397078,0.05783965
847.12510132,0.06110037
847.36624130,0.06149498
847.60739073,0.06294880
847.84854959,0.05993731
848.08971788,0.06107960
848.33089561,0.06178574
848.57208276,0.06398725
848.81327934,0.07003100
849.05448534,0.06942870
849.29570076,0.07098637
849.53692560,0.08091390
849.77815986,0.08479768
850.01940353,0.09048836
850.26065660,0.09376985
850.50191908,0.10456968
850.74319097,0.10338585
850.98447225,0.10857807
851.22576294,0.11439337
851.46706301,0.12392629
851.70837248,0.13021927
851.94969135,0.14560902
852.19101959,0.15416581
852.43235722,0.17694929
852.67370424,0.17285782
852.91506063,0.17854850
853.15642640,0.18533993
853.39780154,0.19802972
853.63918605,0.20492500
853.88057992,0.20899570
854.12198317,0.20687727
854.36339577,0.21319102
854.60481773,0.21661789
854.84624905,0.20860109
855.08768973,0.20378271
855.32913975,0.19937970
855.57059912,0.19125906
855.81206784,0.19275442
856.05354590,0.18758297
856.29503330,0.17767620
856.53653004,0.17167399
856.77803611,0.18243228
857.01955151,0.17559931
857.26107624,0.20249504
857.50261030,0.16828866
857.74415367,0.17354319
857.98570637,0.16567178
858.22726839,0.16884942
858.46883972,0.16334566
858.71042037,0.15935803
858.95201032,0.16068724
859.19360958,0.14880743
859.43521814,0.14548441
859.67683601,0.13671993
859.91846317,0.15078048
860.16009963,0.12754008
860.40174538,0.12413398
860.64340042,0.11570181
860.88506474,0.11017728
861.12673835,0.10641811
861.36842125,0.10211895
861.61011342,0.10614811
861.85181487,0.10488121
862.09352559,0.10228510
862.33524558,0.10265894
862.57697484,0.09894131
862.81871336,0.10240971
863.06046114,0.10718656
863.30221819,0.09657365
863.54398449,0.10812116
863.78576004,0.10500582
864.02754485,0.10110127
864.26933890,0.10078974
864.51114220,0.09740441
864.75295474,0.09538982
864.99477653,0.10265894
865.23660755,0.09383216
865.47844780,0.08772610
865.72029728,0.08326079
865.96215600,0.08672919
866.20402394,0.08608536
866.44590110,0.08818302
866.68778748,0.08232619
866.92968308,0.08836994
867.17158790,0.08714457
867.41350193,0.08625151
867.65542516,0.08853609
867.89735761,0.09335447
868.13929926,0.09451753
868.38125011,0.09476676
868.62321015,0.09748748
868.86517940,0.10170357
869.10715783,0.09541059
869.34914546,0.09561828
869.59114227,0.10174511
869.83314827,0.09545213
870.07516344,0.09904515
870.31718780,0.09480829
870.55922133,0.09977206
870.80126404,0.09397754
871.04331592,0.09549367
871.28537696,0.09156835
871.52744717,0.08812071
871.76952655,0.08533768
872.01161508,0.09025991
872.25371277,0.09487060
872.49581961,0.09173450
872.73793560,0.08714457
872.98006075,0.08980299
873.22219503,0.09314678
873.46433846,0.09144373
873.70649103,0.08951223
873.94865274,0.07856702
874.19082358,0.07709242
874.43300356,0.07491169
874.67519266,0.06986485
874.91739089,0.06166113
875.15959824,0.05956347
875.40181471,0.05497355
875.64404031,0.05885733
875.88627501,0.05327050
876.12851883,0.04940748
876.37077176,0.05019670
876.61303379,0.04506678
876.85530493,0.04764212
877.09758517,0.04107915
877.33987451,0.04016532
877.58217294,0.04377911
877.82448047,0.04523293
878.06679709,0.05084053
878.30912279,0.04760059
878.55145758,0.04973978
878.79380145,0.05594968
879.03615440,0.05356126
879.27851643,0.05759043
879.52088753,0.05981270
879.76326770,0.05869118
880.00565694,0.06884717
880.24805524,0.06762181
880.49046260,0.07470400
880.73287903,0.06647952
880.97530451,0.07547245
881.21773905,0.07275172
881.46018264,0.06978177
881.70263527,0.08282464
881.94509695,0.08147466
882.18756768,0.07896162
882.43004744,0.08211850
882.67253625,0.08344771
882.91503409,0.08245080
883.15754095,0.08091390
883.40005685,0.07692627
883.64258178,0.07781933
883.88511573,0.07266865
884.12765869,0.06996869
884.37021068,0.06967793
884.61277168,0.07557629
884.85534170,0.06814103
885.09792072,0.06706104
885.34050876,0.06330187
885.58310579,0.06832795
885.82571183,0.06577337
886.06832686,0.06371725
886.31095090,0.06542030
886.55358392,0.06311495
886.79622594,0.05740351
887.03887694,0.05358203
887.28153693,0.05727889
887.52420589,0.06049807
887.76688384,0.05786042
888.00957077,0.05424663
888.25226667,0.05063285
888.49497154,0.05237743
888.73768537,0.05518123
888.98040818,0.05210744
889.22313994,0.04539908
889.46588067,0.04903364
889.70863035,0.04220067
889.95138899,0.03896072
890.19415657,0.03815074
890.43693311,0.03439157
890.67971859,0.03345697
890.92251302,0.03017548
891.16531639,0.03183699
891.40812869,0.02496249
891.65094993,0.02323867
891.89378010,0.02718476
892.13661920,0.02429788
892.37946723,0.02890858
892.62232418,0.02556478
892.86519005,0.03079855
893.10806484,0.03187853
893.35094854,0.03617769
893.59384116,0.03192007
893.83674269,0.04197221
894.07965312,0.04166068
894.32257246,0.04506678
894.56550070,0.04757982
894.80843784,0.05532662
895.05138388,0.05291742
895.29433881,0.05715428
895.53730263,0.05057054
895.78027533,0.05540969
896.02325692,0.05223205
896.26624740,0.05333280
896.50924675,0.05684275
896.75225498,0.05806811
896.99527208,0.05597045
897.23829806,0.05619891
897.48133290,0.05896117
897.72437661,0.05962578
897.96742918,0.05885733
898.21049061,0.05983347
898.45356090,0.06076807
898.69664005,0.06504646
898.93972804,0.05798504
899.18282488,0.06184805
899.42593057,0.06024885
899.66904511,0.05740351
899.91216848,0.05667660
900.15530069,0.05057054
900.39844174,0.05719582
900.64159162,0.05308358
900.88475033,0.05501508
901.12791786,0.06450647
901.37109422,0.06139114
901.61427940,0.05962578
901.85747340,0.06193113
902.10067621,0.06456878
902.34388784,0.07057099
902.58710827,0.07320864
902.83033752,0.06566953
903.07357557,0.07148482
903.31682242,0.06911717
903.56007807,0.07472477
903.80334251,0.07711319
904.04661575,0.07653166
904.28989778,0.08207696
904.53318860,0.08689534
904.77648820,0.08814148
905.01979659,0.08830763
905.26311375,0.08427846
905.50643969,0.08537921
905.74977441,0.08936684
905.99311789,0.08809994
906.23647015,0.08504691
906.47983117,0.08423692
906.72320095,0.07858778
906.96657950,0.08091390
907.20996680,0.07773626
907.45336285,0.08099698
907.69676766,0.07865009
907.94018122,0.08168235
908.18360352,0.08324002
908.42703457,0.08193158
908.67047435,0.07916931
908.91392288,0.07511938
909.15738014,0.07781933
909.40084613,0.07370709
909.64432085,0.07754934
909.88780430,0.08076852
910.13129648,0.07684320
910.37479737,0.07522322
910.61830699,0.07862932
910.86182531,0.07833856
911.10535236,0.06822410
911.34888811,0.07592936
911.59243257,0.06797488
911.83598573,0.06855641
912.07954760,0.06581491
912.32311816,0.06903409
912.56669743,0.07239865
912.81028538,0.06461031
913.05388203,0.06602260
913.29748736,0.07393555
913.54110138,0.07129790
913.78472408,0.07032176
914.02835547,0.07165097
914.27199552,0.07655243
914.51564426,0.07800625
914.75930166,0.07806856
915.00296774,0.07939777
915.24664247,0.08697842
915.49032588,0.08234695
915.73401794,0.08577382
915.97771866,0.08396693
916.22142803,0.09150604
916.46514606,0.08924223
916.70887274,0.08915915
916.95260806,0.08103851
917.19635202,0.08805840
917.44010463,0.08552460
917.68386588,0.09007299
917.92763576,0.09030144
918.17141427,0.10095589
918.41520141,0.10610658
918.65899718,0.10172434
918.90280158,0.10847423
919.14661459,0.10905576
919.39043623,0.11962713
919.63426648,0.11769562
919.87810534,0.12646010
920.12195281,0.13858913
920.36580890,0.12486089
920.60967358,0.12940928
920.85354687,0.13113310
921.09742876,0.13293999
921.34131924,0.13607610
921.58521832,0.13925374
921.82912599,0.13138233
922.07304225,0.13161078
922.31696709,0.12583703
922.56090052,0.12469474
922.80484252,0.12386398
923.04879310,0.12124710
923.29275226,0.12047865
923.53671999,0.11239955
923.78069629,0.10292893
924.02468115,0.10537966
924.26867458,0.09347908
924.51267656,0.08737303
924.75668711,0.08550383
925.00070621,0.08207696
925.24473386,0.07302172
925.48877006,0.06791257
925.73281481,0.06176498
925.97686810,0.05424663
926.22092994,0.05333280
926.46500031,0.04749674
926.70907921,0.04492140
926.95316665,0.04703983
927.19726262,0.04247067
927.44136712,0.04166068
927.68548014,0.03285467
927.92960168,0.03738229
928.17373175,0.03150469
928.41787032,0.03131777
928.66201741,0.03017548
928.90617302,0.02836859
929.15033713,0.02739245
929.39450974,0.02562709
929.63869086,0.02710168
929.88288047,0.02485864
930.12707859,0.02550248
930.37128520,0.03320774
930.61550029,0.02103716
930.85972388,0.02525325
931.10395595,0.02149408
931.34819651,0.02134870
931.59244554,0.02325944
931.83670306,0.02244945
932.08096904,0.02726783
932.32524350,0.02953164
932.56952643,0.03075701
932.81381782,0.03630231
933.05811768,0.03248083
933.30242600,0.04514986
933.54674278,0.03923072
933.79106801,0.04876364
934.03540169,0.04450602
934.27974382,0.04635445
934.52409440,0.05333280
934.76845343,0.05763196
935.01282089,0.05750735
935.25719680,0.06701951
935.50158114,0.06770488
935.74597391,0.06425724
935.99037511,0.06448570
936.23478474,0.06147421
936.47920279,0.06062269
936.72362927,0.07065406
936.96806417,0.05783965
937.21250748,0.06504646
937.45695920,0.06226343
937.70141934,0.05734120
937.94588788,0.05817196
938.19036483,0.05609507
938.43485019,0.06396648
938.67934394,0.05902348
938.92384608,0.05401818
939.16835663,0.05659352
939.41287556,0.05414279
939.65740288,0.05748658
939.90193859,0.04868057
940.14648268,0.05329126
940.39103515,0.04724752
940.63559600,0.04934517
940.88016523,0.04693598
941.12474282,0.05027977
941.36932879,0.04845211
941.61392312,0.05171283
941.85852581,0.04851442
942.10313687,0.04473448
942.34775628,0.04895056
942.59238405,0.04593907
942.83702017,0.04944902
943.08166464,0.05196206
943.32631746,0.05715428
943.57097862,0.05486970
943.81564813,0.05285512
944.06032597,0.05617814
944.30501215,0.05412202
944.54970666,0.05607430
944.79440950,0.05576276
945.03912067,0.05312511
945.28384016,0.05759043
945.52856798,0.05418433
945.77330412,0.05258512
946.01804857,0.04681137
946.26280133,0.04728905
946.50756241,0.04801596
946.75233179,0.04868057
946.99710948,0.05098592
947.24189548,0.05648968
947.48668977,0.05127668
947.73149236,0.05414279
947.97630324,0.04772520
948.22112242,0.05113130
948.46594988,0.04924133
948.71078563,0.04446448
948.95562966,0.04934517
949.20048198,0.04232529
949.44534257,0.03927226
949.69021144,0.03854535
949.93508857,0.04224221
950.17997398,0.03979148
950.42486766,0.03609462
950.66976959,0.04201375
950.91467979,0.03518078
951.15959825,0.03528463
951.40452496,0.03484848
951.64945993,0.03198237
951.89440314,0.03960456
952.13935461,0.03545078
952.38431431,0.03389311
952.62928226,0.02971856
952.87425845,0.03167084
953.11924287,0.03543001
953.36423553,0.02922011
953.60923642,0.02600093
953.85424553,0.02876319
954.09926287,0.02402789
954.34428843,0.02425634
954.58932222,0.02008179
954.83436421,0.02712245
955.07941443,0.02053871
955.32447285,0.01912643
955.56953948,0.02382020
955.81461432,0.02278175
956.05969736,0.01935488
956.30478860,0.01524264
956.54988803,0.01729876
956.79499567,0.01383036
957.04011149,0.01792183
957.28523550,0.01362267
957.53036770,0.01094348
957.77550808,0.01337344
958.02065664,0.01437035
958.26581338,0.01144193
958.51097830,0.01310344
958.75615139,0.01179500
959.00133264,0.01628109
959.24652207,0.00996734
959.49171965,0.01850336
959.73692540,0.01520110
959.98213931,0.01360190
960.22736137,0.01383036
960.47259159,0.01875259
960.71782995,0.05106899
960.96307647,0.01783875
961.20833112,0.02182638
961.45359392,0.02616708
961.69886486,0.02506633
961.94414394,0.02863858
962.18943115,0.02735091
962.43472648,0.02724707
962.68002995,0.03270929
962.92534154,0.03219006
963.17066126,0.03127623
963.41598909,0.03208622
963.66132504,0.03439157
963.90666911,0.03769382
964.15202128,0.03513925
964.39738157,0.04139069
964.64274996,0.03653076
964.88812645,0.04508755
965.13351104,0.03808843
965.37890374,0.04124530
965.62430452,0.04176453
965.86971340,0.03893996
966.11513036,0.04311450
966.36055542,0.04330142
966.60598855,0.03875304
966.85142977,0.03997840
967.09687907,0.03547155
967.34233644,0.04001994
967.58780188,0.04228375
967.83327539,0.04004071
968.07875697,0.04382065
968.32424661,0.04676983
968.56974432,0.04193068
968.81525008,0.04211760
969.06076390,0.04336373
969.30628577,0.04870134
969.55181570,0.05470355
969.79735367,0.05370664
970.04289968,0.04859749
970.28845374,0.05258512
970.53401583,0.05617814
970.77958597,0.06008269
971.02516413,0.05339511
971.27075033,0.05594968
971.51634455,0.05420510
971.76194680,0.06151575
972.00755708,0.06456878
972.25317537,0.06660413
972.49880168,0.06772565
972.74443600,0.07100714
972.99007834,0.06845256
973.23572868,0.07229481
973.48138703,0.07410170
973.72705338,0.06747642
973.97272774,0.06872256
974.21841009,0.06731027
974.46410043,0.06656259
974.70979877,0.06388340
974.95550510,0.05306281
975.20121941,0.05806811
975.44694171,0.05536815
975.69267199,0.05582507
975.93841024,0.05385203
976.18415647,0.05557584
976.42991068,0.05528508
976.67567285,0.05497355
976.92144299,0.05381049
977.16722110,0.05277204
977.41300717,0.06105883
977.65880119,0.05987501
977.90460317,0.05254358
978.15041311,0.05918963
978.39623099,0.05491124
978.64205683,0.05279281
978.88789061,0.05092361
979.13373233,0.04762136
979.37958199,0.04392449
979.62543958,0.04130761
979.87130511,0.04149453
980.11717857,0.04205529
980.36305996,0.03887765
980.60894928,0.04085069
980.85484651,0.03873227
981.10075167,0.04163991
981.34666475,0.04103761
981.59258573,0.04028993
981.83851463,0.03540924
982.08445144,0.03752767
982.33039616,0.03054932
982.57634878,0.02625016
982.82230930,0.02791167
983.06827771,0.02809859
983.31425403,0.02851397
983.56023823,0.02583478
983.80623032,0.02926165
984.05223031,0.02359174
984.29823817,0.02577247
984.54425391,0.02479633
984.79027754,0.02022718
985.03630904,0.02614631
985.28234841,0.02377866
985.52839565,0.03111008
985.77445076,0.02608401
986.02051374,0.03127623
986.26658457,0.02533633
986.51266327,0.03254313
986.75874982,0.03320774
987.00484422,0.03034163
987.25094647,0.03538847
987.49705658,0.03511848
987.74317452,0.03590770
987.98930031,0.03522232
988.23543394,0.04012378
988.48157541,0.04323912
988.72772471,0.04419449
988.97388184,0.05177514
989.22004680,0.04288605
989.46621959,0.04944902
989.71240020,0.04298989
989.95858862,0.04969825
990.20478487,0.04404910
990.45098893,0.05709197
990.69720080,0.04944902
990.94342048,0.05017593
991.18964797,0.04336373
991.43588326,0.04629215
991.68212635,0.04573139
991.92837724,0.04735136
992.17463593,0.04618830
992.42090240,0.04126607
992.66717667,0.03839996
992.91345872,0.03565847
993.15974856,0.03354004
993.40604618,0.03200314
993.65235158,0.02905396
993.89866475,0.03073624
994.14498570,0.03393465
994.39131441,0.03198237
994.63765090,0.02782859
994.88399515,0.02685246
995.13034716,0.02886704
995.37670693,0.02643708
995.62307445,0.02436019
995.86944973,0.01958334
996.11583276,0.02043487
996.36222354,0.02406942
996.60862206,0.02263637
996.85502833,0.02369558
997.10144233,0.01854490
997.34786408,0.01636416
997.59429355,0.01918873
997.84073076,0.01524264
998.08717570,0.01146270
998.33362836,0.01655108
998.58008875,0.01231423
998.82655685,0.01370574
999.07303267,0.02207561
999.31951621,0.01582417
999.56600746,0.01007119
999.81250642,0.01314498
1000.05901309,0.00865890
1000.30552746,0.01164962
1000.55204953,0.01042426
1000.79857929,0.01395497
1001.04511676,0.01478573
1001.29166191,0.01775568
1001.53821476,0.00840967
1001.78477529,0.01432881
1002.03134351,0.01179500
1002.27791941,0.01540879
1002.52450299,0.01439112
1002.77109424,0.01488957
1003.01769317,0.00930274
1003.26429976,0.01389266
1003.51091403,0.01167039
1003.75753596,0.01310344
1004.00416555,0.00834737
1004.25080280,0.01819183
1004.49744771,0.01183654
1004.74410027,0.01277114
1004.99076048,0.01077733
1005.23742834,0.01229346
1005.48410384,0.01536725
1005.73078699,0.01310344
1005.97747778,0.01665493
1006.22417620,0.01403805
1006.47088226,0.01397574
1006.71759595,0.01493111
1006.96431727,0.01885643
1007.21104622,0.01657185
1007.45778279,0.01665493
1007.70452698,0.01113040
1007.95127879,0.01368497
1008.19803821,0.01567879
1008.44480524,0.01815029
1008.69157988,0.01744414
1008.93836213,0.01941719
1009.18515199,0.01437035
1009.43194944,0.01428727
1009.67875450,0.01590725
1009.92556715,0.01073579
1010.17238739,0.01748568
1010.41921522,0.01873182
1010.66605064,0.01513880
1010.91289364,0.01663416
1011.15974422,0.01160808
1011.40660239,0.01385113
1011.65346813,0.01495188
1011.90034144,0.02037256
1012.14722232,0.01472342
1012.39411078,0.01218961
1012.64100679,0.01447419
1012.88791037,0.01503495
1013.13482151,0.01447419
1013.38174020,0.01677954
1013.62866645,0.02039333
1013.87560025,0.01995718
1014.12254160,0.01474419
1014.36949049,0.01881489
1014.61644693,0.02232484
1014.86341091,0.01727799
1015.11038242,0.01707030
1015.35736147,0.01785952
1015.60434805,0.01823336
1015.85134216,0.01839951
1016.09834379,0.01817106
1016.34535295,0.01684185
1016.59236963,0.01879412
1016.83939383,0.01896027
1017.08642554,0.02091255
1017.33346476,0.01981180
1017.58051150,0.01819183
1017.82756574,0.01555417
1018.07462748,0.01532572
1018.32169673,0.01767260
1018.56877347,0.01540879
1018.81585771,0.01918873
1019.06294945,0.01569956
1019.31004867,0.00909505
1019.55715538,0.00533588
1019.80426957,0.01383036
1020.05139125,0.01611494
1020.29852041,0.01538802
1020.54565704,0.00961427
1020.79280114,0.01131732
1021.03995272,0.00537741
1021.28711177,0.01405881
1021.53427828,0.00880428
1021.78145225,0.01046579
1022.02863368,0.00824352
1022.27582257,0.00496204
1022.52301891,0.01204423
1022.77022270,0.01067348
1023.01743395,0.00724662
1023.26465263,0.00921966
1023.51187876,0.00253207
1023.75911234,0.00824352
1024.00635335,0.00649893
1024.25360179,0.00558510
1024.50085766,0.00381975
1024.74812097,0.00492050
1024.99539170,0.00637432
1025.24266985,0.00624971
1025.48995543,0.00367436
1025.73724842,0.00384052
1025.98454883,0.00641586
1026.23185665,0.00232439
1026.47917188,0.00361206
1026.72649452,0.00722585
1026.97382456,0.00689354
1027.22116200,0.00045519
1027.46850685,0.00290592
1027.71585908,0.00282284
1027.96321872,0.00533588
1028.21058574,0.00359129
1028.45796014,-0.01445688
1028.70534194,-0.01289922
1028.95273111,-0.01408304
1029.20012767,-0.01341844
1029.44753160,-0.01240076
1029.69494290,-0.01134155
