198.80933475,-0.00022723
199.01143578,0.00033767
199.21355429,-0.00084630
199.41569028,-0.00013749
199.61784374,0.00120642
199.82001468,0.00045395
200.02220309,-0.00000392
200.22440896,-0.00030164
200.42663230,-0.00026116
200.62887310,0.00053672
200.83113136,0.00077034
201.03340708,0.00061734
201.23570025,0.00139602
201.43801087,-0.00228222
201.64033894,-0.00031890
201.84268445,0.00003856
202.04504741,0.00189968
202.24742780,-0.00067814
202.44982564,0.00009771
202.65224090,-0.00009976
202.85467360,0.00154985
203.05712372,0.00146005
203.25959128,0.00103351
203.46207625,-0.00203631
203.66457864,0.00043198
203.86709846,-0.00186476
204.06963568,-0.00043933
204.27219032,0.00073157
204.47476237,-0.00174557
204.67735182,0.00070380
204.87995868,0.00228617
205.08258293,0.00085733
205.28522459,0.00154192
205.48788364,-0.00210126
205.69056008,-0.00000779
205.89325391,0.00249310
206.09596513,0.00076709
206.29869374,0.00205436
206.50143972,0.00037531
206.70420308,-0.00159629
206.90698382,0.00078661
207.10978194,-0.00107527
207.31259742,-0.00138175
207.51543027,0.00147475
207.71828048,0.00083162
207.92114806,-0.00030217
208.12403299,-0.00192233
208.32693528,0.00143705
208.52985493,-0.00197316
208.73279193,0.00182691
208.93574627,0.00017110
209.13871796,-0.00150715
209.34170699,-0.00004810
209.54471336,-0.00137018
209.74773707,-0.00230676
209.95077811,-0.00172610
210.15383649,-0.00205973
210.35691219,-0.00075860
210.56000522,0.00116781
210.76311557,0.00046957
210.96624324,-0.00251432
211.16938823,0.00009388
211.37255053,0.00007438
211.57573015,-0.00216757
211.77892707,0.00171384
211.98214130,-0.00170277
212.18537284,-0.00090833
212.38862167,-0.00273079
212.59188781,-0.00225076
212.79517124,-0.00097496
212.99847196,0.00201958
213.20178997,-0.00065449
213.40512527,-0.00167509
213.60847785,-0.00113907
213.81184772,-0.00013364
214.01523486,-0.00147962
214.21863928,-0.00096878
214.42206097,-0.00251487
214.62549993,-0.00057128
214.82895616,-0.00122509
215.03242966,0.00055891
215.23592042,-0.00028295
215.43942843,-0.00063501
215.64295370,0.00007708
215.84649623,0.00068835
216.05005601,-0.00307608
216.25363303,-0.00098978
216.45722731,-0.00088567
216.66083882,0.00128465
216.86446757,0.00298850
217.06811356,0.00049184
217.27177679,-0.00123467
217.47545724,0.00024628
217.67915493,0.00028290
217.88286984,0.00183551
218.08660198,-0.00364320
218.29035133,-0.00156819
218.49411790,0.00031630
218.69790169,0.00064108
218.90170269,-0.00168164
219.10552090,-0.00023055
219.30935632,0.00161104
219.51320894,-0.00377582
219.71707876,0.00089033
219.92096578,-0.00108859
220.12486999,-0.00015655
220.32879140,0.00031065
220.53272999,-0.00239986
220.73668578,0.00194465
220.94065875,-0.00109214
221.14464890,0.00164301
221.34865623,-0.00388023
221.55268073,-0.00068098
221.75672241,-0.00091497
221.96078126,-0.00199814
222.16485728,0.00063552
222.36895046,-0.00042984
222.57306080,0.00011983
222.77718831,0.00064113
222.98133297,-0.00202525
223.18549478,-0.00008553
223.38967375,0.00048953
223.59386986,0.00097180
223.79808312,-0.00130677
224.00231352,0.00152134
224.20656106,-0.00322634
224.41082574,0.00001720
224.61510756,-0.00005729
224.81940650,0.00233265
225.02372258,0.00065920
225.22805578,0.00120531
225.43240610,-0.00290385
225.63677355,-0.00339665
225.84115811,0.00063635
226.04555979,-0.00205941
226.24997858,0.00143257
226.45441448,0.00154136
226.65886748,0.00108701
226.86333759,-0.00080279
227.06782480,0.00018278
227.27232911,0.00062036
227.47685052,0.00076423
227.68138902,0.00024632
227.88594461,0.00138947
228.09051728,0.00009729
228.29510704,0.00135704
228.49971389,-0.00378967
228.70433781,-0.00155145
228.90897881,-0.00086216
229.11363688,-0.00005068
229.31831202,-0.00465078
229.52300423,-0.00149137
229.72771350,-0.00072048
229.93243984,0.00109830
230.13718324,0.00070356
230.34194369,0.00003338
230.54672120,0.00065097
230.75151576,-0.00143326
230.95632737,0.00161213
231.16115602,-0.00174654
231.36600172,-0.00049336
231.57086446,0.00237518
231.77574423,0.00005675
231.98064104,-0.00141953
232.18555488,0.00024211
232.39048575,-0.00102926
232.59543365,0.00090904
232.80039857,0.00182883
233.00538051,-0.00146871
233.21037947,-0.00199178
233.41539544,-0.00011860
233.62042843,0.00309116
233.82547842,-0.00099370
234.03054543,0.00127813
234.23562943,-0.00116198
234.44073044,-0.00097123
234.64584845,-0.00098692
234.85098345,-0.00101258
235.05613545,-0.00381452
235.26130444,0.00246601
235.46649041,0.00097605
235.67169337,0.00048039
235.87691331,-0.00029080
236.08215023,-0.00147636
236.28740413,-0.00056930
236.49267500,-0.00015378
236.69796284,0.00149506
236.90326765,0.00058328
237.10858942,-0.00032028
237.31392816,0.00261509
237.51928386,-0.00031459
237.72465651,0.00120628
237.93004612,0.00271005
238.13545268,0.00110051
238.34087619,0.00093800
238.54631664,0.00066314
238.75177404,-0.00164349
238.95724838,0.00069932
239.16273965,-0.00015129
239.36824786,-0.00353927
239.57377300,0.00014002
239.77931508,-0.00092490
239.98487407,0.00049691
240.19045000,0.00081266
240.39604284,0.00037219
240.60165260,-0.00028592
240.80727928,-0.00103413
241.01292287,0.00009996
241.21858337,-0.00111383
241.42426077,0.00020265
241.62995508,0.00026755
241.83566630,0.00034177
242.04139441,0.00005779
242.24713941,0.00072346
242.45290131,-0.00340165
242.65868010,-0.00115760
242.86447578,0.00068054
243.07028835,-0.00180213
243.27611779,0.00173774
243.48196412,0.00003743
243.68782732,0.00109998
243.89370739,-0.00057562
244.09960434,-0.00269417
244.30551816,-0.00058945
244.51144884,0.00137488
244.71739638,-0.00392292
244.92336078,-0.00134837
245.12934204,0.00055741
245.33534016,-0.00285625
245.54135512,-0.00078760
245.74738694,-0.00174670
245.95343560,0.00172831
246.15950110,-0.00052429
246.36558345,-0.00072090
246.57168263,0.00081097
246.77779865,-0.00065698
246.98393150,-0.00249279
247.19008118,-0.00120197
247.39624769,-0.00123894
247.60243102,-0.00090379
247.80863117,0.00085668
248.01484814,0.00005523
248.22108192,0.00141815
248.42733252,0.00172409
248.63359993,-0.00168662
248.83988415,-0.00053801
249.04618517,-0.00134273
249.25250299,-0.00009611
249.45883761,0.00115795
249.66518903,-0.00157759
249.87155724,-0.00080698
250.07794224,-0.00232670
250.28434403,-0.00025918
250.49076260,-0.00024848
250.69719796,0.00009017
250.90365009,0.00084520
251.11011901,-0.00126824
251.31660469,-0.00218212
251.52310715,0.00164578
251.72962638,-0.00032005
251.93616237,0.00147918
252.14271513,0.00263136
252.34928464,-0.00176835
252.55587091,0.00047192
252.76247394,0.00135481
252.96909372,0.00101857
253.17573025,0.00139434
253.38238352,-0.00007083
253.58905354,-0.00120059
253.79574030,-0.00019704
254.00244380,-0.00117758
254.20916403,-0.00286129
254.41590099,-0.00142552
254.62265469,-0.00218742
254.82942511,0.00036629
255.03621225,-0.00124496
255.24301612,-0.00166308
255.44983670,-0.00199971
255.65667400,0.00095865
255.86352802,-0.00005200
256.07039874,-0.00141552
256.27728617,-0.00034575
256.48419031,-0.00029659
256.69111115,-0.00224453
256.89804868,-0.00004951
257.10500292,-0.00327608
257.31197384,-0.00023542
257.51896146,-0.00288554
257.72596577,0.00073675
257.93298676,-0.00105413
258.14002443,-0.00174156
258.34707878,-0.00095014
258.55414981,0.00261030
258.76123752,-0.00019926
258.96834190,0.00014618
259.17546294,-0.00210677
259.38260065,0.00113723
259.58975502,-0.00009217
259.79692606,0.00038959
260.00411375,-0.00088738
260.21131810,-0.00045807
260.41853909,-0.00082210
260.62577674,-0.00212191
260.83303103,0.00154625
261.04030197,0.00027718
261.24758955,-0.00057603
261.45489377,-0.00053349
261.66221462,-0.00172469
261.86955210,0.00188200
262.07690622,-0.00042693
262.28427696,0.00023879
262.49166433,0.00142782
262.69906831,-0.00036023
262.90648892,-0.00194015
263.11392614,-0.00141483
263.32137998,0.00104416
263.52885042,-0.00237139
263.73633747,-0.00215531
263.94384113,-0.00103904
264.15136139,-0.00331328
264.35889825,-0.00167119
264.56645171,0.00100262
264.77402176,0.00175272
264.98160840,0.00066427
265.18921163,0.00049142
265.39683144,0.00015445
265.60446784,-0.00301387
265.81212081,-0.00059788
266.01979037,0.00179373
266.22747650,-0.00325654
266.43517920,-0.00172345
266.64289847,0.00021537
266.85063430,0.00057670
267.05838670,0.00036468
267.26615566,-0.00195340
267.47394117,-0.00058016
267.68174324,-0.00043256
267.88956187,-0.00276705
268.09739704,-0.00042596
268.30524876,0.00016374
268.51311702,0.00073461
268.72100183,0.00042142
268.92890317,0.00057168
269.13682105,-0.00018186
269.34475546,0.00021551
269.55270640,0.00063887
269.76067387,-0.00162093
269.96865786,0.00145216
270.17665838,0.00170455
270.38467541,-0.00160180
270.59270896,-0.00203910
270.80075902,-0.00128640
271.00882560,0.00066344
271.21690868,0.00239809
271.42500826,-0.00063382
271.63312435,-0.00032132
271.84125694,0.00204286
272.04940602,-0.00152804
272.25757160,0.00147823
272.46575367,-0.00272593
272.67395223,-0.00049041
272.88216727,0.00216456
273.09039880,-0.00154818
273.29864681,0.00020048
273.50691129,0.00267228
273.71519225,0.00125061
273.92348968,0.00097344
274.13180358,-0.00262611
274.34013395,-0.00149732
274.54848077,-0.00004812
274.75684406,-0.00042686
274.96522381,-0.00287473
275.17362001,0.00105107
275.38203267,0.00293003
275.59046177,0.00145788
275.79890732,-0.00174638
276.00736932,0.00018066
276.21584776,0.00088675
276.42434263,0.00183074
276.63285394,-0.00029180
276.84138169,0.00162316
277.04992586,-0.00182931
277.25848646,0.00011667
277.46706349,0.00120289
277.67565694,-0.00062631
277.88426680,0.00323360
278.09289309,0.00013364
278.30153578,0.00170199
278.51019489,-0.00052643
278.71887041,-0.00229098
278.92756233,-0.00151084
279.13627065,-0.00050599
279.34499537,0.00064119
279.55373649,0.00087609
279.76249401,0.00069615
279.97126791,-0.00132263
280.18005820,0.00093175
280.38886488,0.00016107
280.59768795,0.00057152
280.80652739,-0.00134727
281.01538321,-0.00017676
281.22425540,-0.00034177
281.43314397,-0.00107361
281.64204891,-0.00181382
281.85097021,-0.00132595
282.05990788,0.00110293
282.26886190,-0.00099202
282.47783229,-0.00129371
282.68681903,0.00083287
282.89582212,0.00049251
283.10484156,-0.00210341
283.31387735,-0.00275421
283.52292949,-0.00059632
283.73199796,0.00135137
283.94108277,0.00127250
284.15018392,-0.00212920
284.35930141,0.00032600
284.56843522,0.00064226
284.77758536,-0.00123949
284.98675183,-0.00070038
285.19593461,-0.00229985
285.40513372,-0.00056702
285.61434914,0.00311846
285.82358088,-0.00154570
286.03282893,0.00059643
286.24209328,-0.00268529
286.45137395,0.00237614
286.66067091,-0.00172462
286.86998417,-0.00193370
287.07931373,-0.00059207
287.28865959,-0.00151207
287.49802174,-0.00000834
287.70740017,0.00000786
287.91679489,0.00137267
288.12620590,0.00269210
288.33563318,-0.00149856
288.54507675,-0.00157734
288.75453658,0.00076303
288.96401269,-0.00179239
289.17350507,0.00034539
289.38301372,-0.00021290
289.59253863,-0.00166377
289.80207980,-0.00178063
290.01163723,-0.00185100
290.22121091,-0.00023777
290.43080085,0.00181631
290.64040703,0.00086949
290.85002947,-0.00004842
291.05966815,-0.00065458
291.26932307,-0.00088217
291.47899422,-0.00105619
291.68868162,-0.00169980
291.89838525,0.00022208
292.10810511,-0.00081714
292.31784119,0.00122709
292.52759350,0.00101214
292.73736204,0.00024407
292.94714679,0.00080781
293.15694776,0.00005110
293.36676494,0.00101611
293.57659834,-0.00021912
293.78644794,0.00128423
293.99631375,0.00147286
294.20619576,-0.00094638
294.41609397,0.00127873
294.62600838,-0.00099398
294.83593898,0.00018241
295.04588578,0.00241708
295.25584876,-0.00118821
295.46582793,0.00045005
295.67582328,-0.00067708
295.88583481,0.00019661
296.09586253,0.00026181
296.30590641,-0.00088680
296.51596647,0.00007401
296.72604270,0.00490602
296.93613509,0.00075266
297.14624365,0.00002217
297.35636837,0.00166507
297.56650925,-0.00162088
297.77666629,-0.00093221
297.98683947,0.00013216
298.19702881,-0.00304393
298.40723429,-0.00115854
298.61745592,-0.00174331
298.82769369,-0.00046385
299.03794760,-0.00167308
299.24821765,-0.00024561
299.45850383,0.00104393
299.66880614,0.00170821
299.87912458,0.00073986
300.08945914,-0.00097731
300.29980983,-0.00136665
300.51017663,-0.00360877
300.72055955,0.00159207
300.93095859,-0.00168076
301.14137374,0.00036694
301.35180499,0.00090607
301.56225235,0.00047181
301.77271582,-0.00016462
301.98319538,-0.00076666
302.19369105,0.00027497
302.40420280,0.00120185
302.61473065,0.00068651
302.82527459,0.00028677
303.03583461,0.00046856
303.24641072,-0.00070230
303.45700291,-0.00113879
303.66761117,0.00020080
303.87823552,-0.00188633
304.08887593,-0.00126519
304.29953241,0.00329590
304.51020496,0.00080030
304.72089358,-0.00253575
304.93159825,-0.00335488
305.14231899,0.00053107
305.35305578,-0.00362513
305.56380862,-0.00029855
305.77457752,-0.00272966
305.98536246,0.00219104
306.19616344,0.00082717
306.40698047,0.00133404
306.61781354,-0.00042861
306.82866264,-0.00142738
307.03952778,0.00047356
307.25040895,-0.00042622
307.46130614,0.00152223
307.67221937,0.00072244
307.88314861,0.00074173
308.09409387,-0.00186798
308.30505515,-0.00007046
308.51603245,0.00022590
308.72702576,0.00141155
308.93803507,-0.00049442
309.14906039,0.00061881
309.36010172,-0.00199823
309.57115904,0.00047651
309.78223236,0.00235854
309.99332168,0.00135248
310.20442699,-0.00050612
310.41554829,-0.00061787
310.62668557,-0.00028610
310.83783884,0.00311479
311.04900809,0.00021299
311.26019332,0.00011488
311.47139452,0.00267089
311.68261169,-0.00036267
311.89384484,-0.00308337
312.10509395,-0.00090780
312.31635903,-0.00059111
312.52764007,0.00074275
312.73893706,0.00013350
312.95025002,-0.00193808
313.16157892,-0.00072618
313.37292378,-0.00150875
313.58428458,0.00059913
313.79566133,0.00047024
314.00705402,0.00026598
314.21846266,0.00172903
314.42988722,0.00205874
314.64132772,-0.00040593
314.85278416,0.00023837
315.06425652,-0.00029016
315.27574480,0.00013354
315.48724901,0.00053748
315.69876914,0.00073952
315.91030518,0.00193914
316.12185715,-0.00045155
316.33342502,0.00042958
316.54500880,-0.00040402
316.75660848,0.00032988
316.96822407,0.00145968
317.17985556,0.00097259
317.39150295,0.00021995
317.60316624,-0.00034280
317.81484541,-0.00076282
318.02654048,-0.00099190
318.23825143,0.00156464
318.44997826,-0.00103560
318.66172098,-0.00080299
318.87347957,-0.00050290
319.08525404,0.00101783
319.29704439,0.00233657
319.50885060,-0.00214436
319.72067268,-0.00138933
319.93251063,0.00126844
320.14436443,0.00074422
320.35623410,0.00023363
320.56811962,-0.00019026
320.78002100,-0.00005647
320.99193822,0.00000650
321.20387130,0.00034283
321.41582021,-0.00105762
321.62778498,-0.00104908
321.83976558,0.00137590
322.05176201,-0.00306159
322.26377428,0.00143013
322.47580239,0.00113041
322.68784632,0.00152491
322.89990607,0.00022171
323.11198165,0.00040686
323.32407305,-0.00021493
323.53618027,0.00022263
323.74830330,-0.00049248
323.96044215,-0.00094832
324.17259680,0.00121336
324.38476726,-0.00138594
324.59695352,-0.00112098
324.80915558,0.00126861
325.02137344,-0.00011658
325.23360710,0.00126648
325.44585655,0.00001883
325.65812178,-0.00004658
325.87040281,-0.00148047
326.08269962,-0.00006838
326.29501221,0.00071887
326.50734058,0.00116754
326.71968472,0.00130827
326.93204464,-0.00096355
327.14442032,-0.00230644
327.35681178,-0.00249611
327.56921900,-0.00030424
327.78164198,-0.00080922
327.99408072,0.00004919
328.20653522,-0.00076402
328.41900547,0.00048755
328.63149147,0.00128976
328.84399322,0.00065989
329.05651071,-0.00092677
329.26904395,-0.00285646
329.48159293,0.00127142
329.69415764,-0.00034776
329.90673809,0.00095793
330.11933427,0.00227196
330.33194617,0.00009913
330.54457381,0.00032660
330.75721716,0.00207761
330.96987624,-0.00147671
331.18255104,-0.00241620
331.39524154,-0.00047805
331.60794777,0.00122638
331.82066970,0.00101230
332.03340733,-0.00304476
332.24616067,0.00008167
332.45892971,0.00122816
332.67171445,-0.00031932
332.88451489,-0.00151661
333.09733102,0.00258918
333.31016283,-0.00019937
333.52301034,0.00040796
333.73587352,0.00048942
333.94875239,0.00126252
334.16164694,0.00486502
334.37455717,-0.00146178
334.58748306,-0.00075812
334.80042463,0.00074957
335.01338187,0.00025718
335.22635477,-0.00157776
335.43934333,-0.00019935
335.65234755,0.00010188
335.86536743,0.00016287
336.07840296,0.00013659
336.29145415,0.00017459
336.50452098,0.00043180
336.71760345,-0.00128464
336.93070157,-0.00212178
337.14381533,0.00086769
337.35694473,0.00055160
337.57008976,0.00077128
337.78325042,-0.00289817
337.99642671,0.00151742
338.20961863,-0.00055199
338.42282617,-0.00107421
338.63604933,0.00130375
338.84928810,-0.00197975
339.06254250,-0.00090641
339.27581250,-0.00034428
339.48909812,-0.00166018
339.70239934,-0.00100995
339.91571616,-0.00048937
340.12904859,0.00158262
340.34239661,-0.00011958
340.55576023,0.00091474
340.76913945,-0.00088408
340.98253425,0.00005357
341.19594464,0.00185457
341.40937061,-0.00166569
341.62281217,0.00242102
341.83626930,-0.00443548
342.04974201,0.00040755
342.26323030,0.00065502
342.47673415,0.00083123
342.69025357,0.00056926
342.90378856,-0.00208610
343.11733911,-0.00536450
343.33090522,0.00204540
343.54448688,0.00108216
343.75808410,0.00124590
343.97169687,-0.00109830
344.18532519,0.00139072
344.39896906,-0.00038311
344.61262847,0.00084317
344.82630341,-0.00115564
345.03999390,-0.00214146
345.25369992,0.00531613
345.46742147,0.00211856
345.68115855,-0.00191016
345.89491115,-0.00176505
346.10867928,0.00072168
346.32246293,-0.00105453
346.53626210,-0.00064281
346.75007679,-0.00072449
346.96390698,-0.00069898
347.17775269,-0.00111717
347.39161390,0.00067881
347.60549061,-0.00136688
347.81938283,0.00022178
348.03329055,-0.00065477
348.24721376,-0.00180951
348.46115246,0.00089616
348.67510665,0.00147369
348.88907634,0.00120444
349.10306150,0.00082379
349.31706215,-0.00206623
349.53107828,0.00007611
349.74510988,-0.00048962
349.95915696,-0.00017388
350.17321950,0.00030909
350.38729752,-0.00201250
350.60139100,0.00335982
350.81549994,0.00149676
351.02962435,-0.00072807
351.24376421,0.00062147
351.45791952,-0.00124689
351.67209028,0.00072177
351.88627650,0.00007154
352.10047816,0.00126602
352.31469526,0.00033001
352.52892780,0.00022401
352.74317578,-0.00324980
352.95743919,0.00137440
353.17171804,-0.00176510
353.38601232,0.00282179
353.60032202,-0.00158283
353.81464714,-0.00100693
354.02898769,0.00061305
354.24334365,0.00046524
354.45771503,-0.00330547
354.67210182,-0.00042356
354.88650403,-0.00333100
355.10092164,0.00255187
355.31535465,-0.00045203
355.52980306,0.00103114
355.74426687,0.00164776
355.95874608,0.00009964
356.17324069,0.00007544
356.38775068,0.00061501
356.60227606,-0.00231034
356.81681682,0.00136308
357.03137297,0.00048822
357.24594449,-0.00029786
357.46053139,0.00056258
357.67513367,0.00182072
357.88975132,0.00049481
358.10438433,0.00155759
358.31903271,0.00229566
358.53369645,-0.00074196
358.74837556,0.00021191
358.96307002,0.00039102
359.17777983,-0.00026543
359.39250499,0.00135253
359.60724551,-0.00107483
359.82200137,-0.00082445
360.03677257,0.00226957
360.25155911,-0.00256932
360.46636100,-0.00160124
360.68117821,-0.00008261
360.89601076,0.00222633
361.11085864,0.00127089
361.32572184,-0.00121131
361.54060037,-0.00341917
361.75549422,-0.00276905
361.97040338,0.00075160
362.18532786,0.00102148
362.40026766,0.00053333
362.61522276,-0.00197590
362.83019318,-0.00295326
363.04517889,-0.00001053
363.26017991,-0.00074254
363.47519623,0.00214764
363.69022784,0.00106234
363.90527474,-0.00068086
364.12033694,-0.00067023
364.33541442,-0.00160459
364.55050719,-0.00342553
364.76561524,0.00180649
364.98073857,-0.00048969
365.19587718,-0.00124862
365.41103106,0.00026398
365.62620021,0.00147507
365.84138463,-0.00046996
366.05658432,0.00047222
366.27179927,0.00135681
366.48702948,0.00051159
366.70227494,0.00275062
366.91753566,-0.00170492
367.13281163,0.00275276
367.34810285,0.00268518
367.56340932,-0.00124668
367.77873103,0.00068261
367.99406798,0.00189781
368.20942017,0.00044433
368.42478759,0.00034827
368.64017025,0.00078338
368.85556813,0.00187919
369.07098125,-0.00000910
369.28640958,-0.00078463
369.50185314,0.00095346
369.71731191,-0.00214323
369.93278590,-0.00041665
370.14827511,0.00214886
370.36377952,0.00327182
370.57929914,0.00317040
370.79483397,-0.00004370
371.01038400,-0.00191335
371.22594922,0.00137016
371.44152965,0.00026264
371.65712526,0.00113711
371.87273607,0.00002595
372.08836206,0.00160782
372.30400324,-0.00239055
372.51965960,0.00145325
372.73533114,0.00102097
372.95101786,0.00030217
373.16671976,-0.00050684
373.38243682,0.00256911
373.59816905,-0.00099047
373.81391645,0.00013324
374.02967901,0.00091421
374.24545673,0.00061702
374.46124961,-0.00037092
374.67705764,-0.00034608
374.89288082,-0.00003301
375.10871916,0.00107723
375.32457264,0.00055335
375.54044126,0.00074157
375.75632503,0.00027050
375.97222393,-0.00040658
376.18813797,0.00111468
376.40406713,0.00026128
376.62001143,0.00047073
376.83597086,-0.00100140
377.05194541,-0.00061847
377.26793508,-0.00059267
377.48393987,-0.00109491
377.69995978,-0.00042476
377.91599480,-0.00154194
378.13204493,0.00195723
378.34811016,0.00118796
378.56419050,0.00091820
378.78028595,0.00194301
378.99639649,0.00038563
379.21252213,0.00113822
379.42866286,-0.00218797
379.64481868,0.00245508
379.86098960,0.00044003
380.07717559,0.00114216
380.29337667,0.00143428
380.50959283,-0.00020304
380.72582407,0.00108309
380.94207038,0.00204420
381.15833176,0.00143340
381.37460821,0.00124470
381.59089972,-0.00141367
381.80720630,0.00039160
382.02352794,0.00101511
382.23986464,0.00089275
382.45621639,-0.00053349
382.67258319,0.00005304
382.88896505,0.00007429
383.10536195,0.00064276
383.32177389,0.00076617
383.53820087,-0.00003070
383.75464289,-0.00158262
383.97109995,0.00208617
384.18757204,0.00172400
384.40405916,0.00239603
384.62056131,0.00084070
384.83707848,0.00424111
385.05361067,0.00001328
385.27015788,0.00179087
385.48672011,0.00290926
385.70329735,0.00045600
385.91988960,0.00129216
386.13649686,0.00036410
386.35311912,0.00083241
386.56975639,0.00124825
386.78640865,0.00317250
387.00307592,0.00151767
387.21975817,0.00251969
387.43645542,0.00112125
387.65316765,0.00028092
387.86989487,0.00076778
388.08663707,-0.00266886
388.30339426,0.00139014
388.52016641,0.00243967
388.73695355,-0.00107313
388.95375565,0.00099829
389.17057273,0.00306740
389.38740477,0.00075197
389.60425177,0.00114502
389.82111374,0.00132523
390.03799066,0.00037549
390.25488253,0.00143310
390.47178936,0.00023742
390.68871114,0.00227300
390.90564787,0.00216693
391.12259954,0.00007270
391.33956614,0.00168664
391.55654769,-0.00164660
391.77354418,0.00239982
391.99055559,0.00279436
392.20758194,-0.00013562
392.42462321,-0.00082406
392.64167941,0.00238119
392.85875053,0.00064551
393.07583657,0.00034147
393.29293752,0.00058150
393.51005339,-0.00052793
393.72718417,0.00319783
393.94432986,0.00005887
394.16149045,0.00170646
394.37866594,0.00021956
394.59585634,0.00388724
394.81306163,0.00153964
395.03028181,0.00248729
395.24751689,0.00060974
395.46476685,0.00342502
395.68203170,0.00219099
395.89931143,-0.00039713
396.11660604,0.00288280
396.33391553,0.00280100
396.55123990,-0.00070248
396.76857913,0.00302992
396.98593324,0.00248494
397.20330221,0.00316499
397.42068604,0.00355101
397.63808474,0.00205537
397.85549829,0.00119033
398.07292670,0.00072878
398.29036996,0.00206785
398.50782807,0.00282315
398.72530103,0.00079297
398.94278883,0.00185563
399.16029147,0.00003829
399.37780895,0.00013546
399.59534127,0.00037604
399.81288841,0.00200688
400.03045039,0.00045768
400.24802720,0.00148893
400.46561883,0.00403264
400.68322529,0.00269011
400.90084656,0.00239753
401.11848265,-0.00048427
401.33613355,0.00399030
401.55379926,0.00166587
401.77147978,0.00129454
401.98917511,0.00102597
402.20688524,0.00386486
402.42461017,0.00420161
402.64234989,0.00340993
402.86010441,0.00400597
403.07787372,0.00309515
403.29565782,0.00047506
403.51345670,0.00292270
403.73127037,0.00336886
403.94909882,0.00156340
404.16694205,0.00458362
404.38480005,0.00419967
404.60267282,0.00363571
404.82056036,0.00384108
405.03846267,0.00016849
405.25637974,0.00142534
405.47431157,0.00269837
405.69225816,0.00252389
405.91021951,0.00158610
406.12819561,0.00170589
406.34618645,0.00279766
406.56419205,0.00118754
406.78221239,0.00267375
407.00024747,0.00244958
407.21829729,0.00314973
407.43636184,0.00343591
407.65444113,0.00161104
407.87253515,0.00404195
408.09064390,0.00206918
408.30876737,0.00527275
408.52690556,0.00374723
408.74505847,0.00340543
408.96322610,0.00374464
409.18140844,0.00189934
409.39960550,0.00055612
409.61781726,0.00133789
409.83604372,0.00430604
410.05428489,0.00663623
410.27254076,0.00385942
410.49081133,0.00265792
410.70909659,0.00441308
410.92739654,0.00070190
411.14571118,0.00307436
411.36404051,0.00168620
411.58238452,0.00357918
411.80074321,0.00237760
412.01911658,0.00286358
412.23750462,0.00416436
412.45590734,0.00329828
412.67432472,0.00296576
412.89275677,0.00585570
413.11120349,0.00331688
413.32966486,-0.00007740
413.54814090,0.00317206
413.76663159,0.00480837
413.98513693,0.00273105
414.20365692,0.00584913
414.42219156,0.00198224
414.64074084,0.00251962
414.85930477,0.00298657
415.07788333,0.00207867
415.29647653,0.00154266
415.51508437,0.00367208
415.73370683,0.00470223
415.95234392,0.00403363
416.17099564,0.00129368
416.38966198,0.00144055
416.60834294,0.00351173
416.82703851,0.00085590
417.04574870,0.00356622
417.26447350,0.00116595
417.48321291,0.00474832
417.70196692,0.00139042
417.92073554,0.00650881
418.13951875,0.00311991
418.35831657,0.00323381
418.57712898,0.00363115
418.79595598,0.00475674
419.01479757,0.00173977
419.23365374,0.00409775
419.45252450,0.00470096
419.67140984,0.00154872
419.89030975,0.00244928
420.10922425,0.00214087
420.32815331,0.00336302
420.54709694,0.00202836
420.76605514,0.00439003
420.98502791,0.00500018
421.20401523,0.00350431
421.42301712,0.00034878
421.64203356,0.00370472
421.86106455,0.00466053
422.08011009,0.00277484
422.29917018,0.00301481
422.51824482,0.00302958
422.73733399,0.00122518
422.95643771,0.00399682
423.17555596,0.00367752
423.39468875,0.00572753
423.61383606,0.00388741
423.83299790,0.00325672
424.05217427,0.00183660
424.27136516,0.00290511
424.49057057,0.00120621
424.70979050,0.00258909
424.92902494,0.00403538
425.14827390,0.00332091
425.36753736,0.00127050
425.58681532,0.00188551
425.80610779,0.00196466
426.02541476,0.00406233
426.24473623,0.00445003
426.46407219,0.00449940
426.68342265,0.00317047
426.90278759,0.00326274
427.12216702,0.00328388
427.34156093,0.00265232
427.56096933,0.00328754
427.78039220,0.00339555
427.99982955,0.00460183
428.21928137,0.00558393
428.43874766,0.00528508
428.65822841,0.00458147
428.87772363,0.00481487
429.09723331,0.00242273
429.31675745,0.00538949
429.53629605,0.00564241
429.75584910,0.00470589
429.97541660,0.00248934
430.19499854,0.00599879
430.41459494,0.00261685
430.63420577,0.00318133
430.85383104,0.00592229
431.07347075,0.00485423
431.29312489,0.00423280
431.51279347,0.00522776
431.73247647,0.00403220
431.95217390,0.00398824
432.17188574,0.00466687
432.39161201,0.00484716
432.61135270,0.00618763
432.83110780,0.00368225
433.05087731,0.00276443
433.27066123,0.00386184
433.49045956,0.00552368
433.71027229,0.00675748
433.93009942,0.00269733
434.14994095,0.00382656
434.36979687,0.00618799
434.58966718,0.00508011
434.80955189,0.00556317
435.02945098,0.00455914
435.24936445,0.00580657
435.46929230,0.00503913
435.68923454,0.00380328
435.90919115,0.00229972
436.12916213,0.00545864
436.34914748,0.00466431
436.56914720,0.00476598
436.78916128,0.00614964
437.00918972,0.00572847
437.22923252,0.00537135
437.44928968,0.00755382
437.66936119,0.00669362
437.88944706,0.00516809
438.10954727,0.00579444
438.32966182,0.00684237
438.54979072,0.00453496
438.76993395,0.00561770
438.99009153,0.00596800
439.21026343,0.00929363
439.43044967,0.00691150
439.65065024,0.00635208
439.87086513,0.00707475
440.09109434,0.00698788
440.31133788,0.00547881
440.53159573,0.00823332
440.75186789,0.00797017
440.97215437,0.01010901
441.19245516,0.00910793
441.41277025,0.00786747
441.63309964,0.00688617
441.85344334,0.01065939
442.07380133,0.00998443
442.29417362,0.00762094
442.51456020,0.01268565
442.73496107,0.00969231
442.95537623,0.00952603
443.17580567,0.01078309
443.39624939,0.01066301
443.61670739,0.00975403
443.83717967,0.01160259
444.05766622,0.01113945
444.27816704,0.01234011
444.49868212,0.01050291
444.71921147,0.01490331
444.93975509,0.01124384
445.16031296,0.01078540
445.38088508,0.01283660
445.60147147,0.01262904
445.82207210,0.01249580
446.04268698,0.01602268
446.26331610,0.01085676
446.48395947,0.01462917
446.70461707,0.01273046
446.92528892,0.01708349
447.14597499,0.01302763
447.36667530,0.01297620
447.58738984,0.01535650
447.80811860,0.01425956
448.02886158,0.01458856
448.24961879,0.01310830
448.47039021,0.01267212
448.69117585,0.01412623
448.91197570,0.01403454
449.13278975,0.01427191
449.35361802,0.01161801
449.57446049,0.01430492
449.79531715,0.01586317
450.01618802,0.01182623
450.23707308,0.01544814
450.45797234,0.01190080
450.67888578,0.01344213
450.89981341,0.01394271
451.12075522,0.01464183
451.34171122,0.01455892
451.56268139,0.01655024
451.78366574,0.01112560
452.00466426,0.01554382
452.22567696,0.01546794
452.44670382,0.01566286
452.66774484,0.01517222
452.88880003,0.01548265
453.10986938,0.01315025
453.33095288,0.01721478
453.55205053,0.01788128
453.77316234,0.01714298
453.99428830,0.01756786
454.21542840,0.01888289
454.43658264,0.02029121
454.65775102,0.01884158
454.87893354,0.01834249
455.10013019,0.01457325
455.32134098,0.01795469
455.54256589,0.01759612
455.76380493,0.01880021
455.98505809,0.01957963
456.20632537,0.01845372
456.42760677,0.01798790
456.64890229,0.02273745
456.87021191,0.01960593
457.09153565,0.01970395
457.31287349,0.01652316
457.53422544,0.01615493
457.75559149,0.01856129
457.97697163,0.01861259
458.19836587,0.02025238
458.41977420,0.02063024
458.64119663,0.01841359
458.86263313,0.01941034
459.08408373,0.02300081
459.30554840,0.01805334
459.52702716,0.02250346
459.74851999,0.02003685
459.97002689,0.01948682
460.19154786,0.02048224
460.41308290,0.01906435
460.63463201,0.02284635
460.85619518,0.02223611
461.07777241,0.02362358
461.29936369,0.02443905
461.52096903,0.02386209
461.74258841,0.02484277
461.96422185,0.02381406
462.18586933,0.02781542
462.40753086,0.02790607
462.62920642,0.02258289
462.85089602,0.02574114
463.07259966,0.02995081
463.29431733,0.02603075
463.51604902,0.02564007
463.73779475,0.02404390
463.95955449,0.02447111
464.18132826,0.02723828
464.40311604,0.02869523
464.62491784,0.03288372
464.84673365,0.02894997
465.06856347,0.02920385
465.29040730,0.02630664
465.51226513,0.03344798
465.73413696,0.03168426
465.95602279,0.03087500
466.17792261,0.03294803
466.39983643,0.02782323
466.62176424,0.02894824
466.84370603,0.02979238
467.06566181,0.03146049
467.28763157,0.03142193
467.50961531,0.03074819
467.73161303,0.03399583
467.95362472,0.03019986
468.17565038,0.03046121
468.39769001,0.03231414
468.61974360,0.02799840
468.84181116,0.03024245
469.06389267,0.02872608
469.28598814,0.03114748
469.50809757,0.03083886
469.73022094,0.03014881
469.95235827,0.02855123
470.17450954,0.02724717
470.39667475,0.02722449
470.61885390,0.03108290
470.84104699,0.03058226
471.06325402,0.03096577
471.28547498,0.02521505
471.50770986,0.02673236
471.72995867,0.02745468
471.95222141,0.02816267
472.17449806,0.02797671
472.39678864,0.03000629
472.61909313,0.02971855
472.84141153,0.02703425
473.06374384,0.02640154
473.28609005,0.02687713
473.50845017,0.02835642
473.73082420,0.02679118
473.95321212,0.02624236
474.17561393,0.02679390
474.39802964,0.02611714
474.62045924,0.02490341
474.84290273,0.02782936
475.06536010,0.02811376
475.28783136,0.02411268
475.51031649,0.02830161
475.73281550,0.02852114
475.95532838,0.02516810
476.17785513,0.02456584
476.40039575,0.02813222
476.62295024,0.02810574
476.84551859,0.02651830
477.06810080,0.02492614
477.29069686,0.02320661
477.51330678,0.02661732
477.73593055,0.02717026
477.95856817,0.02879819
478.18121963,0.02639372
478.40388494,0.02871824
478.62656409,0.02715394
478.84925707,0.02791900
479.07196389,0.02720794
479.29468455,0.02572190
479.51741903,0.02373871
479.74016733,0.02715954
479.96292946,0.02337087
480.18570542,0.02500937
480.40849519,0.02250950
480.63129877,0.02574156
480.85411617,0.02276453
481.07694738,0.02571546
481.29979239,0.02067477
481.52265121,0.02303515
481.74552383,0.02125772
481.96841025,0.02343315
482.19131046,0.02155687
482.41422447,0.02619725
482.63715227,0.02402348
482.86009385,0.02041602
483.08304922,0.02313951
483.30601837,0.02183977
483.52900130,0.02367003
483.75199801,0.02680415
483.97500849,0.02021587
484.19803274,0.02446825
484.42107076,0.02215602
484.64412255,0.02074447
484.86718810,0.02672913
485.09026741,0.02472566
485.31336047,0.02682930
485.53646729,0.02477886
485.75958786,0.02929690
485.98272218,0.02770672
486.20587024,0.02443633
486.42903205,0.02666342
486.65220760,0.02490145
486.87539689,0.02549581
487.09859991,0.02672544
487.32181666,0.02792020
487.54504715,0.02761012
487.76829136,0.02347842
487.99154929,0.02804865
488.21482094,0.02506950
488.43810631,0.02482009
488.66140540,0.02926622
488.88471820,0.03150313
489.10804471,0.02777499
489.33138493,0.02957766
489.55473885,0.02890348
489.77810647,0.02888345
490.00148780,0.03104273
490.22488281,0.03018278
490.44829153,0.03318094
490.67171393,0.03828829
490.89515002,0.03720173
491.11859979,0.04042911
491.34206325,0.03969570
491.56554038,0.03914381
491.78903120,0.04032375
492.01253568,0.04322716
492.23605384,0.04074331
492.45958567,0.04273804
492.68313116,0.04422437
492.90669031,0.04235520
493.13026312,0.03941899
493.35384960,0.04138886
493.57744972,0.03801544
493.80106350,0.03866638
494.02469092,0.03615536
494.24833200,0.03364371
494.47198671,0.03402211
494.69565507,0.03447543
494.91933706,0.03604106
495.14303269,0.03110798
495.36674195,0.03277724
495.59046484,0.03117432
495.81420136,0.03349756
496.03795150,0.03248706
496.26171526,0.03497448
496.48549264,0.03233811
496.70928364,0.03524719
496.93308825,0.03053920
497.15690647,0.03211263
497.38073830,0.03476766
497.60458373,0.03362260
497.82844276,0.03051356
498.05231539,0.03175669
498.27620162,0.03045872
498.50010144,0.03014415
498.72401485,0.03186015
498.94794185,0.02858177
499.17188244,0.02691688
499.39583661,0.03049977
499.61980435,0.03145486
499.84378568,0.02843018
500.06778058,0.02691628
500.29178904,0.02997416
500.51581108,0.02854221
500.73984668,0.03179624
500.96389585,0.02973969
501.18795858,0.02894109
501.41203486,0.03079588
501.63612470,0.02912885
501.86022809,0.02957830
502.08434503,0.02629429
502.30847551,0.03024625
502.53261954,0.03016123
502.75677711,0.02697469
502.98094822,0.02710443
503.20513286,0.03119552
503.42933104,0.03236351
503.65354274,0.03385025
503.87776797,0.03466353
504.10200673,0.03162427
504.32625901,0.03519441
504.55052480,0.03535900
504.77480411,0.03414032
504.99909694,0.03918735
505.22340327,0.03741767
505.44772312,0.03728777
505.67205646,0.04266813
505.89640331,0.04103937
506.12076366,0.04350591
506.34513750,0.04432375
506.56952484,0.04421892
506.79392567,0.04493141
507.01833999,0.04638002
507.24276779,0.04422789
507.46720907,0.04629753
507.69166384,0.04849521
507.91613208,0.04641955
508.14061380,0.04711565
508.36510898,0.04908023
508.58961764,0.04416273
508.81413976,0.04606725
509.03867534,0.04636357
509.26322439,0.04212404
509.48778689,0.04069924
509.71236285,0.04276082
509.93695226,0.04227227
510.16155512,0.04007137
510.38617142,0.04032366
510.61080117,0.04086800
510.83544436,0.04034528
511.06010099,0.04271204
511.28477105,0.03733954
511.50945454,0.03953758
511.73415147,0.04127101
511.95886182,0.04330211
512.18358560,0.04038725
512.40832280,0.04370894
512.63307341,0.04470659
512.85783745,0.04204400
513.08261489,0.04466135
513.30740575,0.04474577
513.53221001,0.04370065
513.75702768,0.04324106
513.98185875,0.03959129
514.20670322,0.03875379
514.43156109,0.03364279
514.65643235,0.03694766
514.88131700,0.03453697
515.10621504,0.03383783
515.33112647,0.02989075
515.55605128,0.03068900
515.78098946,0.03071251
516.00594103,0.02913583
516.23090597,0.03156766
516.45588428,0.03379648
516.68087596,0.03696554
516.90588100,0.03630343
517.13089941,0.03525189
517.35593118,0.03724213
517.58097631,0.03724301
517.80603479,0.03900481
518.03110663,0.04176280
518.25619181,0.03979923
518.48129034,0.04484313
518.70640222,0.04476532
518.93152743,0.04648296
519.15666598,0.04585617
519.38181787,0.05119244
519.60698310,0.05025865
519.83216165,0.05289049
520.05735353,0.05204760
520.28255873,0.05538114
520.50777726,0.05506851
520.73300910,0.05909548
520.95825426,0.06018612
521.18351273,0.06385399
521.40878452,0.06402270
521.63406961,0.06388973
521.85936801,0.06677786
522.08467971,0.06378036
522.31000471,0.06174995
522.53534300,0.06414055
522.76069459,0.06431549
522.98605947,0.05970666
523.21143764,0.06416936
523.43682910,0.06035915
523.66223383,0.06263853
523.88765185,0.06661924
524.11308315,0.06341588
524.33852772,0.06540863
524.56398556,0.06948146
524.78945667,0.06936234
525.01494104,0.07156057
525.24043868,0.07156027
525.46594959,0.07152365
525.69147374,0.06711410
525.91701116,0.06886251
526.14256182,0.06954987
526.36812574,0.07118329
526.59370290,0.07430822
526.81929331,0.07792869
527.04489696,0.07650806
527.27051384,0.07887713
527.49614396,0.07895888
527.72178732,0.08237305
527.94744390,0.08889009
528.17311372,0.09184224
528.39879675,0.09633069
528.62449301,0.09506905
528.85020249,0.09842908
529.07592518,0.09779482
529.30166109,0.09979932
529.52741021,0.10020535
529.75317254,0.10322285
529.97894807,0.10079899
530.20473680,0.10083004
530.43053874,0.10309016
530.65635387,0.09902166
530.88218219,0.10132812
531.10802371,0.10209099
531.33387841,0.10326330
531.55974630,0.10839248
531.78562738,0.10720210
532.01152163,0.10659518
532.23742906,0.10614997
532.46334967,0.10503600
532.68928344,0.10554065
532.91523039,0.10558246
533.14119051,0.09786032
533.36716378,0.09912934
533.59315022,0.10061746
533.81914982,0.10201894
534.04516257,0.09933227
534.27118847,0.09676087
534.49722752,0.09567306
534.72327973,0.09737136
534.94934507,0.09035292
535.17542356,0.09524009
535.40151518,0.09042539
535.62761994,0.09464456
535.85373784,0.09083141
536.07986886,0.09099638
536.30601301,0.09258202
536.53217029,0.08996080
536.75834069,0.09018520
536.98452420,0.08962149
537.21072084,0.08579233
537.43693059,0.08870549
537.66315345,0.08310692
537.88938941,0.08585155
538.11563848,0.08285989
538.34190066,0.07931918
538.56817593,0.07590119
538.79446431,0.07761470
539.02076577,0.07807487
539.24708033,0.07875160
539.47340798,0.08007092
539.69974871,0.08381745
539.92610252,0.08785852
540.15246942,0.08963790
540.37884939,0.08821397
540.60524244,0.09279296
540.83164856,0.08928284
541.05806775,0.09180364
541.28450001,0.09136071
541.51094533,0.09314996
541.73740371,0.08956609
541.96387515,0.09123615
542.19035965,0.09389144
542.41685719,0.09685867
542.64336779,0.09589480
542.86989144,0.09392989
543.09642813,0.09592173
543.32297786,0.10114419
543.54954063,0.10530671
543.77611643,0.10412853
544.00270527,0.11279129
544.22930714,0.11638586
544.45592204,0.11620991
544.68254996,0.11975347
544.90919091,0.11597608
545.13584487,0.11824855
545.36251185,0.12191072
545.58919184,0.12352374
545.81588485,0.12995363
546.04259086,0.13104412
546.26930988,0.13028648
546.49604191,0.12763269
546.72278693,0.12528008
546.94954495,0.12995313
547.17631596,0.13095791
547.40309997,0.12926455
547.62989696,0.13278045
547.85670694,0.13484173
548.08352991,0.14411637
548.31036585,0.14771780
548.53721477,0.15115954
548.76407667,0.15183588
548.99095154,0.15648032
549.21783938,0.15741725
549.44474018,0.16161375
549.67165395,0.16551125
549.89858069,0.16848936
550.12552038,0.17388862
550.35247302,0.17134947
550.57943862,0.16998713
550.80641717,0.16904178
551.03340866,0.16680255
551.26041310,0.16332705
551.48743048,0.15431992
551.71446081,0.15701839
551.94150406,0.15302197
552.16856025,0.16010292
552.39562937,0.16538595
552.62271142,0.16789043
552.84980640,0.16927412
553.07691429,0.17291976
553.30403511,0.17604070
553.53116884,0.17690420
553.75831549,0.17526938
553.98547505,0.17353487
554.21264752,0.18306104
554.43983289,0.18454466
554.66703116,0.18073523
554.89424234,0.19146335
555.12146641,0.18970468
555.34870338,0.19326360
555.57595324,0.19406618
555.80321599,0.19641284
556.03049162,0.20988003
556.25778014,0.21037756
556.48508154,0.21451334
556.71239582,0.22139213
556.93972297,0.22983107
557.16706300,0.23478867
557.39441589,0.24809560
557.62178165,0.25322257
557.84916028,0.25903077
558.07655177,0.26802961
558.30395611,0.28244265
558.53137331,0.29492835
558.75880337,0.29591382
558.98624627,0.29847044
559.21370202,0.29995286
559.44117062,0.30281508
559.66865206,0.31528649
559.89614634,0.31908297
560.12365345,0.32871542
560.35117340,0.33125360
560.57870618,0.33546650
560.80625179,0.34817718
561.03381022,0.35155288
561.26138148,0.35994192
561.48896555,0.37798076
561.71656244,0.37397578
561.94417215,0.37941978
562.17179467,0.37390730
562.39942999,0.36286245
562.62707812,0.37633567
562.85473906,0.37789663
563.08241279,0.36517353
563.31009933,0.36908428
563.53779866,0.37104811
563.76551078,0.37510280
563.99323568,0.38893376
564.22097338,0.39059028
564.44872386,0.39381187
564.67648712,0.41241799
564.90426316,0.41650440
565.13205197,0.41941417
565.35985356,0.43739048
565.58766792,0.42225094
565.81549504,0.41529291
566.04333493,0.39500288
566.27118758,0.38220318
566.49905298,0.37946005
566.72693115,0.37334203
566.95482207,0.36829650
567.18272573,0.37420034
567.41064215,0.36940894
567.63857131,0.35566174
567.86651321,0.35049091
568.09446785,0.34918448
568.32243523,0.33900856
568.55041534,0.34492970
568.77840819,0.33708231
569.00641376,0.33225260
569.23443206,0.31541112
569.46246308,0.30644628
569.69050682,0.30447561
569.91856327,0.30179607
570.14663244,0.29748040
570.37471433,0.29544289
570.60280892,0.30236550
570.83091622,0.30231536
571.05903622,0.29085750
571.28716892,0.28911706
571.51531432,0.29232817
571.74347241,0.26962362
571.97164320,0.25318544
572.19982667,0.25088469
572.42802284,0.25612017
572.65623168,0.24428366
572.88445321,0.24324400
573.11268742,0.24101331
573.34093430,0.24624667
573.56919385,0.24629699
573.79746608,0.25681057
574.02575097,0.25715273
574.25404853,0.24420260
574.48235874,0.25170216
574.71068162,0.26616061
574.93901715,0.26478613
575.16736534,0.26203273
575.39572618,0.26339349
575.62409966,0.26920122
575.85248579,0.27434944
576.08088456,0.27365556
576.30929597,0.25436501
576.53772002,0.25540312
576.76615671,0.25017197
576.99460602,0.24908214
577.22306796,0.23565012
577.45154253,0.23435704
577.68002972,0.22995362
577.90852953,0.22227835
578.13704196,0.21677230
578.36556700,0.20877311
578.59410465,0.20487312
578.82265492,0.20531437
579.05121779,0.20824940
579.27979326,0.20646538
579.50838133,0.20459852
579.73698201,0.20475016
579.96559527,0.21189115
580.19422113,0.21019619
580.42285958,0.21117786
580.65151062,0.21457246
580.88017424,0.21664487
581.10885044,0.22572115
581.33753922,0.22745050
581.56624057,0.22934677
581.79495450,0.23054092
582.02368100,0.24431924
582.25242007,0.24243773
582.48117170,0.23454330
582.70993589,0.22771681
582.93871264,0.22943689
583.16750195,0.22444298
583.39630381,0.22481775
583.62511822,0.22243131
583.85394518,0.21721306
584.08278469,0.21051371
584.31163674,0.21444846
584.54050133,0.20744714
584.76937845,0.20540232
584.99826811,0.20380620
585.22717030,0.19614237
585.45608502,0.19236124
585.68501226,0.19413019
585.91395203,0.18593568
586.14290432,0.17167154
586.37186912,0.16611296
586.60084644,0.16148887
586.82983628,0.16081660
587.05883862,0.15562028
587.28785347,0.16039393
587.51688082,0.15738529
587.74592067,0.15570326
587.97497302,0.15423572
588.20403787,0.15883558
588.43311520,0.15704181
588.66220503,0.15870220
588.89130735,0.16563250
589.12042215,0.17114496
589.34954943,0.17848441
589.57868919,0.18710729
589.80784142,0.19388184
590.03700613,0.19670266
590.26618331,0.20068825
590.49537296,0.21300853
590.72457507,0.21941113
590.95378964,0.22661655
591.18301667,0.23866843
591.41225616,0.23671998
591.64150811,0.23686461
591.87077250,0.24357592
592.10004934,0.24311878
592.32933863,0.24820700
592.55864036,0.24522707
592.78795453,0.24601773
593.01728114,0.24414641
593.24662018,0.24611057
593.47597165,0.25184603
593.70533555,0.26064603
593.93471188,0.25562119
594.16410063,0.24814023
594.39350180,0.25149246
594.62291539,0.25356127
594.85234140,0.24192006
595.08177981,0.24594744
595.31123064,0.24488816
595.54069387,0.24880855
595.77016951,0.25126569
595.99965755,0.25503490
596.22915798,0.25436842
596.45867081,0.25273138
596.68819604,0.24756018
596.91773365,0.24407036
597.14728365,0.23839539
597.37684603,0.23462025
597.60642080,0.22977805
597.83600795,0.21947922
598.06560747,0.21592418
598.29521936,0.22443948
598.52484363,0.21103955
598.75448026,0.20534249
598.98412926,0.20363582
599.21379062,0.20336345
599.44346434,0.20489493
599.67315042,0.20694645
599.90284885,0.21012630
600.13255963,0.20950747
600.36228276,0.20213023
600.59201824,0.19416941
600.82176606,0.18413652
601.05152622,0.18214586
601.28129871,0.18589055
601.51108354,0.18658792
601.74088070,0.18714532
601.97069019,0.18109687
602.20051201,0.17294085
602.43034615,0.17562426
602.66019261,0.17062141
602.89005139,0.17135655
603.11992249,0.17139350
603.34980589,0.16817098
603.57970161,0.16831460
603.80960963,0.17256308
604.03952996,0.17472444
604.26946259,0.17682884
604.49940751,0.17475415
604.72936474,0.17158526
604.95933425,0.17627576
605.18931606,0.17933587
605.41931015,0.17933686
605.64931653,0.18176706
605.87933519,0.18186755
606.10936612,0.18598060
606.33940934,0.19410781
606.56946483,0.19651124
606.79953259,0.20148090
607.02961261,0.20150328
607.25970490,0.20100411
607.48980946,0.20123050
607.71992627,0.20579219
607.95005534,0.20322152
608.18019667,0.20860573
608.41035024,0.20529446
608.64051607,0.20334787
608.87069414,0.20704271
609.10088445,0.20717311
609.33108700,0.20240633
609.56130179,0.20499812
609.79152882,0.20452327
610.02176808,0.19884587
610.25201956,0.19643209
610.48228328,0.18778733
610.71255921,0.19111326
610.94284737,0.18227759
611.17314775,0.17612060
611.40346034,0.17521692
611.63378514,0.16958125
611.86412215,0.17525682
612.09447137,0.17385267
612.32483280,0.17247975
612.55520642,0.17201460
612.78559225,0.17313857
613.01599027,0.17158520
613.24640048,0.17224096
613.47682288,0.17550893
613.70725747,0.17806999
613.93770425,0.17344795
614.16816321,0.17395477
614.39863434,0.16978292
614.62911766,0.17007942
614.85961314,0.17506076
615.09012080,0.17607145
615.32064063,0.17430818
615.55117262,0.17944492
615.78171677,0.18432250
616.01227308,0.18564723
616.24284156,0.19773289
616.47342218,0.20282105
616.70401496,0.21102032
616.93461988,0.21993729
617.16523695,0.21994764
617.39586617,0.22513057
617.62650752,0.22038407
617.85716101,0.23091083
618.08782664,0.23129266
618.31850440,0.24172250
618.54919429,0.25099039
618.77989630,0.25356713
619.01061044,0.26464791
619.24133670,0.26898426
619.47207508,0.28053460
619.70282557,0.28606239
619.93358818,0.29125267
620.16436289,0.29951079
620.39514972,0.30228575
620.62594864,0.30730646
620.85675967,0.31181796
621.08758280,0.32178881
621.31841802,0.32438041
621.54926534,0.33724213
621.78012475,0.35075276
622.01099624,0.36045150
622.24187982,0.37166572
622.47277549,0.36157389
622.70368323,0.37163200
622.93460305,0.35842531
623.16553494,0.34378512
623.39647890,0.33946719
623.62743493,0.32761150
623.85840303,0.31026290
624.08938319,0.30900365
624.32037541,0.30240650
624.55137968,0.30272593
624.78239602,0.28941368
625.01342440,0.28429897
625.24446483,0.28471940
625.47551731,0.27474904
625.70658183,0.27196216
625.93765839,0.26490203
626.16874699,0.25763803
626.39984763,0.25358008
626.63096029,0.24172817
626.86208499,0.24162035
627.09322171,0.23627815
627.32437046,0.23353862
627.55553123,0.22851047
627.78670401,0.22425608
628.01788882,0.21439190
628.24908563,0.21439907
628.48029446,0.21247820
628.71151529,0.20587978
628.94274813,0.19970112
629.17399296,0.19528537
629.40524980,0.18474279
629.63651863,0.17070471
629.86779946,0.16974088
630.09909228,0.16630433
630.33039709,0.16737190
630.56171388,0.16195634
630.79304265,0.16736886
631.02438340,0.17729718
631.25573613,0.17088859
631.48710084,0.17549634
631.71847751,0.17704911
631.94986615,0.17745821
632.18126676,0.17062542
632.41267933,0.16884458
632.64410387,0.16380545
632.87554035,0.16714188
633.10698880,0.16665827
633.33844919,0.16034343
633.56992154,0.15733149
633.80140583,0.15531002
634.03290207,0.15635501
634.26441024,0.15867627
634.49593035,0.15920420
634.72746240,0.15678874
634.95900638,0.15917396
635.19056229,0.16261632
635.42213013,0.15849587
635.65370989,0.15861337
635.88530158,0.15708150
636.11690518,0.16864873
636.34852069,0.16812350
636.58014812,0.16175775
636.81178746,0.16846880
637.04343871,0.17175947
637.27510187,0.17564111
637.50677692,0.17353618
637.73846387,0.17872958
637.97016272,0.18578499
638.20187347,0.18302589
638.43359610,0.18370797
638.66533062,0.18918272
638.89707703,0.19235061
639.12883532,0.19443463
639.36060549,0.20054074
639.59238754,0.20415502
639.82418146,0.21560853
640.05598725,0.21906776
640.28780491,0.22823900
640.51963444,0.22965192
640.75147583,0.23492856
640.98332908,0.24823867
641.21519419,0.25707780
641.44707115,0.27020296
641.67895997,0.28662909
641.91086063,0.29587567
642.14277314,0.30794215
642.37469750,0.31489262
642.60663369,0.32199462
642.83858172,0.33807619
643.07054159,0.35237456
643.30251329,0.34972776
643.53449683,0.35069143
643.76649218,0.35326700
643.99849937,0.37330123
644.23051837,0.38778478
644.46254919,0.38847292
644.69459183,0.40180901
644.92664628,0.39539892
645.15871254,0.40284821
645.39079061,0.39126657
645.62288049,0.39315696
645.85498217,0.39548310
646.08709564,0.38120115
646.31922091,0.37050456
646.55135798,0.36278482
646.78350684,0.34942006
647.01566748,0.34070046
647.24783991,0.34078998
647.48002413,0.33850256
647.71222012,0.34766926
647.94442789,0.34159220
648.17664744,0.34299922
648.40887875,0.34390400
648.64112184,0.34314751
648.87337669,0.33824719
649.10564331,0.32588984
649.33792168,0.33561335
649.57021181,0.33619779
649.80251370,0.33828493
650.03482734,0.33194745
650.26715273,0.32863144
650.49948987,0.32566457
650.73183875,0.33322622
650.96419937,0.32437235
651.19657173,0.30518054
651.42895582,0.29859722
651.66135165,0.30151522
651.89375921,0.28728333
652.12617849,0.28747110
652.35860950,0.28129576
652.59105224,0.28722788
652.82350669,0.28027121
653.05597285,0.29397247
653.28845073,0.30309717
653.52094032,0.31260808
653.75344162,0.30905580
653.98595462,0.31205491
654.21847933,0.31473509
654.45101573,0.33403288
654.68356383,0.35711075
654.91612363,0.36783078
655.14869511,0.37035347
655.38127829,0.38830121
655.61387315,0.39205754
655.84647969,0.40564519
656.07909792,0.42062723
656.31172782,0.42953013
656.54436939,0.43565654
656.77702264,0.43617343
657.00968756,0.45401831
657.24236414,0.46420055
657.47505238,0.44960964
657.70775229,0.44539071
657.94046385,0.43633608
658.17318707,0.41988367
658.40592195,0.39877277
658.63866847,0.38065465
658.87142663,0.35599061
659.10419645,0.34869941
659.33697790,0.34442454
659.56977099,0.33116181
659.80257572,0.31724492
660.03539208,0.32346781
660.26822007,0.33051637
660.50105969,0.31568168
660.73391093,0.33062077
660.96677380,0.34915012
661.19964828,0.35615708
661.43253438,0.36537241
661.66543209,0.38248984
661.89834142,0.37128501
662.13126235,0.35694666
662.36419489,0.37325365
662.59713903,0.37650744
662.83009477,0.38602496
663.06306210,0.39748328
663.29604103,0.40620946
663.52903155,0.43656587
663.76203367,0.44796510
663.99504736,0.45630283
664.22807264,0.46220612
664.46110950,0.49836182
664.69415794,0.49653434
664.92721795,0.52016619
665.16028953,0.52407830
665.39337269,0.51259693
665.62646740,0.50844084
665.85957369,0.48965154
666.09269153,0.50513590
666.32582093,0.50922242
666.55896189,0.50304201
666.79211440,0.51680058
667.02527846,0.52103752
667.25845406,0.52777495
667.49164121,0.52169227
667.72483991,0.51679729
667.95805014,0.49318654
668.19127190,0.47575319
668.42450520,0.48101590
668.65775003,0.48377400
668.89100639,0.49094111
669.12427427,0.48659322
669.35755368,0.48532903
669.59084460,0.47080169
669.82414704,0.47866990
670.05746099,0.47808017
670.29078646,0.46463096
670.52412343,0.46353347
670.75747191,0.46614117
670.99083189,0.45404713
671.22420337,0.46238103
671.45758635,0.45455324
671.69098082,0.46878050
671.92438678,0.48920794
672.15780424,0.49741588
672.39123317,0.50931510
672.62467360,0.51614865
672.85812550,0.51736076
673.09158888,0.51902500
673.32506373,0.50640264
673.55855006,0.49554842
673.79204785,0.49033460
674.02555712,0.49626498
674.25907784,0.49270411
674.49261003,0.48567606
674.72615367,0.47296826
674.95970878,0.48007263
675.19327533,0.48808755
675.42685333,0.49155056
675.66044278,0.49185704
675.89404368,0.51145689
676.12765601,0.51040925
676.36127979,0.51463743
676.59491500,0.51873025
676.82856165,0.50831539
677.06221972,0.51113508
677.29588922,0.51260607
677.52957015,0.49957836
677.76326250,0.49605475
677.99696627,0.48785739
678.23068146,0.48952271
678.46440806,0.48883925
678.69814607,0.50102075
678.93189549,0.49358282
679.16565631,0.50501686
679.39942854,0.49992602
679.63321217,0.49897273
679.86700720,0.50637252
680.10081361,0.50651175
680.33463143,0.50538476
680.56846063,0.48907835
680.80230121,0.46646675
681.03615318,0.45235533
681.27001653,0.45219866
681.50389126,0.44502181
681.73777736,0.44190050
681.97167484,0.45333107
682.20558368,0.44271322
682.43950390,0.44208586
682.67343547,0.42908762
682.90737841,0.42396100
683.14133270,0.42858995
683.37529836,0.41201517
683.60927536,0.40495680
683.84326371,0.40171308
684.07726341,0.40259458
684.31127446,0.40064134
684.54529685,0.39932276
684.77933057,0.40512566
685.01337564,0.41836252
685.24743203,0.42743597
685.48149976,0.44599067
685.71557881,0.43184956
685.94966919,0.43880309
686.18377090,0.42500746
686.41788392,0.41782853
686.65200826,0.39398506
686.88614391,0.38220723
687.12029088,0.37097969
687.35444915,0.35806362
687.58861873,0.34436505
687.82279961,0.33860618
688.05699179,0.33164642
688.29119527,0.32640591
688.52541004,0.31845132
688.75963611,0.31727876
688.99387346,0.31524791
689.22812210,0.31595615
689.46238203,0.31717788
689.69665323,0.32657656
689.93093571,0.32314825
690.16522947,0.32629106
690.39953450,0.32724917
690.63385080,0.32806676
690.86817837,0.32519767
691.10251720,0.32184251
691.33686730,0.30428559
691.57122865,0.29391010
691.80560125,0.28528071
692.03998511,0.27470296
692.27438023,0.26218691
692.50878658,0.25909717
692.74320419,0.25366513
692.97763303,0.24750811
693.21207312,0.24404260
693.44652444,0.24132948
693.68098699,0.23295259
693.91546077,0.23108861
694.14994579,0.23634310
694.38444203,0.22919275
694.61894949,0.23516808
694.85346817,0.23171701
695.08799806,0.22892903
695.32253918,0.22290648
695.55709150,0.22257665
695.79165503,0.22289044
696.02622977,0.22515152
696.26081571,0.22467169
696.49541285,0.22182070
696.73002119,0.23280330
696.96464072,0.24036841
697.19927145,0.24082803
697.43391336,0.24395222
697.66856647,0.25912670
697.90323075,0.25992147
698.13790622,0.26484030
698.37259286,0.26511929
698.60729068,0.26775235
698.84199967,0.26297218
699.07671984,0.25987422
699.31145117,0.25305128
699.54619366,0.26750080
699.78094731,0.27319317
700.01571213,0.28700916
700.25048810,0.28388398
700.48527522,0.28296417
700.72007349,0.27565117
700.95488292,0.27998362
701.18970348,0.27386703
701.42453519,0.27935787
701.65937804,0.28088353
701.89423202,0.27982341
702.12909714,0.27527031
702.36397339,0.26900994
702.59886077,0.26337606
702.83375927,0.26309922
703.06866889,0.27309063
703.30358964,0.27424457
703.53852150,0.27674343
703.77346448,0.28206098
704.00841857,0.30177104
704.24338376,0.30623766
704.47836007,0.30832899
704.71334748,0.30562549
704.94834598,0.30929086
705.18335559,0.31296449
705.41837629,0.32046000
705.65340808,0.33229512
705.88845096,0.33521310
706.12350493,0.34234875
706.35856998,0.35567997
706.59364612,0.37085159
706.82873333,0.38057236
707.06383161,0.39179119
707.29894097,0.40443664
707.53406141,0.40446366
707.76919290,0.41409721
708.00433546,0.42577441
708.23948909,0.44757665
708.47465377,0.44577834
708.70982951,0.45942620
708.94501630,0.47116610
709.18021414,0.48460823
709.41542303,0.49872553
709.65064297,0.50825604
709.88587395,0.52470168
710.12111597,0.53855376
710.35636902,0.55085440
710.59163311,0.58109549
710.82690823,0.59354339
711.06219437,0.59289558
711.29749155,0.58872244
711.53279974,0.57614883
711.76811896,0.58082667
712.00344920,0.57495283
712.23879044,0.57157193
712.47414270,0.56897345
712.70950597,0.57531954
712.94488025,0.58306284
713.18026553,0.58278589
713.41566181,0.57529529
713.65106908,0.57655055
713.88648736,0.56861853
714.12191662,0.57843873
714.35735688,0.56485067
714.59280812,0.57077020
714.82827034,0.56613845
715.06374355,0.56663347
715.29922774,0.55499133
715.53472290,0.56442097
715.77022903,0.54539023
716.00574614,0.55430236
716.24127421,0.55459904
716.47681324,0.57000938
716.71236324,0.57998486
716.94792420,0.59417050
717.18349611,0.57478483
717.41907898,0.57194391
717.65467280,0.55765047
717.89027757,0.54017137
718.12589328,0.53220823
718.36151993,0.52534393
718.59715752,0.51225387
718.83280605,0.49285160
719.06846552,0.47277861
719.30413591,0.45350392
719.53981724,0.41987517
719.77550949,0.40082545
720.01121266,0.37436692
720.24692676,0.37502010
720.48265177,0.36920107
720.71838769,0.35668944
720.95413453,0.33823099
721.18989228,0.33243125
721.42566093,0.32494623
721.66144049,0.33161127
721.89723095,0.31823936
722.13303231,0.31782580
722.36884456,0.31794946
722.60466770,0.31971573
722.84050173,0.32327225
723.07634666,0.32586705
723.31220246,0.32810993
723.54806915,0.33017284
723.78394671,0.33705601
724.01983515,0.33673920
724.25573447,0.32593357
724.49164465,0.32647822
724.72756571,0.31430319
724.96349762,0.31574258
725.19944040,0.31056208
725.43539404,0.32078029
725.67135854,0.31663033
725.90733388,0.31580942
726.14332008,0.30023268
726.37931713,0.29986908
726.61532503,0.29217921
726.85134376,0.29766809
727.08737334,0.30435606
727.32341375,0.31328010
727.55946500,0.32180091
727.79552708,0.32549099
728.03159998,0.32401880
728.26768372,0.31902917
728.50377827,0.32256504
728.73988365,0.32788541
728.97599985,0.33904290
729.21212686,0.34713415
729.44826468,0.35660632
729.68441331,0.35645738
729.92057275,0.34957956
730.15674299,0.34817941
730.39292403,0.34469258
730.62911587,0.33990691
730.86531851,0.33225767
731.10153194,0.33596792
731.33775616,0.33649411
731.57399117,0.34342418
731.81023696,0.33466166
732.04649353,0.33169777
732.28276088,0.32735515
732.51903901,0.33123675
732.75532791,0.32836713
732.99162758,0.33266017
733.22793802,0.33297578
733.46425923,0.33795989
733.70059119,0.34430881
733.93693392,0.35423622
734.17328740,0.34746961
734.40965164,0.35767290
734.64602662,0.35459184
734.88241236,0.36251381
735.11880884,0.36229188
735.35521607,0.37022526
735.59163403,0.37288472
735.82806273,0.38017765
736.06450217,0.36750463
736.30095234,0.36621922
736.53741323,0.35188861
736.77388486,0.35439302
737.01036720,0.34577388
737.24686027,0.33533865
737.48336406,0.32601736
737.71987856,0.33081563
737.95640377,0.31589791
738.19293969,0.32483689
738.42948632,0.32268411
738.66604365,0.32182635
738.90261169,0.32135881
739.13919042,0.32075661
739.37577985,0.31524282
739.61237997,0.31429839
739.84899078,0.30885363
740.08561228,0.31596129
740.32224446,0.31376775
740.55888732,0.31698454
740.79554087,0.31730077
741.03220509,0.32354252
741.26887998,0.32627066
741.50556555,0.32324597
741.74226178,0.31752471
741.97896868,0.33994842
742.21568624,0.34692729
742.45241446,0.34495028
742.68915333,0.32925704
742.92590286,0.34259182
743.16266304,0.35296282
743.39943387,0.35972286
743.63621535,0.35970956
743.87300747,0.35882696
744.10981023,0.34254194
744.34662363,0.34304528
744.58344766,0.33578072
744.82028232,0.34495833
745.05712761,0.32996303
745.29398353,0.33305878
745.53085007,0.33223414
745.76772724,0.33469086
746.00461502,0.34579765
746.24151341,0.34098806
746.47842242,0.33083277
746.71534204,0.33070534
746.95227227,0.31696327
747.18921310,0.32292011
747.42616453,0.32888271
747.66312656,0.32882845
747.90009918,0.32699269
748.13708240,0.32019273
748.37407621,0.31364105
748.61108061,0.30973792
748.84809559,0.30039300
749.08512115,0.30613367
749.32215730,0.30147309
749.55920401,0.29575400
749.79626131,0.27564849
750.03332917,0.26402131
750.27040760,0.25976330
750.50749660,0.25595977
750.74459616,0.24608759
750.98170628,0.23671626
751.21882695,0.23674653
751.45595818,0.24348225
751.69309997,0.25202422
751.93025230,0.25920896
752.16741517,0.25354950
752.40458859,0.25472598
752.64177256,0.26339296
752.87896705,0.27714106
753.11617209,0.27897819
753.35338765,0.28294216
753.59061374,0.28925957
753.82785037,0.29837896
754.06509751,0.30150176
754.30235518,0.30641995
754.53962336,0.30793327
754.77690206,0.31484216
755.01419127,0.31953274
755.25149099,0.33280257
755.48880122,0.34235808
755.72612195,0.35668950
755.96345319,0.36232956
756.20079492,0.37571112
756.43814715,0.37847100
756.67550987,0.38040549
756.91288309,0.37164313
757.15026679,0.37906149
757.38766097,0.36362354
757.62506564,0.35109236
757.86248079,0.34047101
758.09990641,0.32173600
758.33734251,0.31417720
758.57478908,0.29691063
758.81224612,0.29685626
759.04971362,0.28899587
759.28719159,0.28912209
759.52468001,0.28477297
759.76217889,0.27980110
759.99968823,0.28562031
760.23720802,0.30248223
760.47473826,0.30409675
760.71227894,0.31084730
760.94983007,0.31918831
761.18739164,0.33231783
761.42496364,0.34541082
761.66254608,0.36020921
761.90013895,0.37673988
762.13774226,0.37368747
762.37535598,0.36728776
762.61298014,0.37237668
762.85061471,0.37870774
763.08825970,0.39419273
763.32591511,0.40246961
763.56358093,0.41647766
763.80125716,0.40993866
764.03894380,0.40962842
764.27664084,0.39970768
764.51434829,0.40862130
764.75206613,0.38895856
764.98979437,0.37709626
765.22753300,0.35894920
765.46528203,0.34367451
765.70304144,0.32231001
765.94081124,0.29200788
766.17859142,0.26896327
766.41638197,0.27311216
766.65418291,0.23741670
766.89199422,0.22118024
767.12981590,0.20679758
767.36764795,0.18930439
767.60549036,0.17237669
767.84334314,0.16174164
768.08120628,0.15186750
768.31907977,0.14333665
768.55696362,0.13008114
768.79485782,0.12157375
769.03276238,0.12186066
769.27067727,0.11254285
769.50860251,0.10824029
769.74653809,0.11016148
769.98448401,0.10913661
770.22244027,0.10483241
770.46040685,0.10240858
770.69838377,0.10943258
770.93637101,0.10524717
771.17436858,0.11626462
771.41237647,0.11922369
771.65039468,0.12978612
771.88842320,0.14134715
772.12646204,0.15128001
772.36451118,0.16611344
772.60257064,0.18543444
772.84064039,0.20744804
773.07872045,0.22425366
773.31681081,0.24579365
773.55491147,0.26870957
773.79302242,0.28183633
774.03114366,0.30454462
774.26927519,0.32026261
774.50741700,0.33969461
774.74556910,0.34510127
774.98373147,0.36085744
775.22190413,0.36955770
775.46008705,0.38090498
775.69828025,0.38480146
775.93648372,0.40428887
776.17469745,0.39708185
776.41292145,0.41365585
776.65115570,0.43015796
776.88940022,0.42698488
777.12765499,0.44555509
777.36592001,0.43553478
777.60419528,0.40456087
777.84248079,0.41459368
778.08077655,0.38794993
778.31908256,0.38183601
778.55739879,0.37334159
778.79572527,0.35614166
779.03406198,0.33676511
779.27240891,0.33240544
779.51076608,0.32747523
779.74913346,0.31512140
779.98751107,0.31432762
780.22589890,0.30320694
780.46429695,0.28779909
780.70270520,0.29983117
780.94112367,0.29267526
781.17955235,0.28556483
781.41799123,0.27782132
781.65644031,0.26863169
781.89489959,0.26760078
782.13336907,0.26829266
782.37184874,0.26242313
782.61033861,0.26070793
782.84883866,0.25596538
783.08734890,0.25230659
783.32586931,0.25251640
783.56439991,0.25193131
783.80294069,0.24163877
784.04149164,0.25067407
784.28005276,0.24807405
784.51862406,0.23415345
784.75720551,0.23879402
784.99579713,0.23260999
785.23439891,0.22067103
785.47301085,0.21729410
785.71163295,0.21031593
785.95026519,0.20512830
786.18890759,0.20430705
786.42756013,0.20317487
786.66622282,0.20250078
786.90489564,0.19624807
787.14357861,0.18257618
787.38227171,0.18264510
787.62097494,0.17222699
787.85968831,0.16852300
788.09841180,0.16741127
788.33714541,0.16785369
788.57588915,0.16252820
788.81464301,0.16012044
789.05340698,0.14931349
789.29218106,0.14945741
789.53096526,0.14206901
789.76975956,0.14910084
790.00856397,0.14641449
790.24737848,0.14690621
790.48620309,0.14580372
790.72503780,0.14512579
790.96388260,0.14510484
791.20273749,0.14351613
791.44160247,0.14711328
791.68047754,0.15546864
791.91936269,0.16213091
792.15825792,0.16728358
792.39716323,0.16144939
792.63607861,0.16705337
792.87500406,0.16581742
793.11393958,0.16887038
793.35288517,0.17510546
793.59184082,0.18668562
793.83080653,0.18697926
794.06978230,0.19205243
794.30876813,0.19675821
794.54776401,0.21585208
794.78676993,0.21949655
795.02578591,0.22426313
795.26481193,0.21612841
795.50384798,0.21591079
795.74289408,0.21851514
795.98195022,0.22256416
796.22101638,0.23421285
796.46009258,0.24371726
796.69917880,0.22438921
796.93827505,0.21419653
797.17738132,0.20940161
797.41649761,0.21082236
797.65562392,0.21347398
797.89476024,0.21484946
798.13390657,0.20789005
798.37306290,0.20209522
798.61222925,0.20136950
798.85140559,0.21111943
799.09059194,0.20426277
799.32978828,0.20806923
799.56899462,0.22131088
799.80821094,0.22275176
800.04743726,0.22490525
800.28667356,0.22029210
800.52591985,0.22781153
800.76517611,0.23487792
801.00444236,0.23318204
801.24371857,0.23135761
801.48300476,0.22903432
801.72230092,0.22695928
801.96160705,0.23814600
802.20092314,0.23760436
802.44024919,0.23356174
802.67958519,0.23098641
802.91893116,0.23307726
803.15828707,0.23806307
803.39765294,0.23446198
803.63702875,0.22751764
803.87641450,0.22075684
804.11581020,0.22270616
804.35521584,0.21636540
804.59463141,0.21098061
804.83405692,0.20883184
805.07349235,0.20414213
805.31293772,0.19379307
805.55239300,0.19383073
805.79185821,0.19469068
806.03133334,0.19263898
806.27081839,0.18097169
806.51031335,0.17495725
806.74981822,0.17219410
806.98933300,0.15805200
807.22885768,0.14652819
807.46839227,0.13988251
807.70793675,0.12835610
807.94749114,0.12333281
808.18705542,0.11478217
808.42662959,0.11980925
808.66621364,0.11623194
808.90580759,0.11508029
809.14541141,0.10593060
809.38502512,0.09854503
809.62464871,0.10168547
809.86428217,0.09536576
810.10392550,0.09094129
810.34357870,0.09157964
810.58324177,0.09064813
810.82291470,0.09120480
811.06259749,0.08971963
811.30229015,0.08876941
811.54199265,0.08453353
811.78170501,0.08731768
812.02142722,0.09081388
812.26115928,0.08572017
812.50090118,0.08727476
812.74065292,0.08599357
812.98041450,0.08966015
813.22018592,0.08536144
813.45996717,0.08783445
813.69975825,0.08635306
813.93955916,0.08857492
814.17936989,0.09035744
814.41919045,0.08949164
814.65902083,0.09545410
814.89886102,0.09772417
815.13871102,0.09879714
815.37857084,0.11014879
815.61844047,0.11644293
815.85831990,0.11776420
816.09820913,0.12398410
816.33810817,0.12946899
816.57801700,0.12584846
816.81793562,0.12522075
817.05786404,0.12842806
817.29780225,0.13164133
817.53775024,0.14629067
817.77770801,0.15054833
818.01767557,0.16770076
818.25765290,0.17440809
818.49764001,0.19261574
818.73763689,0.19894726
818.97764354,0.19884062
819.21765996,0.19815552
819.45768614,0.19456862
819.69772209,0.20185544
819.93776779,0.19999324
820.17782324,0.20361531
820.41788845,0.20316217
820.65796341,0.20836842
820.89804812,0.21102885
821.13814257,0.20925211
821.37824677,0.20379099
821.61836070,0.20640116
821.85848437,0.19709974
822.09861777,0.20106644
822.33876090,0.20368515
822.57891376,0.21159938
822.81907635,0.21302213
823.05924866,0.22259389
823.29943069,0.21738358
823.53962243,0.21929237
823.77982389,0.21558783
824.02003506,0.21838583
824.26025594,0.21760676
824.50048652,0.20613290
824.74072681,0.20214106
824.98097680,0.20219433
825.22123648,0.19525824
825.46150586,0.18993642
825.70178493,0.19111776
825.94207369,0.19203445
826.18237214,0.17506496
826.42268027,0.17673913
826.66299808,0.18008768
826.90332557,0.17127542
827.14366273,0.16831162
827.38400957,0.16347364
827.62436608,0.15249182
827.86473225,0.14267026
828.10510809,0.13858946
828.34549359,0.13998425
828.58588874,0.13829003
828.82629356,0.12905575
829.06670802,0.12728830
829.30713214,0.12882284
829.54756590,0.11390044
829.78800931,0.11041966
830.02846236,0.10971956
830.26892505,0.10627676
830.50939738,0.10474854
830.74987934,0.10970937
830.99037093,0.10210865
831.23087215,0.09727189
831.47138299,0.09332631
831.71190346,0.09102323
831.95243355,0.08394387
832.19297325,0.08431889
832.43352257,0.08607747
832.67408150,0.08408871
832.91465003,0.07768809
833.15522818,0.08037271
833.39581592,0.08038191
833.63641327,0.08312953
833.87702022,0.08423779
834.11763676,0.08879777
834.35826289,0.09155024
834.59889861,0.09779980
834.83954392,0.09588419
835.08019881,0.09220120
835.32086328,0.09758715
835.56153733,0.09874383
835.80222095,0.10140154
836.04291415,0.09681110
836.28361692,0.10432986
836.52432926,0.10020791
836.76505116,0.09934379
837.00578262,0.09606840
837.24652364,0.09570360
837.48727421,0.09316241
837.72803434,0.09682608
837.96880402,0.10024177
838.20958325,0.09783181
838.45037202,0.09555379
838.69117033,0.09102643
838.93197819,0.09840082
839.17279558,0.10032783
839.41362250,0.10634866
839.65445896,0.10018209
839.89530494,0.09945369
840.13616045,0.10489640
840.37702548,0.10845538
840.61790003,0.10152395
840.85878410,0.10402244
841.09967768,0.10604828
841.34058078,0.11099351
841.58149338,0.10908341
841.82241549,0.10420390
842.06334710,0.10603402
842.30428821,0.11024108
842.54523883,0.10211213
842.78619893,0.10649119
843.02716853,0.10189754
843.26814762,0.10337352
843.50913619,0.10441120
843.75013425,0.10380437
843.99114179,0.11250062
844.23215881,0.12090522
844.47318530,0.11901344
844.71422127,0.12485421
844.95526670,0.13416642
845.19632161,0.14250865
845.43738597,0.14283356
845.67845980,0.13921993
845.91954309,0.15304013
846.16063584,0.16915016
846.40173803,0.18052505
846.64284968,0.17670567
846.88397078,0.18982885
847.12510132,0.20831401
847.36624130,0.20535957
847.60739073,0.19938489
847.84854959,0.19900700
848.08971788,0.20908678
848.33089561,0.20751198
848.57208276,0.21010900
848.81327934,0.22662676
849.05448534,0.24053187
849.29570076,0.24017395
849.53692560,0.23568115
849.77815986,0.23741439
850.01940353,0.24324437
850.26065660,0.22559772
850.50191908,0.21053690
850.74319097,0.20818037
850.98447225,0.21568316
851.22576294,0.19913214
851.46706301,0.18054494
851.70837248,0.18177869
851.94969135,0.18403040
852.19101959,0.16898511
852.43235722,0.15552276
852.67370424,0.14591982
852.91506063,0.14012909
853.15642640,0.13607507
853.39780154,0.13774937
853.63918605,0.12807233
853.88057992,0.12423883
854.12198317,0.12357150
854.36339577,0.12118224
854.60481773,0.11447687
854.84624905,0.11013368
855.08768973,0.10401669
855.32913975,0.09609234
855.57059912,0.09433379
855.81206784,0.08956918
856.05354590,0.08855251
856.29503330,0.08616194
856.53653004,0.08404839
856.77803611,0.08403201
857.01955151,0.08278334
857.26107624,0.08200229
857.50261030,0.08035676
857.74415367,0.07988173
857.98570637,0.07564447
858.22726839,0.07376498
858.46883972,0.06971676
858.71042037,0.07376528
858.95201032,0.06936986
859.19360958,0.07422621
859.43521814,0.07212889
859.67683601,0.07562552
859.91846317,0.07791151
860.16009963,0.07950468
860.40174538,0.07069182
860.64340042,0.07162811
860.88506474,0.06924154
861.12673835,0.07173358
861.36842125,0.07458031
861.61011342,0.07216959
861.85181487,0.07039163
862.09352559,0.07122689
862.33524558,0.06601788
862.57697484,0.06692851
862.81871336,0.06209232
863.06046114,0.05983447
863.30221819,0.05503082
863.54398449,0.05755172
863.78576004,0.05391925
864.02754485,0.05311828
864.26933890,0.04817670
864.51114220,0.04800998
864.75295474,0.04461638
864.99477653,0.04389830
865.23660755,0.04524978
865.47844780,0.04560344
865.72029728,0.04876889
865.96215600,0.04774232
866.20402394,0.05044474
866.44590110,0.05482825
866.68778748,0.05366311
866.92968308,0.05635274
867.17158790,0.05226686
867.41350193,0.05689120
867.65542516,0.05436197
867.89735761,0.05385923
868.13929926,0.05385861
868.38125011,0.05691631
868.62321015,0.05995738
868.86517940,0.06167728
869.10715783,0.06055829
869.34914546,0.06994628
869.59114227,0.06670710
869.83314827,0.07250082
870.07516344,0.06839953
870.31718780,0.06753183
870.55922133,0.06744305
870.80126404,0.06808798
871.04331592,0.06789734
871.28537696,0.06502678
871.52744717,0.06290793
871.76952655,0.06587838
872.01161508,0.06951149
872.25371277,0.06745323
872.49581961,0.06504242
872.73793560,0.06396100
872.98006075,0.06326603
873.22219503,0.05974188
873.46433846,0.05726941
873.70649103,0.05779937
873.94865274,0.05588570
874.19082358,0.05767021
874.43300356,0.05423677
874.67519266,0.05850713
874.91739089,0.05873105
875.15959824,0.05327278
875.40181471,0.05199161
875.64404031,0.05608452
875.88627501,0.05918066
876.12851883,0.05637526
876.37077176,0.05876655
876.61303379,0.06571492
876.85530493,0.07175750
877.09758517,0.07453382
877.33987451,0.07294449
877.58217294,0.07898158
877.82448047,0.08409166
878.06679709,0.09300568
878.30912279,0.09913467
878.55145758,0.10385121
878.79380145,0.11441054
879.03615440,0.12496143
879.27851643,0.13579938
879.52088753,0.13604969
879.76326770,0.13908221
880.00565694,0.14369976
880.24805524,0.14413925
880.49046260,0.15673158
880.73287903,0.15201172
880.97530451,0.15357152
881.21773905,0.15490533
881.46018264,0.15951070
881.70263527,0.15830420
881.94509695,0.15628512
882.18756768,0.16160561
882.43004744,0.16186452
882.67253625,0.16716984
882.91503409,0.16793874
883.15754095,0.16755433
883.40005685,0.16290480
883.64258178,0.17334697
883.88511573,0.18050949
884.12765869,0.17460175
884.37021068,0.16644878
884.61277168,0.16800402
884.85534170,0.17151630
885.09792072,0.18146970
885.34050876,0.18431906
885.58310579,0.17715938
885.82571183,0.17223775
886.06832686,0.17848984
886.31095090,0.16951682
886.55358392,0.17280173
886.79622594,0.16062615
887.03887694,0.15259787
887.28153693,0.15087952
887.52420589,0.15341963
887.76688384,0.15536610
888.00957077,0.15528640
888.25226667,0.15098423
888.49497154,0.15919925
888.73768537,0.16058787
888.98040818,0.16485378
889.22313994,0.16042970
889.46588067,0.15960465
889.70863035,0.15655940
889.95138899,0.16508526
890.19415657,0.16119500
890.43693311,0.16307674
890.67971859,0.15947657
890.92251302,0.16644453
891.16531639,0.16928085
891.40812869,0.17744742
891.65094993,0.18019400
891.89378010,0.18673640
892.13661920,0.18038376
892.37946723,0.17596861
892.62232418,0.17273514
892.86519005,0.17688976
893.10806484,0.17814506
893.35094854,0.17762960
893.59384116,0.17315163
893.83674269,0.17009867
894.07965312,0.17273298
894.32257246,0.17905878
894.56550070,0.17958162
894.80843784,0.18032665
895.05138388,0.17912334
895.29433881,0.18011412
895.53730263,0.18582313
895.78027533,0.19764701
896.02325692,0.19556804
896.26624740,0.19106327
896.50924675,0.18863868
896.75225498,0.19354532
896.99527208,0.19584504
897.23829806,0.20299161
897.48133290,0.19144998
897.72437661,0.18767167
897.96742918,0.16869144
898.21049061,0.16869048
898.45356090,0.17509847
898.69664005,0.17986182
898.93972804,0.16223203
899.18282488,0.15928630
899.42593057,0.15245806
899.66904511,0.16110190
899.91216848,0.16228490
900.15530069,0.16265227
900.39844174,0.15189217
900.64159162,0.14710341
900.88475033,0.14076074
901.12791786,0.14571865
901.37109422,0.14804222
901.61427940,0.15331395
901.85747340,0.13980424
902.10067621,0.14273510
902.34388784,0.13503324
902.58710827,0.13809130
902.83033752,0.13399316
903.07357557,0.13148536
903.31682242,0.12779373
903.56007807,0.12616193
903.80334251,0.12302165
904.04661575,0.12169590
904.28989778,0.12025783
904.53318860,0.12602189
904.77648820,0.12408496
905.01979659,0.12071534
905.26311375,0.11809297
905.50643969,0.12056421
905.74977441,0.12566193
905.99311789,0.13179825
906.23647015,0.12788432
906.47983117,0.11931204
906.72320095,0.11750366
906.96657950,0.12188989
907.20996680,0.12766371
907.45336285,0.12092469
907.69676766,0.10996590
907.94018122,0.10577928
908.18360352,0.09552873
908.42703457,0.10127274
908.67047435,0.09967276
908.91392288,0.10371883
909.15738014,0.09708466
909.40084613,0.10015526
909.64432085,0.09217977
909.88780430,0.09439731
910.13129648,0.09324349
910.37479737,0.09774759
910.61830699,0.09687259
910.86182531,0.09328911
911.10535236,0.09669638
911.34888811,0.10867250
911.59243257,0.11108951
911.83598573,0.11501146
912.07954760,0.11679385
912.32311816,0.12607577
912.56669743,0.12474856
912.81028538,0.13292623
913.05388203,0.13657663
913.29748736,0.13589072
913.54110138,0.13027288
913.78472408,0.12513757
914.02835547,0.11901683
914.27199552,0.12851177
914.51564426,0.12842356
914.75930166,0.13273424
915.00296774,0.13070209
915.24664247,0.13339136
915.49032588,0.13068513
915.73401794,0.12527697
915.97771866,0.11832186
916.22142803,0.11791199
916.46514606,0.10968361
916.70887274,0.11038645
916.95260806,0.10918121
917.19635202,0.10839732
917.44010463,0.11151319
917.68386588,0.12117530
917.92763576,0.11672691
918.17141427,0.11573160
918.41520141,0.10741994
918.65899718,0.10386526
918.90280158,0.10131554
919.14661459,0.09783755
919.39043623,0.09467586
919.63426648,0.09243089
919.87810534,0.08139428
920.12195281,0.07718533
920.36580890,0.07478436
920.60967358,0.07336248
920.85354687,0.07458127
921.09742876,0.07411714
921.34131924,0.06863179
921.58521832,0.06394220
921.82912599,0.06393383
922.07304225,0.06269666
922.31696709,0.05758041
922.56090052,0.05821254
922.80484252,0.05390164
923.04879310,0.04912458
923.29275226,0.04797200
923.53671999,0.04604356
923.78069629,0.05033007
924.02468115,0.05084773
924.26867458,0.05205926
924.51267656,0.05582573
924.75668711,0.05580732
925.00070621,0.05671021
925.24473386,0.05669031
925.48877006,0.06435663
925.73281481,0.06743586
925.97686810,0.07624728
926.22092994,0.07026237
926.46500031,0.07344589
926.70907921,0.07103349
926.95316665,0.07319588
927.19726262,0.07418064
927.44136712,0.07877209
927.68548014,0.07233720
927.92960168,0.07848020
928.17373175,0.07625199
928.41787032,0.07430425
928.66201741,0.07273560
928.90617302,0.07788386
929.15033713,0.07713323
929.39450974,0.07975192
929.63869086,0.08226974
929.88288047,0.08731553
930.12707859,0.08283183
930.37128520,0.08418796
930.61550029,0.08620281
930.85972388,0.08888930
931.10395595,0.08287143
931.34819651,0.08410772
931.59244554,0.08431995
931.83670306,0.08584269
932.08096904,0.08205864
932.32524350,0.07636251
932.56952643,0.08315106
932.81381782,0.07938314
933.05811768,0.07411419
933.30242600,0.07000084
933.54674278,0.06662189
933.79106801,0.06847084
934.03540169,0.06351962
934.27974382,0.06114679
934.52409440,0.05583274
934.76845343,0.05746627
935.01282089,0.05942814
935.25719680,0.06010593
935.50158114,0.05952209
935.74597391,0.06131396
935.99037511,0.05878266
936.23478474,0.05320393
936.47920279,0.05136307
936.72362927,0.05037371
936.96806417,0.04619065
937.21250748,0.05098922
937.45695920,0.04730509
937.70141934,0.04624922
937.94588788,0.04379831
938.19036483,0.03837083
938.43485019,0.03616472
938.67934394,0.03895929
938.92384608,0.03669684
939.16835663,0.03106230
939.41287556,0.03504427
939.65740288,0.03161711
939.90193859,0.02640693
940.14648268,0.02907017
940.39103515,0.02410376
940.63559600,0.02291629
940.88016523,0.02211352
941.12474282,0.02255951
941.36932879,0.02278855
941.61392312,0.02138603
941.85852581,0.02490219
942.10313687,0.02240485
942.34775628,0.02142298
942.59238405,0.01444256
942.83702017,0.01576487
943.08166464,0.01587348
943.32631746,0.01336232
943.57097862,0.00935764
943.81564813,0.01469532
944.06032597,0.01143235
944.30501215,0.01132446
944.54970666,0.01152434
944.79440950,0.01272834
945.03912067,0.01002804
945.28384016,0.01066430
945.52856798,0.01218439
945.77330412,0.01227167
946.01804857,0.01089985
946.26280133,0.01167256
946.50756241,0.01029639
946.75233179,0.00979471
946.99710948,0.01159609
947.24189548,0.01371501
947.48668977,0.01342095
947.73149236,0.01746919
947.97630324,0.01603842
948.22112242,0.01784097
948.46594988,0.01985965
948.71078563,0.02135955
948.95562966,0.02074934
949.20048198,0.02121289
949.44534257,0.02265869
949.69021144,0.02364283
949.93508857,0.02149030
950.17997398,0.02436234
950.42486766,0.02464741
950.66976959,0.02562284
950.91467979,0.03177388
951.15959825,0.02978680
951.40452496,0.03056011
951.64945993,0.03149953
951.89440314,0.03092597
952.13935461,0.03152170
952.38431431,0.03587845
952.62928226,0.03723464
952.87425845,0.03797504
953.11924287,0.03894581
953.36423553,0.04235617
953.60923642,0.04582886
953.85424553,0.04705390
954.09926287,0.04862013
954.34428843,0.04859699
954.58932222,0.05104601
954.83436421,0.05501317
955.07941443,0.05207632
955.32447285,0.05429416
955.56953948,0.05440754
955.81461432,0.05133044
956.05969736,0.05926244
956.30478860,0.05678449
956.54988803,0.05545260
956.79499567,0.06075213
957.04011149,0.06038238
957.28523550,0.05884191
957.53036770,0.05909607
957.77550808,0.06554828
958.02065664,0.06544590
958.26581338,0.06885716
958.51097830,0.06754036
958.75615139,0.06647037
959.00133264,0.06840411
959.24652207,0.07128214
959.49171965,0.07353627
959.73692540,0.07887196
959.98213931,0.08297487
960.22736137,0.08015020
960.47259159,0.07780610
960.71782995,0.07908327
960.96307647,0.08086289
961.20833112,0.07818357
961.45359392,0.07697240
961.69886486,0.07083059
961.94414394,0.07022351
962.18943115,0.06904839
962.43472648,0.07046746
962.68002995,0.07037165
962.92534154,0.07116577
963.17066126,0.06996479
963.41598909,0.07091018
963.66132504,0.07059603
963.90666911,0.07099463
964.15202128,0.06751358
964.39738157,0.07357847
964.64274996,0.06996938
964.88812645,0.07573553
965.13351104,0.07352942
965.37890374,0.08082170
965.62430452,0.08297955
965.86971340,0.08278942
966.11513036,0.08124550
966.36055542,0.07623334
966.60598855,0.07089442
966.85142977,0.06730623
967.09687907,0.06162923
967.34233644,0.05814999
967.58780188,0.05304158
967.83327539,0.05483839
968.07875697,0.04724239
968.32424661,0.05265183
968.56974432,0.04937576
968.81525008,0.05140145
969.06076390,0.05144356
969.30628577,0.04956200
969.55181570,0.04870772
969.79735367,0.04470830
970.04289968,0.04247295
970.28845374,0.04201913
970.53401583,0.04390583
970.77958597,0.03653848
971.02516413,0.03528868
971.27075033,0.03407315
971.51634455,0.03237545
971.76194680,0.03008312
972.00755708,0.03290371
972.25317537,0.03064700
972.49880168,0.03081720
972.74443600,0.03177464
972.99007834,0.03049691
973.23572868,0.02881905
973.48138703,0.02903202
973.72705338,0.02636546
973.97272774,0.02389888
974.21841009,0.02172183
974.46410043,0.02593434
974.70979877,0.02622258
974.95550510,0.02412349
975.20121941,0.02572157
975.44694171,0.02412999
975.69267199,0.02489956
975.93841024,0.02464957
976.18415647,0.02207994
976.42991068,0.01700999
976.67567285,0.02196612
976.92144299,0.01907590
977.16722110,0.01894666
977.41300717,0.01816398
977.65880119,0.01999997
977.90460317,0.01829809
978.15041311,0.01707545
978.39623099,0.01786951
978.64205683,0.02042031
978.88789061,0.01619123
979.13373233,0.01619029
979.37958199,0.01643564
979.62543958,0.01711977
979.87130511,0.01828111
980.11717857,0.01591785
980.36305996,0.01859584
980.60894928,0.01869882
980.85484651,0.01905509
981.10075167,0.01880798
981.34666475,0.01886989
981.59258573,0.01740394
981.83851463,0.01855186
982.08445144,0.01593878
982.33039616,0.01516047
982.57634878,0.01450512
982.82230930,0.01657992
983.06827771,0.01371674
983.31425403,0.01292269
983.56023823,0.01151281
983.80623032,0.01204628
984.05223031,0.01462808
984.29823817,0.00760063
984.54425391,0.01222767
984.79027754,0.01297353
985.03630904,0.01134603
985.28234841,0.01333436
985.52839565,0.01284063
985.77445076,0.01289641
986.02051374,0.01168905
986.26658457,0.00880822
986.51266327,0.00991208
986.75874982,0.00896335
987.00484422,0.01080241
987.25094647,0.00626842
987.49705658,0.01032366
987.74317452,0.00858482
987.98930031,0.00761713
988.23543394,0.01070044
988.48157541,0.00945714
988.72772471,0.00912884
988.97388184,0.01108307
989.22004680,0.00732008
989.46621959,0.01034417
989.71240020,0.00889507
989.95858862,0.01066040
990.20478487,0.01257760
990.45098893,0.00622845
990.69720080,0.00935803
990.94342048,0.01103402
991.18964797,0.01190840
991.43588326,0.00881387
991.68212635,0.00929419
991.92837724,0.01120389
992.17463593,0.00753969
992.42090240,0.00925445
992.66717667,0.00906289
992.91345872,0.01406858
993.15974856,0.01033583
993.40604618,0.01021708
993.65235158,0.01063191
993.89866475,0.01157641
994.14498570,0.01063523
994.39131441,0.00994359
994.63765090,0.01440816
994.88399515,0.00935580
995.13034716,0.01047007
995.37670693,0.01147515
995.62307445,0.01429918
995.86944973,0.01194631
996.11583276,0.01037944
996.36222354,0.01233248
996.60862206,0.00870942
996.85502833,0.01296208
997.10144233,0.01120073
997.34786408,0.01301847
997.59429355,0.01338108
997.84073076,0.01222938
998.08717570,0.01115032
998.33362836,0.01272965
998.58008875,0.01050431
998.82655685,0.01053087
999.07303267,0.01203358
999.31951621,0.00917314
999.56600746,0.00952140
999.81250642,0.01097055
1000.05901309,0.00623421
1000.30552746,0.00791292
1000.55204953,0.00901852
1000.79857929,0.00829392
1001.04511676,0.00716338
1001.29166191,0.00932365
1001.53821476,0.00689995
1001.78477529,0.00793553
1002.03134351,0.00496007
1002.27791941,0.00644884
1002.52450299,0.00661885
1002.77109424,0.00713680
1003.01769317,0.00499843
1003.26429976,0.00621685
1003.51091403,0.00587836
1003.75753596,0.00795515
1004.00416555,0.00824429
1004.25080280,0.00804670
1004.49744771,0.00764295
1004.74410027,0.00822115
1004.99076048,0.01002389
1005.23742834,0.00993743
1005.48410384,0.00829567
1005.73078699,0.00692443
1005.97747778,0.00873113
1006.22417620,0.00539978
1006.47088226,0.00418363
1006.71759595,0.00569482
1006.96431727,0.00716476
1007.21104622,0.00715930
1007.45778279,0.00756207
1007.70452698,0.00790762
1007.95127879,0.00628001
1008.19803821,0.00757740
1008.44480524,0.00686943
1008.69157988,0.00747679
1008.93836213,0.00833637
1009.18515199,0.00876540
1009.43194944,0.00590079
1009.67875450,0.00883529
1009.92556715,0.00956137
1010.17238739,0.00935918
1010.41921522,0.00982055
1010.66605064,0.00845809
1010.91289364,0.00778664
1011.15974422,0.00713200
1011.40660239,0.01088238
1011.65346813,0.01184663
1011.90034144,0.01087388
1012.14722232,0.01325378
1012.39411078,0.01123812
1012.64100679,0.01132683
1012.88791037,0.01473932
1013.13482151,0.01190960
1013.38174020,0.01228990
1013.62866645,0.01422506
1013.87560025,0.01346991
1014.12254160,0.01576716
1014.36949049,0.01434664
1014.61644693,0.01705667
1014.86341091,0.01673332
1015.11038242,0.01911990
1015.35736147,0.01835016
1015.60434805,0.01696415
1015.85134216,0.01761180
1016.09834379,0.01685384
1016.34535295,0.01844734
1016.59236963,0.01357381
1016.83939383,0.01798841
1017.08642554,0.01428503
1017.33346476,0.01277358
1017.58051150,0.01581169
1017.82756574,0.01456975
1018.07462748,0.01633008
1018.32169673,0.01240093
1018.56877347,0.01392242
1018.81585771,0.01678110
1019.06294945,0.01526884
1019.31004867,0.01391961
1019.55715538,0.01642967
1019.80426957,0.01036939
1020.05139125,0.01404051
1020.29852041,0.01319895
1020.54565704,0.01289567
1020.79280114,0.01618740
1021.03995272,0.01421265
1021.28711177,0.01334423
1021.53427828,0.01549608
1021.78145225,0.01495536
1022.02863368,0.01423909
1022.27582257,0.01461207
1022.52301891,0.01341038
1022.77022270,0.01422395
1023.01743395,0.01363531
1023.26465263,0.01589598
1023.51187876,0.01238797
1023.75911234,0.01597665
1024.00635335,0.01375689
1024.25360179,0.01547425
1024.50085766,0.01513852
1024.74812097,0.01824160
1024.99539170,0.01455239
1025.24266985,0.01499613
1025.48995543,0.01438255
1025.73724842,0.01421761
1025.98454883,0.01378314
1026.23185665,0.01362772
1026.47917188,0.01186933
1026.72649452,0.01472300
1026.97382456,0.01210701
1027.22116200,0.01308264
1027.46850685,0.01044695
1027.71585908,0.00854151
1027.96321872,0.01145257
1028.21058574,0.00629439
1028.45796014,-0.00053799
1028.70534194,-0.00122860
1028.95273111,0.00030000
1029.20012767,-0.00233810
1029.44753160,0.00006861
1029.69494290,-0.00179419
