198.80933475,0.00614517
199.01143578,0.00523605
199.21355429,0.00281862
199.41569028,0.00250869
199.61784374,0.00157891
199.82001468,0.00197148
200.02220309,0.00420296
200.22440896,0.00168222
200.42663230,0.00193016
200.62887310,0.00312855
200.83113136,0.00343847
201.03340708,0.00110369
201.23570025,0.00267399
201.43801087,0.00362443
201.64033894,0.00608319
201.84268445,0.00449223
202.04504741,0.00414098
202.24742780,0.00257068
202.44982564,0.00250869
202.65224090,-0.00207824
202.85467360,0.00500877
203.05712372,0.00215744
203.25959128,0.00004993
203.46207625,0.00350046
203.66457864,0.00242604
203.86709846,0.00316987
204.06963568,0.00403767
204.27219032,0.00277729
204.47476237,0.00269465
204.67735182,0.00137229
204.87995868,0.01019489
205.08258293,0.00529804
205.28522459,0.00418230
205.48788364,0.00178553
205.69056008,0.00360377
205.89325391,0.00738488
206.09596513,0.00381039
206.29869374,0.00796341
206.50143972,0.00610385
206.70420308,0.00261200
206.90698382,0.00170288
207.10978194,0.00226075
207.31259742,0.00604186
207.51543027,0.00033920
207.71828048,0.00246737
207.92114806,0.00226075
208.12403299,0.00804606
208.32693528,0.00294259
208.52985493,0.00300457
208.73279193,-0.00156169
208.93574627,0.00918246
209.13871796,0.00372774
209.34170699,0.00294259
209.54471336,0.00087641
209.74773707,0.00511208
209.95077811,0.00213678
210.15383649,0.00133097
210.35691219,0.00476083
210.56000522,0.00498811
210.76311557,-0.00061125
210.96624324,0.00569061
211.16938823,0.00060780
211.37255053,0.00164089
211.57573015,0.00087641
211.77892707,0.00436826
211.98214130,0.00122766
212.18537284,0.00271531
212.38862167,0.00120700
212.59188781,0.00199215
212.79517124,0.00097972
212.99847196,0.00081442
213.20178997,0.00418230
213.40512527,0.00498811
213.60847785,0.00077310
213.81184772,0.00042185
214.01523486,-0.00063191
214.21863928,0.00527738
214.42206097,0.00500877
214.62549993,0.00331450
214.82895616,0.00207479
215.03242966,0.00478149
215.23592042,0.00110369
215.43942843,0.00176486
215.64295370,0.00228141
215.84649623,0.00562863
216.05005601,0.00759150
216.25363303,0.00255001
216.45722731,0.00228141
216.66083882,0.00060780
216.86446757,0.00236406
217.06811356,0.00077310
217.27177679,0.00612451
217.47545724,0.00329384
217.67915493,0.00145494
217.88286984,0.00257068
218.08660198,0.00436826
218.29035133,0.00659973
218.49411790,0.00635179
218.69790169,0.00250869
218.90170269,0.00269465
219.10552090,0.00635179
219.30935632,0.00552532
219.51320894,0.00184751
219.71707876,0.00221943
219.92096578,0.00480215
220.12486999,0.00159957
220.32879140,0.00569061
220.53272999,-0.00054926
220.73668578,0.00463686
220.94065875,0.00486414
221.14464890,0.00246737
221.34865623,0.00236406
221.55268073,-0.00032198
221.75672241,0.00015324
221.96078126,0.00159957
222.16485728,-0.00162368
222.36895046,0.00131030
222.57306080,0.00302524
222.77718831,0.00248803
222.98133297,0.00002927
223.18549478,0.00664106
223.38967375,0.00013258
223.59386986,0.00048383
223.79808312,0.00102104
224.00231352,0.00337649
224.20656106,0.00224009
224.41082574,0.00376906
224.61510756,0.00905849
224.81940650,-0.00046661
225.02372258,0.00004993
225.22805578,0.00199215
225.43240610,-0.00083853
225.63677355,0.00350046
225.84115811,-0.00054926
226.04555979,0.00252935
226.24997858,-0.00102448
226.45441448,0.00232273
226.65886748,0.00521539
226.86333759,0.00093839
227.06782480,0.00153758
227.27232911,0.00372774
227.47685052,0.00108302
227.68138902,0.00378972
227.88594461,0.00038052
228.09051728,0.00323186
228.29510704,0.00257068
228.49971389,0.00682701
228.70433781,0.00525671
228.90897881,0.00494679
229.11363688,0.00143428
229.31831202,0.00275663
229.52300423,0.00502943
229.72771350,0.00306656
229.93243984,0.00064913
230.13718324,0.00124832
230.34194369,0.00176486
230.54672120,0.00719893
230.75151576,0.00265332
230.95632737,0.00591789
231.16115602,0.00178553
231.36600172,-0.00100382
231.57086446,-0.00034264
231.77574423,0.00329384
231.98064104,-0.00193360
232.18555488,0.00085574
232.39048575,0.00486414
232.59543365,0.00114501
232.80039857,-0.00067323
233.00538051,0.00358311
233.21037947,0.00333516
233.41539544,0.01678602
233.62042843,0.00219876
233.82547842,0.00100038
234.03054543,0.00647576
234.23562943,0.00240538
234.44073044,0.00230207
234.64584845,0.00424428
234.85098345,0.00178553
235.05613545,0.00350046
235.26130444,0.00370708
235.46649041,0.00104170
235.67169337,0.00662040
235.87691331,0.00736422
236.08215023,0.00062846
236.28740413,0.00480215
236.49267500,0.00157891
236.69796284,0.00023589
236.90326765,0.00490546
237.10858942,0.00252935
237.31392816,0.00453355
237.51928386,0.00331450
237.72465651,0.00066979
237.93004612,0.00149626
238.13545268,0.00281862
238.34087619,0.00502943
238.54631664,0.00097972
238.75177404,0.00255001
238.95724838,0.00031854
239.16273965,0.00294259
239.36824786,0.00556664
239.57377300,0.00288060
239.77931508,0.00463686
239.98487407,0.00184751
240.19045000,0.00542201
240.39604284,0.00459554
240.60165260,-0.00090051
240.80727928,0.00149626
241.01292287,0.00496745
241.21858337,0.00412031
241.42426077,0.00211612
241.62995508,0.00490546
241.83566630,-0.00079720
242.04139441,0.00399634
242.24713941,0.00385171
242.45290131,0.00162023
242.65868010,0.00424428
242.86447578,0.00085574
243.07028835,0.00474017
243.27611779,0.00624848
243.48196412,0.00409965
243.68782732,0.00205413
243.89370739,0.00178553
244.09960434,0.00110369
244.30551816,0.00566995
244.51144884,0.00300457
244.71739638,0.00228141
244.92336078,0.00186817
245.12934204,0.00252935
245.33534016,0.00151692
245.54135512,-0.00019801
245.74738694,0.00162023
245.95343560,0.00110369
246.15950110,0.00486414
246.36558345,0.00285994
246.57168263,0.00238472
246.77779865,0.00302524
246.98393150,0.00399634
247.19008118,0.00242604
247.39624769,0.00585591
247.60243102,0.00302524
247.80863117,0.00525671
248.01484814,0.00308722
248.22108192,0.00327318
248.42733252,-0.00077654
248.63359993,0.00089707
248.83988415,-0.00135507
249.04618517,0.00595922
249.25250299,0.00126898
249.45883761,0.00042185
249.66518903,0.00141361
249.87155724,0.00015324
250.07794224,0.00356244
250.28434403,0.00217810
250.49076260,0.00761216
250.69719796,0.00038052
250.90365009,-0.00046661
251.11011901,0.00060780
251.31660469,0.00447157
251.52310715,0.00184751
251.72962638,0.00449223
251.93616237,0.00279796
252.14271513,0.00395502
252.34928464,-0.00032198
252.55587091,0.00100038
252.76247394,0.00376906
252.96909372,0.00265332
253.17573025,0.00110369
253.38238352,0.00306656
253.58905354,0.00279796
253.79574030,0.00240538
254.00244380,0.00407899
254.20916403,0.00798408
254.41590099,0.00376906
254.62265469,0.00281862
254.82942511,0.00172354
255.03621225,0.00081442
255.24301612,0.00265332
255.44983670,0.00213678
255.65667400,0.00288060
255.86352802,0.00201281
256.07039874,-0.00025999
256.27728617,0.00116567
256.48419031,0.00428561
256.69111115,0.00232273
256.89804868,0.00176486
257.10500292,0.00131030
257.31197384,0.00310788
257.51896146,0.00732290
257.72596577,-0.00048727
257.93298676,0.00360377
258.14002443,0.00445090
258.34707878,0.00230207
258.55414981,0.00236406
258.76123752,0.00062846
258.96834190,0.00618650
259.17546294,-0.00152037
259.38260065,-0.00028066
259.58975502,-0.00052860
259.79692606,0.00455421
260.00411375,0.00333516
260.21131810,-0.00154103
260.41853909,0.00294259
260.62577674,0.00323186
260.83303103,0.00385171
261.04030197,-0.00152037
261.24758955,0.00009126
261.45489377,0.00093839
261.66221462,0.00325252
261.86955210,0.00248803
262.07690622,0.00242604
262.28427696,-0.00017735
262.49166433,-0.00207824
262.69906831,0.00536002
262.90648892,0.00064913
263.11392614,0.00230207
263.32137998,0.00505010
263.52885042,0.00292193
263.73633747,0.00612451
263.94384113,-0.00061125
264.15136139,0.00389303
264.35889825,0.00699231
264.56645171,0.00418230
264.77402176,0.00182685
264.98160840,0.00155825
265.18921163,0.00009126
265.39683144,-0.00098316
265.60446784,0.00618650
265.81212081,0.00133097
266.01979037,0.00228141
266.22747650,0.00112435
266.43517920,0.00232273
266.64289847,-0.00054926
266.85063430,0.00035986
267.05838670,0.00023589
267.26615566,0.00257068
267.47394117,-0.00139640
267.68174324,-0.00046661
267.88956187,0.00474017
268.09739704,0.00234340
268.30524876,0.00385171
268.51311702,0.00724025
268.72100183,-0.00152037
268.92890317,0.00017390
269.13682105,-0.00044595
269.34475546,-0.00203691
269.55270640,0.00199215
269.76067387,0.00126898
269.96865786,-0.00025999
270.17665838,0.00081442
270.38467541,0.00199215
270.59270896,0.00226075
270.80075902,0.00019457
271.00882560,0.00257068
271.21690868,0.00133097
271.42500826,0.00277729
271.63312435,0.00215744
271.84125694,0.00137229
272.04940602,0.00790143
272.25757160,0.00252935
272.46575367,0.00350046
272.67395223,0.00157891
272.88216727,0.00089707
273.09039880,0.00680635
273.29864681,0.00097972
273.50691129,0.00412031
273.71519225,0.00226075
273.92348968,0.00244671
274.13180358,0.00232273
274.34013395,-0.00015669
274.54848077,0.00261200
274.75684406,0.00416164
274.96522381,0.00159957
275.17362001,-0.00149970
275.38203267,0.00492613
275.59046177,0.00314921
275.79890732,0.00271531
276.00736932,0.00414098
276.21584776,-0.00013602
276.42434263,0.00188884
276.63285394,-0.00267743
276.84138169,-0.00061125
277.04992586,0.00259134
277.25848646,0.00114501
277.46706349,0.00108302
277.67565694,-0.00129309
277.88426680,0.00062846
278.09289309,0.00027721
278.30153578,0.00021523
278.51019489,0.00306656
278.71887041,0.00255001
278.92756233,0.00445090
279.13627065,0.00360377
279.34499537,0.00190950
279.55373649,0.00292193
279.76249401,0.00955438
279.97126791,0.00215744
280.18005820,0.00042185
280.38886488,0.00304590
280.59768795,-0.00038397
280.80652739,0.00184751
281.01538321,0.00002927
281.22425540,0.00219876
281.43314397,0.00440958
281.64204891,0.00013258
281.85097021,0.00263266
282.05990788,0.00091773
282.26886190,0.00182685
282.47783229,-0.00116912
282.68681903,0.00395502
282.89582212,-0.00009470
283.10484156,0.00221943
283.31387735,0.00081442
283.52292949,0.00242604
283.73199796,0.00234340
283.94108277,0.00178553
284.15018392,-0.00025999
284.35930141,0.00188884
284.56843522,0.00310788
284.77758536,0.00418230
284.98675183,0.00190950
285.19593461,0.00703363
285.40513372,0.00381039
285.61434914,0.00447157
285.82358088,-0.00269809
286.03282893,0.00048383
286.24209328,0.00409965
286.45137395,-0.00075588
286.66067091,0.00277729
286.86998417,0.00246737
287.07931373,0.00209545
287.28865959,0.00476083
287.49802174,0.00133097
287.70740017,0.00151692
287.91679489,0.00199215
288.12620590,0.00110369
288.33563318,-0.00170632
288.54507675,0.00457487
288.75453658,0.00093839
288.96401269,0.00071111
289.17350507,0.00230207
289.38301372,0.00378972
289.59253863,0.00207479
289.80207980,0.00571127
290.01163723,0.00279796
290.22121091,0.00292193
290.43080085,0.00459554
290.64040703,0.00170288
290.85002947,0.00325252
291.05966815,0.00459554
291.26932307,0.00401700
291.47899422,0.00108302
291.68868162,0.00494679
291.89838525,0.00157891
292.10810511,0.00600054
292.31784119,0.00190950
292.52759350,-0.00009470
292.73736204,0.00186817
292.94714679,0.00350046
293.15694776,0.00050449
293.36676494,0.00002927
293.57659834,0.00211612
293.78644794,-0.00038397
293.99631375,-0.00001205
294.20619576,0.00389303
294.41609397,0.00732290
294.62600838,0.00135163
294.83593898,0.00372774
295.04588578,-0.00125176
295.25584876,-0.00121044
295.46582793,-0.00001205
295.67582328,0.00244671
295.88583481,-0.00011536
296.09586253,0.00089707
296.30590641,0.00463686
296.51596647,0.00104170
296.72604270,-0.00017735
296.93613509,0.00471951
297.14624365,-0.00352456
297.35636837,0.00050449
297.56650925,0.00193016
297.77666629,0.00035986
297.98683947,0.00035986
298.19702881,0.00316987
298.40723429,0.00300457
298.61745592,0.00128964
298.82769369,0.00610385
299.03794760,0.00686834
299.24821765,0.00031854
299.45850383,0.00418230
299.66880614,0.00122766
299.87912458,-0.00036330
300.08945914,-0.00083853
300.29980983,0.00354178
300.51017663,0.00296325
300.72055955,0.00616584
300.93095859,0.00283928
301.14137374,0.00019457
301.35180499,-0.00073522
301.56225235,0.00159957
301.77271582,-0.00114845
301.98319538,0.01052548
302.19369105,-0.00271875
302.40420280,-0.00013602
302.61473065,0.00496745
302.82527459,0.00312855
303.03583461,-0.00096250
303.24641072,0.00038052
303.45700291,0.00372774
303.66761117,0.00170288
303.87823552,0.00457487
304.08887593,0.00172354
304.29953241,-0.00069389
304.51020496,-0.00061125
304.72089358,0.00544267
304.93159825,0.00269465
305.14231899,-0.00257412
305.35305578,0.00474017
305.56380862,0.00337649
305.77457752,0.00275663
305.98536246,-0.00001205
306.19616344,0.00257068
306.40698047,0.00389303
306.61781354,0.00166156
306.82866264,0.00302524
307.03952778,0.00321119
307.25040895,0.00283928
307.46130614,0.00172354
307.67221937,0.00066979
307.88314861,0.00019457
308.09409387,0.00521539
308.30505515,0.00193016
308.51603245,0.00428561
308.72702576,0.00048383
308.93803507,-0.00040463
309.14906039,0.00120700
309.36010172,0.00281862
309.57115904,0.00381039
309.78223236,0.00372774
309.99332168,0.00236406
310.20442699,0.00403767
310.41554829,0.00058714
310.62668557,-0.00139640
310.83783884,0.00159957
311.04900809,-0.00366920
311.26019332,0.00186817
311.47139452,-0.00046661
311.68261169,0.00393436
311.89384484,0.00246737
312.10509395,0.00337649
312.31635903,0.00277729
312.52764007,0.00062846
312.73893706,-0.00015669
312.95025002,0.00046317
313.16157892,-0.00116912
313.37292378,0.00476083
313.58428458,0.00172354
313.79566133,0.00058714
314.00705402,0.00215744
314.21846266,0.00153758
314.42988722,0.00011192
314.64132772,0.00300457
314.85278416,0.00042185
315.06425652,0.00670304
315.27574480,0.00007059
315.48724901,0.00232273
315.69876914,-0.00112779
315.91030518,0.00310788
316.12185715,-0.00114845
316.33342502,0.00203347
316.54500880,0.00414098
316.75660848,0.00465752
316.96822407,0.00157891
317.17985556,0.00124832
317.39150295,0.00250869
317.60316624,0.00244671
317.81484541,0.00244671
318.02654048,0.00155825
318.23825143,0.00366575
318.44997826,0.00310788
318.66172098,0.00269465
318.87347957,0.00777746
319.08525404,0.00170288
319.29704439,0.00252935
319.50885060,0.00238472
319.72067268,0.00335583
319.93251063,0.00116567
320.14436443,-0.00019801
320.35623410,0.00633113
320.56811962,0.00548399
320.78002100,-0.00028066
320.99193822,-0.00143772
321.20387130,-0.00003271
321.41582021,0.00162023
321.62778498,0.00527738
321.83976558,0.00333516
322.05176201,0.00263266
322.26377428,0.00110369
322.47580239,0.00633113
322.68784632,0.00432693
322.89990607,0.00242604
323.11198165,-0.00005338
323.32407305,0.00145494
323.53618027,0.00182685
323.74830330,0.00133097
323.96044215,0.00288060
324.17259680,0.00502943
324.38476726,0.00445090
324.59695352,-0.00133441
324.80915558,0.00211612
325.02137344,0.00011192
325.23360710,0.00097972
325.44585655,0.00389303
325.65812178,0.00366575
325.87040281,-0.00216088
326.08269962,0.00269465
326.29501221,0.00046317
326.50734058,0.00496745
326.71968472,0.00087641
326.93204464,0.00662040
327.14442032,0.00496745
327.35681178,0.00385171
327.56921900,-0.00003271
327.78164198,0.00255001
327.99408072,0.00046317
328.20653522,0.00135163
328.41900547,-0.00011536
328.63149147,0.00339715
328.84399322,0.00007059
329.05651071,0.00201281
329.26904395,-0.00054926
329.48159293,0.00350046
329.69415764,-0.00067323
329.90673809,0.00224009
330.11933427,0.00046317
330.33194617,0.00387237
330.54457381,0.00339715
330.75721716,-0.00211956
330.96987624,0.00044251
331.18255104,0.00434759
331.39524154,0.00521539
331.60794777,0.00095905
331.82066970,-0.00019801
332.03340733,0.00104170
332.24616067,0.00542201
332.45892971,0.00283928
332.67171445,0.00252935
332.88451489,0.00366575
333.09733102,0.00131030
333.31016283,0.00120700
333.52301034,-0.00125176
333.73587352,0.00000861
333.94875239,-0.00172698
334.16164694,0.00066979
334.37455717,-0.00197493
334.58748306,0.00347980
334.80042463,0.00469885
335.01338187,0.00013258
335.22635477,0.00376906
335.43934333,0.00135163
335.65234755,0.00387237
335.86536743,0.00440958
336.07840296,0.00071111
336.29145415,-0.00046661
336.50452098,0.00217810
336.71760345,0.00277729
336.93070157,0.00230207
337.14381533,0.00193016
337.35694473,-0.00036330
337.57008976,0.00490546
337.78325042,0.00252935
337.99642671,0.00009126
338.20961863,0.00195082
338.42282617,0.00155825
338.63604933,-0.00104514
338.84928810,0.00221943
339.06254250,0.00265332
339.27581250,0.00333516
339.48909812,-0.00007404
339.70239934,0.00409965
339.91571616,0.00149626
340.12904859,0.00164089
340.34239661,-0.00201625
340.55576023,0.00403767
340.76913945,0.00376906
340.98253425,0.00087641
341.19594464,0.00316987
341.40937061,0.00135163
341.62281217,0.00341781
341.83626930,0.00757084
342.04974201,0.00207479
342.26323030,-0.00160301
342.47673415,0.00356244
342.69025357,0.00566995
342.90378856,0.00029787
343.11733911,0.00453355
343.33090522,0.00157891
343.54448688,0.00277729
343.75808410,0.00027721
343.97169687,0.00337649
344.18532519,0.00031854
344.39896906,0.00285994
344.61262847,-0.00032198
344.82630341,0.00378972
345.03999390,0.00434759
345.25369992,0.00507076
345.46742147,0.00798408
345.68115855,0.00250869
345.89491115,0.00178553
346.10867928,0.00104170
346.32246293,0.00186817
346.53626210,-0.00265677
346.75007679,0.00011192
346.96390698,0.00457487
347.17775269,0.00277729
347.39161390,0.00029787
347.60549061,0.00236406
347.81938283,0.00201281
348.03329055,0.00337649
348.24721376,0.00323186
348.46115246,0.00190950
348.67510665,-0.00251213
348.88907634,0.00139295
349.10306150,-0.00102448
349.31706215,0.00058714
349.53107828,0.00312855
349.74510988,0.00209545
349.95915696,0.00436826
350.17321950,0.00463686
350.38729752,0.00443024
350.60139100,0.00069045
350.81549994,0.00052515
351.02962435,-0.00050794
351.24376421,0.00335583
351.45791952,0.00054582
351.67209028,0.00182685
351.88627650,-0.00092117
352.10047816,0.00193016
352.31469526,0.00285994
352.52892780,0.00397568
352.74317578,0.00370708
352.95743919,0.00035986
353.17171804,0.00176486
353.38601232,0.00647576
353.60032202,0.00000861
353.81464714,0.00546333
354.02898769,-0.00040463
354.24334365,-0.00077654
354.45771503,-0.00185096
354.67210182,0.00362443
354.88650403,0.00459554
355.10092164,0.00490546
355.31535465,0.00095905
355.52980306,0.00932710
355.74426687,0.00288060
355.95874608,0.00356244
356.17324069,0.00335583
356.38775068,-0.00007404
356.60227606,0.00259134
356.81681682,-0.00174765
357.03137297,-0.00164434
357.24594449,0.00292193
357.46053139,0.00579392
357.67513367,0.00457487
357.88975132,0.00170288
358.10438433,0.00038052
358.31903271,0.00164089
358.53369645,0.00347980
358.74837556,-0.00344192
358.96307002,0.00502943
359.17777983,-0.00261544
359.39250499,0.00217810
359.60724551,0.00188884
359.82200137,0.00176486
360.03677257,0.00104170
360.25155911,-0.00005338
360.46636100,0.00097972
360.68117821,-0.00251213
360.89601076,-0.00056992
361.11085864,0.00461620
361.32572184,-0.00311133
361.54060037,0.00170288
361.75549422,0.00213678
361.97040338,0.00544267
362.18532786,0.00323186
362.40026766,0.00089707
362.61522276,0.00246737
362.83019318,0.00498811
363.04517889,0.00054582
363.26017991,0.00207479
363.47519623,0.00106236
363.69022784,0.00443024
363.90527474,0.00021523
364.12033694,0.00440958
364.33541442,-0.00075588
364.55050719,-0.00003271
364.76561524,-0.00203691
364.98073857,0.00120700
365.19587718,-0.00129309
365.41103106,0.00242604
365.62620021,-0.00094184
365.84138463,0.00141361
366.05658432,0.00151692
366.27179927,0.00432693
366.48702948,0.00162023
366.70227494,0.00178553
366.91753566,0.00213678
367.13281163,0.00110369
367.34810285,-0.00160301
367.56340932,0.00205413
367.77873103,0.00319053
367.99406798,0.00240538
368.20942017,0.00106236
368.42478759,0.00104170
368.64017025,-0.00003271
368.85556813,0.00457487
369.07098125,0.00155825
369.28640958,0.00178553
369.50185314,0.00197148
369.71731191,0.00106236
369.93278590,-0.00360721
370.14827511,0.00275663
370.36377952,-0.00050794
370.57929914,0.00027721
370.79483397,0.00459554
371.01038400,-0.00019801
371.22594922,0.00114501
371.44152965,0.00162023
371.65712526,0.00298391
371.87273607,-0.00143772
372.08836206,0.00329384
372.30400324,0.00571127
372.51965960,-0.00025999
372.73533114,0.00298391
372.95101786,-0.00098316
373.16671976,0.00331450
373.38243682,0.00476083
373.59816905,0.00164089
373.81391645,-0.00108647
374.02967901,0.00131030
374.24545673,0.00170288
374.46124961,-0.00098316
374.67705764,0.00120700
374.89288082,0.00021523
375.10871916,0.00085574
375.32457264,0.00257068
375.54044126,0.00035986
375.75632503,0.00463686
375.97222393,0.00153758
376.18813797,-0.00125176
376.40406713,0.00019457
376.62001143,0.00193016
376.83597086,-0.00168566
377.05194541,0.00009126
377.26793508,0.00207479
377.48393987,0.00350046
377.69995978,0.00259134
377.91599480,0.00058714
378.13204493,0.00122766
378.34811016,0.00275663
378.56419050,0.00426495
378.78028595,0.00352112
378.99639649,0.00097972
379.21252213,0.00168222
379.42866286,0.00246737
379.64481868,-0.00034264
379.86098960,0.00544267
380.07717559,0.00178553
380.29337667,0.00071111
380.50959283,0.00100038
380.72582407,0.00335583
380.94207038,0.00300457
381.15833176,0.00153758
381.37460821,0.00126898
381.59089972,0.00118633
381.80720630,0.00401700
382.02352794,0.00120700
382.23986464,0.00066979
382.45621639,0.00397568
382.67258319,0.00159957
382.88896505,0.00226075
383.10536195,0.00376906
383.32177389,0.00093839
383.53820087,0.00116567
383.75464289,0.00077310
383.97109995,0.00308722
384.18757204,-0.00021867
384.40405916,0.00151692
384.62056131,-0.00309067
384.83707848,0.00230207
385.05361067,0.00234340
385.27015788,0.00199215
385.48672011,0.00476083
385.70329735,0.00457487
385.91988960,0.00321119
386.13649686,0.00050449
386.35311912,0.00252935
386.56975639,0.00102104
386.78640865,0.00087641
387.00307592,0.00054582
387.21975817,-0.00185096
387.43645542,0.00219876
387.65316765,0.00110369
387.86989487,0.00151692
388.08663707,0.00002927
388.30339426,0.00073177
388.52016641,0.00248803
388.73695355,0.00308722
388.95375565,0.00478149
389.17057273,-0.00135507
389.38740477,0.00591789
389.60425177,0.00440958
389.82111374,-0.00135507
390.03799066,0.00509142
390.25488253,0.00168222
390.47178936,0.00095905
390.68871114,0.00252935
390.90564787,0.00064913
391.12259954,0.00046317
391.33956614,0.00172354
391.55654769,0.00131030
391.77354418,0.00248803
391.99055559,0.00255001
392.20758194,0.00153758
392.42462321,0.00327318
392.64167941,0.00242604
392.85875053,0.00434759
393.07583657,0.00038052
393.29293752,0.00440958
393.51005339,0.00533936
393.72718417,0.00283928
393.94432986,0.00401700
394.16149045,0.00162023
394.37866594,0.00153758
394.59585634,0.00391370
394.81306163,0.00339715
395.03028181,0.00374840
395.24751689,0.00759150
395.46476685,0.00182685
395.68203170,0.00316987
395.89931143,0.00538069
396.11660604,0.00356244
396.33391553,0.00385171
396.55123990,0.00255001
396.76857913,0.00157891
396.98593324,0.00474017
397.20330221,-0.00067323
397.42068604,0.00420296
397.63808474,-0.00114845
397.85549829,0.00589723
398.07292670,0.00476083
398.29036996,0.00447157
398.50782807,0.00517407
398.72530103,0.00732290
398.94278883,0.00275663
399.16029147,0.00407899
399.37780895,0.00267399
399.59534127,0.00688900
399.81288841,0.00544267
400.03045039,0.00684768
400.24802720,0.01025688
400.46561883,0.00405833
400.68322529,0.00343847
400.90084656,0.00238472
401.11848265,0.00540135
401.33613355,0.00354178
401.55379926,0.00364509
401.77147978,0.00659973
401.98917511,0.00757084
402.20688524,0.00172354
402.42461017,0.00381039
402.64234989,0.00374840
402.86010441,0.00190950
403.07787372,0.00589723
403.29565782,0.00566995
403.51345670,0.00298391
403.73127037,0.00657907
403.94909882,0.00224009
404.16694205,0.00674437
404.38480005,0.00337649
404.60267282,0.00283928
404.82056036,0.00244671
405.03846267,0.00728157
405.25637974,0.00701297
405.47431157,0.00699231
405.69225816,0.00469885
405.91021951,0.00319053
406.12819561,0.00277729
406.34618645,0.00430627
406.56419205,0.00397568
406.78221239,0.00560797
407.00024747,0.00649642
407.21829729,-0.00023933
407.43636184,0.00893452
407.65444113,0.00699231
407.87253515,0.00788077
408.09064390,0.00507076
408.30876737,0.00385171
408.52690556,0.00643444
408.74505847,0.00401700
408.96322610,0.00550466
409.18140844,0.00507076
409.39960550,0.00304590
409.61781726,0.00672370
409.83604372,0.00542201
410.05428489,0.00707496
410.27254076,0.00205413
410.49081133,0.00558730
410.70909659,0.00542201
410.92739654,0.00407899
411.14571118,0.00792209
411.36404051,0.00521539
411.58238452,0.00837665
411.80074321,0.00469885
412.01911658,0.00843864
412.23750462,0.00717827
412.45590734,0.00655841
412.67432472,0.00548399
412.89275677,0.00457487
413.11120349,0.00457487
413.32966486,0.00383105
413.54814090,0.00494679
413.76663159,0.00721959
413.98513693,0.00213678
414.20365692,0.00252935
414.42219156,0.00585591
414.64074084,0.00044251
414.85930477,0.00459554
415.07788333,0.00224009
415.29647653,0.00422362
415.51508437,-0.00032198
415.73370683,0.00426495
415.95234392,0.00463686
416.17099564,0.00628981
416.38966198,0.00612451
416.60834294,0.00383105
416.82703851,0.00707496
417.04574870,0.00104170
417.26447350,0.00459554
417.48321291,0.00585591
417.70196692,0.00329384
417.92073554,0.00719893
418.13951875,0.00709562
418.35831657,0.00182685
418.57712898,0.00290127
418.79595598,0.00885187
419.01479757,0.01073210
419.23365374,0.00595922
419.45252450,0.00420296
419.67140984,0.00930643
419.89030975,0.00806672
420.10922425,0.01038085
420.32815331,0.00529804
420.54709694,0.00604186
420.76605514,0.00519473
420.98502791,0.00546333
421.20401523,0.00407899
421.42301712,0.00585591
421.64203356,0.00806672
421.86106455,0.00511208
422.08011009,0.00690966
422.29917018,0.00992629
422.51824482,0.00488480
422.73733399,0.00453355
422.95643771,0.00765349
423.17555596,0.00517407
423.39468875,0.00469885
423.61383606,0.00542201
423.83299790,0.00498811
424.05217427,0.00808739
424.27136516,0.00719893
424.49057057,0.00618650
424.70979050,0.00674437
424.92902494,0.00728157
425.14827390,0.00628981
425.36753736,0.00862459
425.58681532,0.01071144
425.80610779,0.00974033
426.02541476,0.01151725
426.24473623,0.00589723
426.46407219,0.00810805
426.68342265,0.00544267
426.90278759,0.00947173
427.12216702,0.00878989
427.34156093,0.00659973
427.56096933,0.01273630
427.78039220,0.01403799
427.99982955,0.00742621
428.21928137,0.00804606
428.43874766,0.00409965
428.65822841,0.00940974
428.87772363,0.01180652
429.09723331,0.00887254
429.31675745,0.00474017
429.53629605,0.00564929
429.75584910,0.00852128
429.97541660,0.00866592
430.19499854,0.00740555
430.41459494,0.01174453
430.63420577,0.01075276
430.85383104,0.00881055
431.07347075,0.01102137
431.29312489,0.01232306
431.51279347,0.00974033
431.73247647,0.00767415
431.95217390,0.00709562
432.17188574,0.01089740
432.39161201,0.00856261
432.61135270,0.00982298
432.83110780,0.01002960
433.05087731,0.01362476
433.27066123,0.00519473
433.49045956,0.00924445
433.71027229,0.00924445
433.93009942,0.01089740
434.14994095,0.01106269
434.36979687,0.01013291
434.58966718,0.01151725
434.80955189,0.00945107
435.02945098,0.01236439
435.24936445,0.01728190
435.46929230,0.01046350
435.68923454,0.01226108
435.90919115,0.01465785
436.12916213,0.01273630
436.34914748,0.01302556
436.56914720,0.01314953
436.78916128,0.01139328
437.00918972,0.01533969
437.22923252,0.01226108
437.44928968,0.01325284
437.66936119,0.01257100
437.88944706,0.01478182
438.10954727,0.01631080
438.32966182,0.01633146
438.54979072,0.01350079
438.76993395,0.02095971
438.99009153,0.01645543
439.21026343,0.01864558
439.43044967,0.01695131
439.65065024,0.02058779
439.87086513,0.01564962
440.09109434,0.01649675
440.31133788,0.01488513
440.53159573,0.02002993
440.75186789,0.01352145
440.97215437,0.01430660
441.19245516,0.01560829
441.41277025,0.01432726
441.63309964,0.01414130
441.85344334,0.01645543
442.07380133,0.01379005
442.29417362,0.01583557
442.51456020,0.01255034
442.73496107,0.01569094
442.95537623,0.01536035
443.17580567,0.01583557
443.39624939,0.01678602
443.61670739,0.01451322
443.83717967,0.01585623
444.05766622,0.01476116
444.27816704,0.01910014
444.49868212,0.01224041
444.71921147,0.01430660
444.93975509,0.01571160
445.16031296,0.01746786
445.38088508,0.01614550
445.60147147,0.01600087
445.82207210,0.01128997
446.04268698,0.01724058
446.26331610,0.01957536
446.48395947,0.01104203
446.70461707,0.01562895
446.92528892,0.01261233
447.14597499,0.01765381
447.36667530,0.01182718
447.58738984,0.01781911
447.80811860,0.01633146
448.02886158,0.01352145
448.24961879,0.01482314
448.47039021,0.01680668
448.69117585,0.02242670
448.91197570,0.02100103
449.13278975,0.01352145
449.35361802,0.01672403
449.57446049,0.01835632
449.79531715,0.01114534
450.01618802,0.01426527
450.23707308,0.01279828
450.45797234,0.01957536
450.67888578,0.01445123
450.89981341,0.01459586
451.12075522,0.01610418
451.34171122,0.01876955
451.56268139,0.01963735
451.78366574,0.01635212
452.00466426,0.01583557
452.22567696,0.01131063
452.44670382,0.01329417
452.66774484,0.01042217
452.88880003,0.01974066
453.10986938,0.01451322
453.33095288,0.01730256
453.55205053,0.01366608
453.77316234,0.01263299
453.99428830,0.01730256
454.21542840,0.01345946
454.43658264,0.01620749
454.65775102,0.01507109
454.87893354,0.01730256
455.10013019,0.01583557
455.32134098,0.02174486
455.54256589,0.01984397
455.76380493,0.01515373
455.98505809,0.01546366
456.20632537,0.02042250
456.42760677,0.01777779
456.64890229,0.01490579
456.87021191,0.01978198
457.09153565,0.01713727
457.31287349,0.01992662
457.53422544,0.02213743
457.75559149,0.02186883
457.97697163,0.01752984
458.19836587,0.02019522
458.41977420,0.02106302
458.64119663,0.02292258
458.86263313,0.01897617
459.08408373,0.02257133
459.30554840,0.02046382
459.52702716,0.02657973
459.74851999,0.01641410
459.97002689,0.02614583
460.19154786,0.02203412
460.41308290,0.02407964
460.63463201,0.02087706
460.85619518,0.01775712
461.07777241,0.02046382
461.29936369,0.02246802
461.52096903,0.02480281
461.74258841,0.02428626
461.96422185,0.02352177
462.18586933,0.02343913
462.40753086,0.02554663
462.62920642,0.02496810
462.85089602,0.02389369
463.07259966,0.02424494
463.29431733,0.01972000
463.51604902,0.02472016
463.73779475,0.02290192
463.95955449,0.02604252
464.18132826,0.02831532
464.40311604,0.02286060
464.62491784,0.02606318
464.84673365,0.02552597
465.06856347,0.02872856
465.29040730,0.02496810
465.51226513,0.02790208
465.73413696,0.02224074
465.95602279,0.02761282
466.17792261,0.02796407
466.39983643,0.03182783
466.62176424,0.02790208
466.84370603,0.03162121
467.06566181,0.02777811
467.28763157,0.02932775
467.50961531,0.03104268
467.73161303,0.03017489
467.95362472,0.02688965
468.17565038,0.02972032
468.39769001,0.02802605
468.61974360,0.02759216
468.84181116,0.02897650
469.06389267,0.03620814
469.28598814,0.03286092
469.50809757,0.03209644
469.73022094,0.03517505
469.95235827,0.03129062
470.17450954,0.03067077
470.39667475,0.02876988
470.61885390,0.03162121
470.84104699,0.03209644
471.06325402,0.03707594
471.28547498,0.03267497
471.50770986,0.03476181
471.72995867,0.03029886
471.95222141,0.03005091
472.17449806,0.03281960
472.39678864,0.03087739
472.61909313,0.03315019
472.84141153,0.02891451
473.06374384,0.03748917
473.28609005,0.03515439
473.50845017,0.03424527
473.73082420,0.03474115
473.95321212,0.03329482
474.17561393,0.03606351
474.39802964,0.03346012
474.62045924,0.03186916
474.84290273,0.03048481
475.06536010,0.03505108
475.28783136,0.03519571
475.51031649,0.03368740
475.73281550,0.02835664
475.95532838,0.02810870
476.17785513,0.02976165
476.40039575,0.03131129
476.62295024,0.03027819
476.84551859,0.03279894
477.06810080,0.03300556
477.29069686,0.03329482
477.51330678,0.03205511
477.73593055,0.03591887
477.95856817,0.03025753
478.18121963,0.03203445
478.40388494,0.03333615
478.62656409,0.03509240
478.84925707,0.03226173
479.07196389,0.03292291
479.29468455,0.03420394
479.51741903,0.03486512
479.74016733,0.03186916
479.96292946,0.03250967
480.18570542,0.03498909
480.40849519,0.03025753
480.63129877,0.03511306
480.85411617,0.03374938
481.07694738,0.03399732
481.29979239,0.03267497
481.52265121,0.03420394
481.74552383,0.03414196
481.96841025,0.03250967
482.19131046,0.03201379
482.41422447,0.03360475
482.63715227,0.03312953
482.86009385,0.03308820
483.08304922,0.03292291
483.30601837,0.03023687
483.52900130,0.03500975
483.75199801,0.03093937
483.97500849,0.03255100
484.19803274,0.03191048
484.42107076,0.03147658
484.64412255,0.03670402
484.86718810,0.03308820
485.09026741,0.02697230
485.31336047,0.02854260
485.53646729,0.03149724
485.75958786,0.02941040
485.98272218,0.02879054
486.20587024,0.02587722
486.42903205,0.02969966
486.65220760,0.02722024
486.87539689,0.03374938
487.09859991,0.03286092
487.32181666,0.03029886
487.54504715,0.03323284
487.76829136,0.03219974
487.99154929,0.03472049
488.21482094,0.03348078
488.43810631,0.03391468
488.66140540,0.03678667
488.88471820,0.03519571
489.10804471,0.03548498
489.33138493,0.03608417
489.55473885,0.03511306
489.77810647,0.03757182
490.00148780,0.04081573
490.22488281,0.03965867
490.44829153,0.04164220
490.67171393,0.04058845
490.89515002,0.03988595
491.11859979,0.04455552
491.34206325,0.04207610
491.56554038,0.03755116
491.78903120,0.04226206
492.01253568,0.03730322
492.23605384,0.03955536
492.45958567,0.04321250
492.68313116,0.03953470
492.90669031,0.03885286
493.13026312,0.03412130
493.35384960,0.03511306
493.57744972,0.03168320
493.80106350,0.03329482
494.02469092,0.03335681
494.24833200,0.03246835
494.47198671,0.03341879
494.69565507,0.02990628
494.91933706,0.03930742
495.14303269,0.03281960
495.36674195,0.03071209
495.59046484,0.03284026
495.81420136,0.03246835
496.03795150,0.02895584
496.26171526,0.02897650
496.48549264,0.02934841
496.70928364,0.03246835
496.93308825,0.03257166
497.15690647,0.03802638
497.38073830,0.03436924
497.60458373,0.03496843
497.82844276,0.04044382
498.05231539,0.03486512
498.27620162,0.03436924
498.50010144,0.03643542
498.72401485,0.03271629
498.94794185,0.03936940
499.17188244,0.03244769
499.39583661,0.03459652
499.61980435,0.03112533
499.84378568,0.03918344
500.06778058,0.03585689
500.29178904,0.03637344
500.51581108,0.03077408
500.73984668,0.03540233
500.96389585,0.03236504
501.18795858,0.02903848
501.41203486,0.03445188
501.63612470,0.03122864
501.86022809,0.03645608
502.08434503,0.03668336
502.30847551,0.03608417
502.53261954,0.03463784
502.75677711,0.03222041
502.98094822,0.03333615
503.20513286,0.03430725
503.42933104,0.03364607
503.65354274,0.03467916
503.87776797,0.03157989
504.10200673,0.02806738
504.32625901,0.03364607
504.55052480,0.03162121
504.77480411,0.02691032
504.99909694,0.02583590
505.22340327,0.02808804
505.44772312,0.02697230
505.67205646,0.02459619
505.89640331,0.02823267
506.12076366,0.02447222
506.34513750,0.02356310
506.56952484,0.02438957
506.79392567,0.02498877
507.01833999,0.02542266
507.24276779,0.02755083
507.46720907,0.02668304
507.69166384,0.02558796
507.91613208,0.02691032
508.14061380,0.03036084
508.36510898,0.02819135
508.58961764,0.03157989
508.81413976,0.03166254
509.03867534,0.03321217
509.26322439,0.03308820
509.48778689,0.03213776
509.71236285,0.03740653
509.93695226,0.03494777
510.16155512,0.03364607
510.38617142,0.03331548
510.61080117,0.03461718
510.83544436,0.03259232
511.06010099,0.03391468
511.28477105,0.03773712
511.50945454,0.03746851
511.73415147,0.03544365
511.95886182,0.03277828
512.18358560,0.03112533
512.40832280,0.02536068
512.63307341,0.03162121
512.85783745,0.02984430
513.08261489,0.02899716
513.30740575,0.02893518
513.53221001,0.02982363
513.75702768,0.03116665
513.98185875,0.02938974
514.20670322,0.02686899
514.43156109,0.02645576
514.65643235,0.02684833
514.88131700,0.02554663
515.10621504,0.03253033
515.33112647,0.03093937
515.55605128,0.02967900
515.78098946,0.03224107
516.00594103,0.02996827
516.23090597,0.02870790
516.45588428,0.03565027
516.68087596,0.02763348
516.90588100,0.03203445
517.13089941,0.03073275
517.35593118,0.02823267
517.58097631,0.02986496
517.80603479,0.03238570
518.03110663,0.02515406
518.25619181,0.02972032
518.48129034,0.02465818
518.70640222,0.03013356
518.93152743,0.02872856
519.15666598,0.02926576
519.38181787,0.02829466
519.60698310,0.03118732
519.83216165,0.02934841
520.05735353,0.02610450
520.28255873,0.02771613
520.50777726,0.02624914
520.73300910,0.02905915
520.95825426,0.03124930
521.18351273,0.02850128
521.40878452,0.02967900
521.63406961,0.03102202
521.85936801,0.03083606
522.08467971,0.03081540
522.31000471,0.03197246
522.53534300,0.03370806
522.76069459,0.03641476
522.98605947,0.03538167
523.21143764,0.03763381
523.43682910,0.03934874
523.66223383,0.03596020
523.88765185,0.03934874
524.11308315,0.04143558
524.33852772,0.04294390
524.56398556,0.04062977
524.78945667,0.04645641
525.01494104,0.04577457
525.24043868,0.04562994
525.46594959,0.04724156
525.69147374,0.05536166
525.91701116,0.04885318
526.14256182,0.04585722
526.36812574,0.04713825
526.59370290,0.04606383
526.81929331,0.04269596
527.04489696,0.04633244
527.27051384,0.04670435
527.49614396,0.04887384
527.72178732,0.04746884
527.94744390,0.04651840
528.17311372,0.04715891
528.39879675,0.05189047
528.62449301,0.04926642
528.85020249,0.05300621
529.07592518,0.05383268
529.30166109,0.05482445
529.52741021,0.05972131
529.75317254,0.06211808
529.97894807,0.05509306
530.20473680,0.06162219
530.43053874,0.06327514
530.65635387,0.06963899
530.88218219,0.06387433
531.10802371,0.06908112
531.33387841,0.06691162
531.55974630,0.06536199
531.78562738,0.06658103
532.01152163,0.06788273
532.23742906,0.06364705
532.46334967,0.06341977
532.68928344,0.06391566
532.91523039,0.06408095
533.14119051,0.06773810
533.36716378,0.06184948
533.59315022,0.06455618
533.81914982,0.05978329
534.04516257,0.06775876
534.27118847,0.06304786
534.49722752,0.06153955
534.72327973,0.06263462
534.94934507,0.06042381
535.17542356,0.06662236
535.40151518,0.06414294
535.62761994,0.05360540
535.85373784,0.05792373
536.07986886,0.06213874
536.30601301,0.06195278
536.53217029,0.06166352
536.75834069,0.05862623
536.98452420,0.06354375
537.21072084,0.07149855
537.43693059,0.07176715
537.66315345,0.06953568
537.88938941,0.06926707
538.11563848,0.07232502
538.34190066,0.07424657
538.56817593,0.07249032
538.79446431,0.07094068
539.02076577,0.07263495
539.24708033,0.07517636
539.47340798,0.07459783
539.69974871,0.07416393
539.92610252,0.07811034
540.15246942,0.07633342
540.37884939,0.07891615
540.60524244,0.08395764
540.83164856,0.07507305
541.05806775,0.08178814
541.28450001,0.08038314
541.51094533,0.08906111
541.73740371,0.08771809
541.96387515,0.08379234
542.19035965,0.07893681
542.41685719,0.08449484
542.64336779,0.08517668
542.86989144,0.08497007
543.09642813,0.07269694
543.32297786,0.08007321
543.54954063,0.07728386
543.77611643,0.08728419
544.00270527,0.08067240
544.22930714,0.08618911
544.45592204,0.08360639
544.68254996,0.08096167
544.90919091,0.07589952
545.13584487,0.08052777
545.36251185,0.07786240
545.58919184,0.07746982
545.81588485,0.08034182
546.04259086,0.07286223
546.26930988,0.07298620
546.49604191,0.07513503
546.72278693,0.06693229
546.94954495,0.07432922
547.17631596,0.07112664
547.40309997,0.07364738
547.62989696,0.06922575
547.85670694,0.07441187
548.08352991,0.08280057
548.31036585,0.07379201
548.53721477,0.07676732
548.76407667,0.08030049
548.99095154,0.07715989
549.21783938,0.07651938
549.44474018,0.07753181
549.67165395,0.07864755
549.89858069,0.07823431
550.12552038,0.07654004
550.35247302,0.06994891
550.57943862,0.07455650
550.80641717,0.07044480
551.03340866,0.07670533
551.26041310,0.07839960
551.48743048,0.08067240
551.71446081,0.08135425
551.94150406,0.08511470
552.16856025,0.08912309
552.39562937,0.09300752
552.62271142,0.08957765
552.84980640,0.09226369
553.07691429,0.09187112
553.30403511,0.09501172
553.53116884,0.09418524
553.75831549,0.09647871
553.98547505,0.09740849
554.21264752,0.09602415
554.43983289,0.09775974
554.66703116,0.10676830
554.89424234,0.10348307
555.12146641,0.10335910
555.34870338,0.10013585
555.57595324,0.10461947
555.80321599,0.10567322
556.03049162,0.10286321
556.25778014,0.10193343
556.48508154,0.11065272
556.71239582,0.11230567
556.93972297,0.10935103
557.16706300,0.10259461
557.39441589,0.10230534
557.62178165,0.10129291
557.84916028,0.09639606
558.07655177,0.09856555
558.30395611,0.09930938
558.53137331,0.10544594
558.75880337,0.10267726
558.98624627,0.10525999
559.21370202,0.09866886
559.44117062,0.09061075
559.66865206,0.09767709
559.89614634,0.09300752
560.12365345,0.09048678
560.35117340,0.08647838
560.57870618,0.08509404
560.80625179,0.07996990
561.03381022,0.08017652
561.26138148,0.08455683
561.48896555,0.08096167
561.71656244,0.08164351
561.94417215,0.07864755
562.17179467,0.08253197
562.39942999,0.07982527
562.62707812,0.08259396
562.85473906,0.08244932
563.08241279,0.07968064
563.31009933,0.07387466
563.53779866,0.08358572
563.76551078,0.07862688
563.99323568,0.07945336
564.22097338,0.08298653
564.44872386,0.07829629
564.67648712,0.08162285
564.90426316,0.08162285
565.13205197,0.07961865
565.35985356,0.07806901
565.58766792,0.08827596
565.81549504,0.08267660
566.04333493,0.09044545
566.27118758,0.07883350
566.49905298,0.07813100
566.72693115,0.07928806
566.95482207,0.08166417
567.18272573,0.08280057
567.41064215,0.08304852
567.63857131,0.08575522
567.86651321,0.08509404
568.09446785,0.08193278
568.32243523,0.08459815
568.55041534,0.08193278
568.77840819,0.08416425
569.00641376,0.08129226
569.23443206,0.08484610
569.46246308,0.08713956
569.69050682,0.08755280
569.91856327,0.08856523
570.14663244,0.08920574
570.37471433,0.08670566
570.60280892,0.09362737
570.83091622,0.09087935
571.05903622,0.09658202
571.28716892,0.09236700
571.51531432,0.10191277
571.74347241,0.09990857
571.97164320,0.09592084
572.19982667,0.09751180
572.42802284,0.09749114
572.65623168,0.09658202
572.88445321,0.10259461
573.11268742,0.10067306
573.34093430,0.09916475
573.56919385,0.10567322
573.79746608,0.10796669
574.02575097,0.11416524
574.25404853,0.11662399
574.48235874,0.11695458
574.71068162,0.12108695
574.93901715,0.12133489
575.16736534,0.12757477
575.39572618,0.12265725
575.62409966,0.12866984
575.85248579,0.12439284
576.08088456,0.12652101
576.30929597,0.12883514
576.53772002,0.12707888
576.76615671,0.13191375
576.99460602,0.13162448
577.22306796,0.12730616
577.45154253,0.13307081
577.68002972,0.13203772
577.90852953,0.12697557
578.13704196,0.12683094
578.36556700,0.13253361
578.59410465,0.13013683
578.82265492,0.13431052
579.05121779,0.13488905
579.27979326,0.13214103
579.50838133,0.13321545
579.73698201,0.13302949
579.96559527,0.13139720
580.19422113,0.12484740
580.42285958,0.12635572
580.65151062,0.12563255
580.88017424,0.11988856
581.10885044,0.11711988
581.33753922,0.12507468
581.56624057,0.11854554
581.79495450,0.11790503
582.02368100,0.11732650
582.25242007,0.11490906
582.48117170,0.11654135
582.70993589,0.12292585
582.93871264,0.12782271
583.16750195,0.12255394
583.39630381,0.11656201
583.62511822,0.11957864
583.85394518,0.11740914
584.08278469,0.12170681
584.31163674,0.11838025
584.54050133,0.11683061
584.76937845,0.12191342
584.99826811,0.12333909
585.22717030,0.12389696
585.45608502,0.12356637
585.68501226,0.13240963
585.91395203,0.13003352
586.14290432,0.13542626
586.37186912,0.13825693
586.60084644,0.13976525
586.82983628,0.14011650
587.05883862,0.14908373
587.28785347,0.14705887
587.51688082,0.15046808
587.74592067,0.14782336
587.97497302,0.14385629
588.20403787,0.14152150
588.43311520,0.15055072
588.66220503,0.15179043
588.89130735,0.14862917
589.12042215,0.15331941
589.34954943,0.15431118
589.57868919,0.15410456
589.80784142,0.16098495
590.03700613,0.15356735
590.26618331,0.15387728
590.49537296,0.15495169
590.72457507,0.15375331
590.95378964,0.15325742
591.18301667,0.15641868
591.41225616,0.15309213
591.64150811,0.15803031
591.87077250,0.15772038
592.10004934,0.15331941
592.32933863,0.15315411
592.55864036,0.14637703
592.78795453,0.14110827
593.01728114,0.14848454
593.24662018,0.15077800
593.47597165,0.14916638
593.70533555,0.15141852
593.93471188,0.14962094
594.16410063,0.14728615
594.39350180,0.14476541
594.62291539,0.14668696
594.85234140,0.14953829
595.08177981,0.15493103
595.31123064,0.14670762
595.54069387,0.14395960
595.77016951,0.14614975
595.99965755,0.14319511
596.22915798,0.14559188
596.45867081,0.14521997
596.68819604,0.14848454
596.91773365,0.14515799
597.14728365,0.14955896
597.37684603,0.14988955
597.60642080,0.15160448
597.83600795,0.16435283
598.06560747,0.16594379
598.29521936,0.16594379
598.52484363,0.16608842
598.75448026,0.16639835
598.98412926,0.15716251
599.21379062,0.15234830
599.44346434,0.14881513
599.67315042,0.14712086
599.90284885,0.14908373
600.13255963,0.16288584
600.36228276,0.15784435
600.59201824,0.15960061
600.82176606,0.16677026
601.05152622,0.16720416
601.28129871,0.16615041
601.51108354,0.17377462
601.74088070,0.16955961
601.97069019,0.16986954
602.20051201,0.16499335
602.43034615,0.16736946
602.66019261,0.17708052
602.89005139,0.18057237
603.11992249,0.18255590
603.34980589,0.19288682
603.57970161,0.19307278
603.80960963,0.19534558
604.03952996,0.19538690
604.26946259,0.20385825
604.49940751,0.19970522
604.72936474,0.20185406
604.95933425,0.20644098
605.18931606,0.19844485
605.41931015,0.20125486
605.64931653,0.20026309
605.87933519,0.19654396
606.10936612,0.20821790
606.33940934,0.21753639
606.56946483,0.23162776
606.79953259,0.23282614
607.02961261,0.24326037
607.25970490,0.25720711
607.48980946,0.26739339
607.71992627,0.27600937
607.95005534,0.29293141
608.18019667,0.29567944
608.41035024,0.30034901
608.64051607,0.31067993
608.87069414,0.32287041
609.10088445,0.32739535
609.33108700,0.33694112
609.56130179,0.34291239
609.79152882,0.35499956
610.02176808,0.36435937
610.25201956,0.36706607
610.48228328,0.38469061
610.71255921,0.37880199
610.94284737,0.39388513
611.17314775,0.39723235
611.40346034,0.39659183
611.63378514,0.37855405
611.86412215,0.35973112
612.09447137,0.34981344
612.32483280,0.34378019
612.55520642,0.32638292
612.78559225,0.31026669
613.01599027,0.29665054
613.24640048,0.28636095
613.47682288,0.27642261
613.70725747,0.26999678
613.93770425,0.25644262
614.16816321,0.25319871
614.39863434,0.24786796
614.62911766,0.24439677
614.85961314,0.23733042
615.09012080,0.24078095
615.32064063,0.22774333
615.55117262,0.22361097
615.78171677,0.22400354
616.01227308,0.22464406
616.24284156,0.22036706
616.47342218,0.22013978
616.70401496,0.21766036
616.93461988,0.21468505
617.16523695,0.21449910
617.39586617,0.19433315
617.62650752,0.19210167
617.85716101,0.17898141
618.08782664,0.17542757
618.31850440,0.16584048
618.54919429,0.16009649
618.77989630,0.15015815
619.01061044,0.14610843
619.24133670,0.14259592
619.47207508,0.14344305
619.70282557,0.13265758
619.93358818,0.13377332
620.16436289,0.12435152
620.39514972,0.12443417
620.62594864,0.11391729
620.85675967,0.11678929
621.08758280,0.10988824
621.31841802,0.10457815
621.54926534,0.10110696
621.78012475,0.09949533
622.01099624,0.09561091
622.24187982,0.09654069
622.47277549,0.09945401
622.70368323,0.09606547
622.93460305,0.08904045
623.16553494,0.09071406
623.39647890,0.09069339
623.62743493,0.09189178
623.85840303,0.08480477
624.08938319,0.08561058
624.32037541,0.08342043
624.55137968,0.08610647
624.78239602,0.08242866
625.01342440,0.08189145
625.24446483,0.07839960
625.47551731,0.08023851
625.70658183,0.07908144
625.93765839,0.07918475
626.16874699,0.08747015
626.39984763,0.08050711
626.63096029,0.08618911
626.86208499,0.08697426
627.09322171,0.09067273
627.32437046,0.09579687
627.55553123,0.09416458
627.78670401,0.09614812
628.01788882,0.09961931
628.24908563,0.10302851
628.48029446,0.09840026
628.71151529,0.10683029
628.94274813,0.11608679
629.17399296,0.12265725
629.40524980,0.12420689
629.63651863,0.13447582
629.86779946,0.14267857
630.09909228,0.15544758
630.33039709,0.16017914
630.56171388,0.17534492
630.79304265,0.17288617
631.02438340,0.17891942
631.25573613,0.18195671
631.48710084,0.18577915
631.71847751,0.18501466
631.94986615,0.20449877
632.18126676,0.21710249
632.41267933,0.22297045
632.64410387,0.21871411
632.87554035,0.22067698
633.10698880,0.22666892
633.33844919,0.22042904
633.56992154,0.22040838
633.80140583,0.22284648
634.03290207,0.22261920
634.26441024,0.22142081
634.49593035,0.23255754
634.72746240,0.23995448
634.95900638,0.24596707
635.19056229,0.24511993
635.42213013,0.25375658
635.65370989,0.25276481
635.88530158,0.25861211
636.11690518,0.27061664
636.34852069,0.28584441
636.58014812,0.31204361
636.81178746,0.32888300
637.04343871,0.32968882
637.27510187,0.32605233
637.50677692,0.33365589
637.73846387,0.34276776
637.97016272,0.35625993
638.20187347,0.36028899
638.43359610,0.33968914
638.66533062,0.33427574
638.89707703,0.33280875
639.12883532,0.31857275
639.36060549,0.32427542
639.59238754,0.32271785
639.82418146,0.33641640
640.05598725,0.32146769
640.28780491,0.32082466
640.51963444,0.32396897
640.75147583,0.31478676
640.98332908,0.30733806
641.21519419,0.30775776
641.44707115,0.30146967
641.67895997,0.27836416
641.91086063,0.27174803
642.14277314,0.26993375
642.37469750,0.26734944
642.60663369,0.27008068
642.83858172,0.27077992
643.07054159,0.26591338
643.30251329,0.25907027
643.53449683,0.25290228
643.76649218,0.24798736
643.99849937,0.24578601
644.23051837,0.25128026
644.46254919,0.24048727
644.69459183,0.23779469
644.92664628,0.23208874
645.15871254,0.23189362
645.39079061,0.23022435
645.62288049,0.22981275
645.85498217,0.21970547
646.08709564,0.22135568
646.31922091,0.22434176
646.55135798,0.21569370
646.78350684,0.22030916
647.01566748,0.20861148
647.24783991,0.20241544
647.48002413,0.20655284
647.71222012,0.20671950
647.94442789,0.21153631
648.17664744,0.20409535
648.40887875,0.20661355
648.64112184,0.20359192
648.87337669,0.19913471
649.10564331,0.18513480
649.33792168,0.19501547
649.57021181,0.18935165
649.80251370,0.19345852
650.03482734,0.19205676
650.26715273,0.19242957
650.49948987,0.18708627
650.73183875,0.19592310
650.96419937,0.18667227
651.19657173,0.18277332
651.42895582,0.17799016
651.66135165,0.17788696
651.89375921,0.17509921
652.12617849,0.17736447
652.35860950,0.17989899
652.59105224,0.17974445
652.82350669,0.18099184
653.05597285,0.18417315
653.28845073,0.18328517
653.52094032,0.18476409
653.75344162,0.18679246
653.98595462,0.18794522
654.21847933,0.18269583
654.45101573,0.18287703
654.68356383,0.19130594
654.91612363,0.19473093
655.14869511,0.18422837
655.38127829,0.20030655
655.61387315,0.19265722
655.84647969,0.19442148
656.07909792,0.19038104
656.31172782,0.19031445
656.54436939,0.18352036
656.77702264,0.17912035
657.00968756,0.18519515
657.24236414,0.19031706
657.47505238,0.19731413
657.70775229,0.19633555
657.94046385,0.19761026
658.17318707,0.20463700
658.40592195,0.20148195
658.63866847,0.20655664
658.87142663,0.20826373
659.10419645,0.20898084
659.33697790,0.20843560
659.56977099,0.21222264
659.80257572,0.21088810
660.03539208,0.20669553
660.26822007,0.19900754
660.50105969,0.19888032
660.73391093,0.19729928
660.96677380,0.19737251
661.19964828,0.20368929
661.43253438,0.20154997
661.66543209,0.19588103
661.89834142,0.19945103
662.13126235,0.20063794
662.36419489,0.20149885
662.59713903,0.21337815
662.83009477,0.20540519
663.06306210,0.20657181
663.29604103,0.20603371
663.52903155,0.21424532
663.76203367,0.20655253
663.99504736,0.20308701
664.22807264,0.19802126
664.46110950,0.19159186
664.69415794,0.18918540
664.92721795,0.18419204
665.16028953,0.18945516
665.39337269,0.18408863
665.62646740,0.18504049
665.85957369,0.18170268
666.09269153,0.17409988
666.32582093,0.17572261
666.55896189,0.18255061
666.79211440,0.17648132
667.02527846,0.18218399
667.25845406,0.17873346
667.49164121,0.17088197
667.72483991,0.17693588
667.95805014,0.17842354
668.19127190,0.17623338
668.42450520,0.17902273
668.65775003,0.17224565
668.89100639,0.17627471
669.12427427,0.18332039
669.35755368,0.18509731
669.59084460,0.18063435
669.82414704,0.18323774
670.05746099,0.18418819
670.29078646,0.18714283
670.52412343,0.17881611
670.75747191,0.18848585
670.99083189,0.18491135
671.22420337,0.18604775
671.45758635,0.18714283
671.69098082,0.18689489
671.92438678,0.19046939
672.15780424,0.19367197
672.39123317,0.19441580
672.62467360,0.19730845
672.85812550,0.18972556
673.09158888,0.20139949
673.32506373,0.19720514
673.55855006,0.19871346
673.79204785,0.19381660
674.02555712,0.20133751
674.25907784,0.20104824
674.49261003,0.20902371
674.72615367,0.21263953
674.95970878,0.21774300
675.19327533,0.21334203
675.42685333,0.21708183
675.66044278,0.21218497
675.89404368,0.22237126
676.12765601,0.21633800
676.36127979,0.21356931
676.59491500,0.21435446
676.82856165,0.20966423
677.06221972,0.20245325
677.29588922,0.20334171
677.52957015,0.20323840
677.76326250,0.20278384
677.99696627,0.19805228
678.23068146,0.19751507
678.46440806,0.19602742
678.69814607,0.18224598
678.93189549,0.17821692
679.16565631,0.17763839
679.39942854,0.16898108
679.63321217,0.16993152
679.86700720,0.17005549
680.10081361,0.16251393
680.33463143,0.16584048
680.56846063,0.16947696
680.80230121,0.16648100
681.03615318,0.17625404
681.27001653,0.17451845
681.50389126,0.18024178
681.73777736,0.17672927
681.97167484,0.16929101
682.20558368,0.17424985
682.43950390,0.17517963
682.67343547,0.17061336
682.90737841,0.17404323
683.14133270,0.16937365
683.37529836,0.15848487
683.60927536,0.15869149
683.84326371,0.16024112
684.07726341,0.15759641
684.31127446,0.15929068
684.54529685,0.15724516
684.77933057,0.16238995
685.01337564,0.16393959
685.24743203,0.17131587
685.48149976,0.18844453
685.71557881,0.20303178
685.94966919,0.21949926
686.18377090,0.22478869
686.41788392,0.23245423
686.65200826,0.24288846
686.88614391,0.23757836
687.12029088,0.24148345
687.35444915,0.23875609
687.58861873,0.24094624
687.82279961,0.23152445
688.05699179,0.22745407
688.29119527,0.22224728
688.52541004,0.21970588
688.75963611,0.22274317
688.99387346,0.22640031
689.22812210,0.22704083
689.46238203,0.23813623
689.69665323,0.24018176
689.93093571,0.25848814
690.16522947,0.26334367
690.39953450,0.27778629
690.63385080,0.27336466
690.86817837,0.27576143
691.10251720,0.28167072
691.33686730,0.28665022
691.57122865,0.27749703
691.80560125,0.28863375
692.03998511,0.28782794
692.27438023,0.29508025
692.50878658,0.29803489
692.74320419,0.29801423
692.97763303,0.29493561
693.21207312,0.30425410
693.44652444,0.30295240
693.68098699,0.30561778
693.91546077,0.31134111
694.14994579,0.30547315
694.38444203,0.29460502
694.61894949,0.30074159
694.85346817,0.30272512
695.08799806,0.30070026
695.32253918,0.29898533
695.55709150,0.29557613
695.79165503,0.30470866
696.02622977,0.30536984
696.26081571,0.31088655
696.49541285,0.31324200
696.73002119,0.31140309
696.96464072,0.30755999
697.19927145,0.30214659
697.43391336,0.30020438
697.66856647,0.30592771
697.90323075,0.30933691
698.13790622,0.30720874
698.37259286,0.32094886
698.60729068,0.32344894
698.84199967,0.32239519
699.07671984,0.33423442
699.31145117,0.34386283
699.54619366,0.34995807
699.78094731,0.34539181
700.01571213,0.36683879
700.25048810,0.37130175
700.48527522,0.38446333
700.72007349,0.38188061
700.95488292,0.38578569
701.18970348,0.38144671
701.42453519,0.39489756
701.65937804,0.39309998
701.89423202,0.39971177
702.12909714,0.39489756
702.36397339,0.38865769
702.59886077,0.37822346
702.83375927,0.36260312
703.06866889,0.36059892
703.30358964,0.35411110
703.53852150,0.34820182
703.77346448,0.35557809
704.00841857,0.34510254
704.24338376,0.34431739
704.47836007,0.33857340
704.71334748,0.33359390
704.94834598,0.32479196
705.18335559,0.31758098
705.41837629,0.31332464
705.65340808,0.31284942
705.88845096,0.31770495
706.12350493,0.32301504
706.35856998,0.31568009
706.59364612,0.32303571
706.82873333,0.32917227
707.06383161,0.35332595
707.29894097,0.36754129
707.53406141,0.38301701
707.76919290,0.39797617
708.00433546,0.42520847
708.23948909,0.43979572
708.47465377,0.45896990
708.70982951,0.45386643
708.94501630,0.46516845
709.18021414,0.45411437
709.41542303,0.45401106
709.65064297,0.44254375
709.88587395,0.43359717
710.12111597,0.41153034
710.35636902,0.39082718
710.59163311,0.38128141
710.82690823,0.37423573
711.06219437,0.35985509
711.29749155,0.35256146
711.53279974,0.34636291
711.76811896,0.34880101
712.00344920,0.34059826
712.23879044,0.35359456
712.47414270,0.35229286
712.70950597,0.35301602
712.94488025,0.35396647
713.18026553,0.35659052
713.41566181,0.34427607
713.65106908,0.33987510
713.88648736,0.33973047
714.12191662,0.33163103
714.35735688,0.31886202
714.59280812,0.33171368
714.82827034,0.33346993
715.06374355,0.32169269
715.29922774,0.32877969
715.53472290,0.32357291
715.77022903,0.32260181
716.00574614,0.32890367
716.24127421,0.32524652
716.47681324,0.32202328
716.71236324,0.30596903
716.94792420,0.30627896
717.18349611,0.28863375
717.41907898,0.29005942
717.65467280,0.28377822
717.89027757,0.28016240
718.12589328,0.27183568
718.36151993,0.25733108
718.59715752,0.25700049
718.83280605,0.24470670
719.06846552,0.24224794
719.30413591,0.24468603
719.53981724,0.24472736
719.77550949,0.24598773
720.01121266,0.25468636
720.24692676,0.26158741
720.48265177,0.26768265
720.71838769,0.26863310
720.95413453,0.26485198
721.18989228,0.27559614
721.42566093,0.27208363
721.66144049,0.27204230
721.89723095,0.26797192
722.13303231,0.26716611
722.36884456,0.26301308
722.60466770,0.27094722
722.84050173,0.26231058
723.07634666,0.26698015
723.31220246,0.27053399
723.54806915,0.26650493
723.78394671,0.26063697
724.01983515,0.25146312
724.25573447,0.25014076
724.49164465,0.24857046
724.72756571,0.24609104
724.96349762,0.24483067
725.19944040,0.24642163
725.43539404,0.24821921
725.67135854,0.24458273
725.90733388,0.24197933
726.14332008,0.24286779
726.37931713,0.23627667
726.61532503,0.23803292
726.85134376,0.23396254
727.08737334,0.23299144
727.32341375,0.23390056
727.55946500,0.22611105
727.79552708,0.23129717
728.03159998,0.23212364
728.26768372,0.22844583
728.50377827,0.24239257
728.73988365,0.24679354
728.97599985,0.25123584
729.21212686,0.25906667
729.44826468,0.26443875
729.68441331,0.26664956
729.92057275,0.25790961
730.15674299,0.26295110
730.39292403,0.26607103
730.62911587,0.25224827
730.86531851,0.24173139
731.10153194,0.23307408
731.33775616,0.22418950
731.57399117,0.20821790
731.81023696,0.18964291
732.04649353,0.17970457
732.28276088,0.16689423
732.51903901,0.16476607
732.75532791,0.15338140
732.99162758,0.14691424
733.22793802,0.14168680
733.46425923,0.13873216
733.70059119,0.13641803
733.93693392,0.13003352
734.17328740,0.12728550
734.40965164,0.12784337
734.64602662,0.12397961
734.88241236,0.12662432
735.11880884,0.12720285
735.35521607,0.12699623
735.59163403,0.12889712
735.82806273,0.13129390
736.06450217,0.13850488
736.30095234,0.14276121
736.53741323,0.15162514
736.77388486,0.17168778
737.01036720,0.18400223
737.24686027,0.20003581
737.48336406,0.22299111
737.71987856,0.24173139
737.95640377,0.26082293
738.19293969,0.28344763
738.42948632,0.28673286
738.66604365,0.30026637
738.90261169,0.30977081
739.13919042,0.32171335
739.37577985,0.32272578
739.61237997,0.32650689
739.84899078,0.32989543
740.08561228,0.31665120
740.32224446,0.30572109
740.55888732,0.29175369
740.79554087,0.28381955
741.03220509,0.27293076
741.26887998,0.26245521
741.50556555,0.24511993
741.74226178,0.23747506
741.97896868,0.22615237
742.21568624,0.21726778
742.45241446,0.20280450
742.68915333,0.19951927
742.92590286,0.20501532
743.16266304,0.20028376
743.39943387,0.19964324
743.63621535,0.19563484
743.87300747,0.19493234
744.10981023,0.19344469
744.34662363,0.18906438
744.58344766,0.19499433
744.82028232,0.19530425
745.05712761,0.19222564
745.29398353,0.18685356
745.53085007,0.18553121
745.76772724,0.18121288
746.00461502,0.18144016
746.24151341,0.17311345
746.47842242,0.17127454
746.71534204,0.16796865
746.95227227,0.16741078
747.18921310,0.17137785
747.42616453,0.17505566
747.66312656,0.18567584
747.90009918,0.18038641
748.13708240,0.18774202
748.37407621,0.19135784
748.61108061,0.18741143
748.84809559,0.18966357
749.08512115,0.18641967
749.32215730,0.18170877
749.55920401,0.17739044
749.79626131,0.18367164
750.03332917,0.18573783
750.27040760,0.18964291
750.50749660,0.19712250
750.74459616,0.19447778
750.98170628,0.18693621
751.21882695,0.18898173
751.45595818,0.18493201
751.69309997,0.19288682
751.93025230,0.19127520
752.16741517,0.18637834
752.40458859,0.18509731
752.64177256,0.17964258
752.87896705,0.18918835
753.11617209,0.19470506
753.35338765,0.19982920
753.59061374,0.20584179
753.82785037,0.21575947
754.06509751,0.22109022
754.30235518,0.22135883
754.53962336,0.23716513
754.77690206,0.24551251
755.01419127,0.25200032
755.25149099,0.26088491
755.48880122,0.26193867
755.72612195,0.26373624
755.96345319,0.26914965
756.20079492,0.26171139
756.43814715,0.25865343
756.67550987,0.25852946
756.91288309,0.25262018
757.15026679,0.24935561
757.38766097,0.24561582
757.62506564,0.24666957
757.86248079,0.24063632
758.09990641,0.22908635
758.33734251,0.23022275
758.57478908,0.22685487
758.81224612,0.22737142
759.04971362,0.21877610
759.28719159,0.21354865
759.52468001,0.19592411
759.76217889,0.20201935
759.99968823,0.18768004
760.23720802,0.18272120
760.47473826,0.17840287
760.71227894,0.18253524
760.94983007,0.17400190
761.18739164,0.16823725
761.42496364,0.15722450
761.66254608,0.15939399
761.90013895,0.15931134
762.13774226,0.16385694
762.37535598,0.16013781
762.61298014,0.16381562
762.85061471,0.16414621
763.08825970,0.16631570
763.32591511,0.16865049
763.56358093,0.17201837
763.80125716,0.17588213
764.03894380,0.19133718
764.27664084,0.20385825
764.51434829,0.20782532
764.75206613,0.21557351
764.98979437,0.22088360
765.22753300,0.21398255
765.46528203,0.21656528
765.70304144,0.21511895
765.94081124,0.21290814
766.17859142,0.21431314
766.41638197,0.21313542
766.65418291,0.20580047
766.89199422,0.20759804
767.12981590,0.19865147
767.36764795,0.19825890
767.60549036,0.19243226
767.84334314,0.19916802
768.08120628,0.19220498
768.31907977,0.18987019
768.55696362,0.18999416
768.79485782,0.18633702
769.03276238,0.17947729
769.27067727,0.17617140
769.50860251,0.17024145
769.74653809,0.17606809
769.98448401,0.17829957
770.22244027,0.16914637
770.46040685,0.17900207
770.69838377,0.18551055
770.93637101,0.19573815
771.17436858,0.19966390
771.41237647,0.21047004
771.65039468,0.22078029
771.88842320,0.21625535
772.12646204,0.21449910
772.36451118,0.21404454
772.60257064,0.20356899
772.84064039,0.20402355
773.07872045,0.19974655
773.31681081,0.19896140
773.55491147,0.19681257
773.79302242,0.19648198
774.03114366,0.18941563
774.26927519,0.18774202
774.50741700,0.18441547
774.74556910,0.18334105
774.98373147,0.18096494
775.22190413,0.18350635
775.46008705,0.18222531
775.69828025,0.18069634
775.93648372,0.18449812
776.17469745,0.18206002
776.41292145,0.18400223
776.65115570,0.18137818
776.88940022,0.19162645
777.12765499,0.17929133
777.36592001,0.18208068
777.60419528,0.17528294
777.84248079,0.17356801
778.08077655,0.17224565
778.31908256,0.17796898
778.55739879,0.17489036
778.79572527,0.17794831
779.03406198,0.17528294
779.27240891,0.17515897
779.51076608,0.15993120
779.74913346,0.16594379
779.98751107,0.16617107
780.22589890,0.18092362
780.46429695,0.16691490
780.70270520,0.16989020
780.94112367,0.16431150
781.17955235,0.17489036
781.41799123,0.16904306
781.65644031,0.17038608
781.89489959,0.16179076
782.13336907,0.16282385
782.37184874,0.15590214
782.61033861,0.15753442
782.84883866,0.16063370
783.08734890,0.15321610
783.32586931,0.15011683
783.56439991,0.15181110
783.80294069,0.15253426
784.04149164,0.15674927
784.28005276,0.15358801
784.51862406,0.16648100
784.75720551,0.16154282
784.99579713,0.15931134
785.23439891,0.16422886
785.47301085,0.15939399
785.71163295,0.15734847
785.95026519,0.15850553
786.18890759,0.15172845
786.42756013,0.14652167
786.66622282,0.14259592
786.90489564,0.14265790
787.14357861,0.13220302
787.38227171,0.13358736
787.62097494,0.12623175
787.85968831,0.12371100
788.09841180,0.12011584
788.33714541,0.12530196
788.57588915,0.11838025
788.81464301,0.12125224
789.05340698,0.12422755
789.29218106,0.11992989
789.53096526,0.12840124
789.76975956,0.13119059
790.00856397,0.13147985
790.24737848,0.14110827
790.48620309,0.13484773
790.72503780,0.14633571
790.96388260,0.15765839
791.20273749,0.15679060
791.44160247,0.15829891
791.68047754,0.15247227
791.91936269,0.15092264
792.15825792,0.14960028
792.39716323,0.14691424
792.63607861,0.14162481
792.87500406,0.14309180
793.11393958,0.14904241
793.35288517,0.14393894
793.59184082,0.14269923
793.83080653,0.14137687
794.06978230,0.14179011
794.30876813,0.14112893
794.54776401,0.13769906
794.78676993,0.13393861
795.02578591,0.13988922
795.26481193,0.14112893
795.50384798,0.13561222
795.74289408,0.13426920
795.98195022,0.13875282
796.22101638,0.14063304
796.46009258,0.13228566
796.69917880,0.13400060
796.93827505,0.13410390
797.17738132,0.13722384
797.41649761,0.13404192
797.65562392,0.14145952
797.89476024,0.14687292
798.13390657,0.14228599
798.37306290,0.14462078
798.61222925,0.14019915
798.85140559,0.14559188
799.09059194,0.14032312
799.32978828,0.14848454
799.56899462,0.13740980
799.80821094,0.14013716
800.04743726,0.13831892
800.28667356,0.13703789
800.52591985,0.13883546
800.76517611,0.13524031
801.00444236,0.13951731
801.24371857,0.13360802
801.48300476,0.13683127
801.72230092,0.13856686
801.96160705,0.14036444
802.20092314,0.15024080
802.44024919,0.15336073
802.67958519,0.16937365
802.91893116,0.17154315
803.15828707,0.17261756
803.39765294,0.17902273
803.63702875,0.19084130
803.87641450,0.19034541
804.11581020,0.19152314
804.35521584,0.19466374
804.59463141,0.19160579
804.83405692,0.18815526
805.07349235,0.18966357
805.31293772,0.19237027
805.55239300,0.18197737
805.79185821,0.18315510
806.03133334,0.18329973
806.27081839,0.17602676
806.51031335,0.17677059
806.74981822,0.18863048
806.98933300,0.18832055
807.22885768,0.18801063
807.46839227,0.19113056
807.70793675,0.19765970
807.94749114,0.18772136
808.18705542,0.18404356
808.42662959,0.18937431
808.66621364,0.17989053
808.90580759,0.18110957
809.14541141,0.18102693
809.38502512,0.16972490
809.62464871,0.16701820
809.86428217,0.16784468
810.10392550,0.15891877
810.34357870,0.15265823
810.58324177,0.14714152
810.82291470,0.13883546
811.06259749,0.12505402
811.30229015,0.12724418
811.54199265,0.11490906
811.78170501,0.10406160
812.02142722,0.09614812
812.26115928,0.09286289
812.50090118,0.08589985
812.74065292,0.07804835
812.98041450,0.07480444
813.22018592,0.07360606
813.45996717,0.06127094
813.69975825,0.05934939
813.93955916,0.05825432
814.17936989,0.05565093
814.41919045,0.05102267
814.65902083,0.05656005
814.89886102,0.04928708
815.13871102,0.04891517
815.37857084,0.04899782
815.61844047,0.04953502
815.85831990,0.05220040
816.09820913,0.04862590
816.33810817,0.04395633
816.57801700,0.04513405
816.81793562,0.04608450
817.05786404,0.04645641
817.29780225,0.03746851
817.53775024,0.03980330
817.77770801,0.04083639
818.01767557,0.03717925
818.25765290,0.03881153
818.49764001,0.03879087
818.73763689,0.04104301
818.97764354,0.03918344
819.21765996,0.04501008
819.45768614,0.03910080
819.69772209,0.03812969
819.93776779,0.04027852
820.17782324,0.03930742
820.41788845,0.04124963
820.65796341,0.04069176
820.89804812,0.04122897
821.13814257,0.04565060
821.37824677,0.04726222
821.61836070,0.04972098
821.85848437,0.05147723
822.09861777,0.06482478
822.33876090,0.06649839
822.57891376,0.07249032
822.81907635,0.07984593
823.05924866,0.08651970
823.29943069,0.10286321
823.53962243,0.11526031
823.77982389,0.13038477
824.02003506,0.14441416
824.26025594,0.16681159
824.50048652,0.19683323
824.74072681,0.20530458
824.98097680,0.22689620
825.22123648,0.23662792
825.46150586,0.26212462
825.70178493,0.25635997
825.94207369,0.26237256
826.18237214,0.27129848
826.42268027,0.27805490
826.66299808,0.27795159
826.90332557,0.29129913
827.14366273,0.28927427
827.38400957,0.29873739
827.62436608,0.29836548
827.86473225,0.30113416
828.10510809,0.29553481
828.34549359,0.29429510
828.58588874,0.29146442
828.82629356,0.28708412
829.06670802,0.27985247
829.30713214,0.27340598
829.54756590,0.26026506
829.78800931,0.26024440
830.02846236,0.26255852
830.26892505,0.25497563
830.50939738,0.25697983
830.74987934,0.24363228
830.99037093,0.23456174
831.23087215,0.22768135
831.47138299,0.22881775
831.71190346,0.23109055
831.95243355,0.22334236
832.19297325,0.21385858
832.43352257,0.20920967
832.67408150,0.20722613
832.91465003,0.20237060
833.15522818,0.18557253
833.39581592,0.18493201
833.63641327,0.18044840
833.87702022,0.16989020
834.11763676,0.15738979
834.35826289,0.14995153
834.59889861,0.14652167
834.83954392,0.13602546
835.08019881,0.13001286
835.32086328,0.12263659
835.56153733,0.12484740
835.80222095,0.12094232
836.04291415,0.10897912
836.28361692,0.10073504
836.52432926,0.09472245
836.76505116,0.09170582
837.00578262,0.08920574
837.24652364,0.08321381
837.48727421,0.07819298
837.72803434,0.07707725
837.96880402,0.07273826
838.20958325,0.06963899
838.45037202,0.07077539
838.69117033,0.06984560
838.93197819,0.07129193
839.17279558,0.07087870
839.41362250,0.08042446
839.65445896,0.07666401
839.89530494,0.08182947
840.13616045,0.08253197
840.37702548,0.08507338
840.61790003,0.08970163
840.85878410,0.09199509
841.09967768,0.08296587
841.34058078,0.08575522
841.58149338,0.08408161
841.82241549,0.08515602
842.06334710,0.07978395
842.30428821,0.07507305
842.54523883,0.07358540
842.78619893,0.07561026
843.02716853,0.06732486
843.26814762,0.06542397
843.50913619,0.06468015
843.75013425,0.06687030
843.99114179,0.06352308
844.23215881,0.06579589
844.47318530,0.06246933
844.71422127,0.07443253
844.95526670,0.06846126
845.19632161,0.06943237
845.43738597,0.06453551
845.67845980,0.07089936
845.91954309,0.06645706
846.16063584,0.06598184
846.40173803,0.06379169
846.64284968,0.07211841
846.88397078,0.06408095
847.12510132,0.06746949
847.36624130,0.06610581
847.60739073,0.06711824
847.84854959,0.06968031
848.08971788,0.07569290
848.33089561,0.07302753
848.57208276,0.07664335
848.81327934,0.08187079
849.05448534,0.08484610
849.29570076,0.09271825
849.53692560,0.10383432
849.77815986,0.10484675
850.01940353,0.11292553
850.26065660,0.11375200
850.50191908,0.12158283
850.74319097,0.11906209
850.98447225,0.12736815
851.22576294,0.12509535
851.46706301,0.13088066
851.70837248,0.13327743
851.94969135,0.14050907
852.19101959,0.14532328
852.43235722,0.15914605
852.67370424,0.16610908
852.91506063,0.17094395
853.15642640,0.17522095
853.39780154,0.17829957
853.63918605,0.18666761
853.88057992,0.19255623
854.12198317,0.18964291
854.36339577,0.18396091
854.60481773,0.18701886
854.84624905,0.18503532
855.08768973,0.18230796
855.32913975,0.17970457
855.57059912,0.17055138
855.81206784,0.17230763
856.05354590,0.16439415
856.29503330,0.16736946
856.53653004,0.15924936
856.77803611,0.15997252
857.01955151,0.14728615
857.26107624,0.17639868
857.50261030,0.14879447
857.74415367,0.14850520
857.98570637,0.13290552
858.22726839,0.13455847
858.46883972,0.12745079
858.71042037,0.12720285
858.95201032,0.11616943
859.19360958,0.11364869
859.43521814,0.10573521
859.67683601,0.10738815
859.91846317,0.11862819
860.16009963,0.09928872
860.40174538,0.10071438
860.64340042,0.09782173
860.88506474,0.09540429
861.12673835,0.09891680
861.36842125,0.09565223
861.61011342,0.10079703
861.85181487,0.10255329
862.09352559,0.10695426
862.33524558,0.10158218
862.57697484,0.10209873
862.81871336,0.10474344
863.06046114,0.11222302
863.30221819,0.10997088
863.54398449,0.11154118
863.78576004,0.10800801
864.02754485,0.10249130
864.26933890,0.10131358
864.51114220,0.10521866
864.75295474,0.10922706
864.99477653,0.11156185
865.23660755,0.10747080
865.47844780,0.10271858
865.72029728,0.09881349
865.96215600,0.09837960
866.20402394,0.09935070
866.44590110,0.10085902
866.68778748,0.09050744
866.92968308,0.09583819
867.17158790,0.09050744
867.41350193,0.09030082
867.65542516,0.09164384
867.89735761,0.09028016
868.13929926,0.08961898
868.38125011,0.09110663
868.62321015,0.09269759
868.86517940,0.09627209
869.10715783,0.09083803
869.34914546,0.09953666
869.59114227,0.10344174
869.83314827,0.09621010
870.07516344,0.10116894
870.31718780,0.09340009
870.55922133,0.10220203
870.80126404,0.10108630
871.04331592,0.09837960
871.28537696,0.09937136
871.52744717,0.09360671
871.76952655,0.08959832
872.01161508,0.09614812
872.25371277,0.09680930
872.49581961,0.09424723
872.73793560,0.09443319
872.98006075,0.08941236
873.22219503,0.09172649
873.46433846,0.09071406
873.70649103,0.09222237
873.94865274,0.08315182
874.19082358,0.08674698
874.43300356,0.08997023
874.67519266,0.08641639
874.91739089,0.07930872
875.15959824,0.07616813
875.40181471,0.07085803
875.64404031,0.07443253
875.88627501,0.07120929
876.12851883,0.07075473
876.37077176,0.06691162
876.61303379,0.06230404
876.85530493,0.06507272
877.09758517,0.06244867
877.33987451,0.06209742
877.58217294,0.06511404
877.82448047,0.06658103
878.06679709,0.07490775
878.30912279,0.07009355
878.55145758,0.07517636
878.79380145,0.08139557
879.03615440,0.08023851
879.27851643,0.08240800
879.52088753,0.08234601
879.76326770,0.07980461
880.00565694,0.09224303
880.24805524,0.09013552
880.49046260,0.09199509
880.73287903,0.08790405
880.97530451,0.09775974
881.21773905,0.09470179
881.46018264,0.09292487
881.70263527,0.09536297
881.94509695,0.09596216
882.18756768,0.09290421
882.43004744,0.09649937
882.67253625,0.09782173
882.91503409,0.09180913
883.15754095,0.09168516
883.40005685,0.08982560
883.64258178,0.09255296
883.88511573,0.08864787
884.12765869,0.08651970
884.37021068,0.08168483
884.61277168,0.09023883
884.85534170,0.08108564
885.09792072,0.07813100
885.34050876,0.07571357
885.58310579,0.07534165
885.82571183,0.07174649
886.06832686,0.06751082
886.31095090,0.07201510
886.55358392,0.06366772
886.79622594,0.05577490
887.03887694,0.05401864
887.28153693,0.05133260
887.52420589,0.05296489
887.76688384,0.05284092
888.00957077,0.04860524
888.25226667,0.04335713
888.49497154,0.04465883
888.73768537,0.04467949
888.98040818,0.03994793
889.22313994,0.03905947
889.46588067,0.04242735
889.70863035,0.03649741
889.95138899,0.03680733
890.19415657,0.03796440
890.43693311,0.03717925
890.67971859,0.03498909
890.92251302,0.03199313
891.16531639,0.03269563
891.40812869,0.03056746
891.65094993,0.03114599
891.89378010,0.03397666
892.13661920,0.03096003
892.37946723,0.03637344
892.62232418,0.03443122
892.86519005,0.03901815
893.10806484,0.03829499
893.35094854,0.04459684
893.59384116,0.03899749
893.83674269,0.04631178
894.07965312,0.04501008
894.32257246,0.04897715
894.56550070,0.04827465
894.80843784,0.05763446
895.05138388,0.05331614
895.29433881,0.05924608
895.53730263,0.05691130
895.78027533,0.06344044
896.02325692,0.05670468
896.26624740,0.05771711
896.50924675,0.06069241
896.75225498,0.06397764
896.99527208,0.06379169
897.23829806,0.06271727
897.48133290,0.06372970
897.72437661,0.06317183
897.96742918,0.06118830
898.21049061,0.05951469
898.45356090,0.05629144
898.69664005,0.06389500
898.93972804,0.05620879
899.18282488,0.06073374
899.42593057,0.05998991
899.66904511,0.05949403
899.91216848,0.06383301
900.15530069,0.06145690
900.39844174,0.06211808
900.64159162,0.05734520
900.88475033,0.05988660
901.12791786,0.06674633
901.37109422,0.07329613
901.61427940,0.07182914
901.85747340,0.07577555
902.10067621,0.07850291
902.34388784,0.08199476
902.58710827,0.08548661
902.83033752,0.08098233
903.07357557,0.09052810
903.31682242,0.08699493
903.56007807,0.09090001
903.80334251,0.09232568
904.04661575,0.08893714
904.28989778,0.09036280
904.53318860,0.09559025
904.77648820,0.09178847
905.01979659,0.09703658
905.26311375,0.09577620
905.50643969,0.09110663
905.74977441,0.09523900
905.99311789,0.09850357
906.23647015,0.10166483
906.47983117,0.10023916
906.72320095,0.09492907
906.96657950,0.10170615
907.20996680,0.09579687
907.45336285,0.09780106
907.69676766,0.09782173
907.94018122,0.10096232
908.18360352,0.10116894
908.42703457,0.10575587
908.67047435,0.09972261
908.91392288,0.09430921
909.15738014,0.09395796
909.40084613,0.09275958
909.64432085,0.09294553
909.88780430,0.09571422
910.13129648,0.09213972
910.37479737,0.09193310
910.61830699,0.08992891
910.86182531,0.08829662
911.10535236,0.08443286
911.34888811,0.08858589
911.59243257,0.08013520
911.83598573,0.08414359
912.07954760,0.07777975
912.32311816,0.08244932
912.56669743,0.08775941
912.81028538,0.08466014
913.05388203,0.08249065
913.29748736,0.08821397
913.54110138,0.08468080
913.78472408,0.08507338
914.02835547,0.08081704
914.27199552,0.08331712
914.51564426,0.08356506
914.75930166,0.08414359
915.00296774,0.08532132
915.24664247,0.08945368
915.49032588,0.08846192
915.73401794,0.08505271
915.97771866,0.08749081
916.22142803,0.09590018
916.46514606,0.09335877
916.70887274,0.09670599
916.95260806,0.09003222
917.19635202,0.09939203
917.44010463,0.09356539
917.68386588,0.10030115
917.92763576,0.10017718
918.17141427,0.11730583
918.41520141,0.12063239
918.65899718,0.12067371
918.90280158,0.12610778
919.14661459,0.12751278
919.39043623,0.12964095
919.63426648,0.13701722
919.87810534,0.14435217
920.12195281,0.16069568
920.36580890,0.15569552
920.60967358,0.16697688
920.85354687,0.17100594
921.09742876,0.17385727
921.34131924,0.17216300
921.58521832,0.17412588
921.82912599,0.16191473
922.07304225,0.15838156
922.31696709,0.14513732
922.56090052,0.14104628
922.80484252,0.13371133
923.04879310,0.12916573
923.29275226,0.12230600
923.53671999,0.11319413
923.78069629,0.09997056
924.02468115,0.10490873
924.26867458,0.09162318
924.51267656,0.08311050
924.75668711,0.07736651
925.00070621,0.07275892
925.24473386,0.06637442
925.48877006,0.06457684
925.73281481,0.06058910
925.97686810,0.05534100
926.22092994,0.05168385
926.46500031,0.04655972
926.70907921,0.04203478
926.95316665,0.04286125
927.19726262,0.03579490
927.44136712,0.03769579
927.68548014,0.03213776
927.92960168,0.03453453
928.17373175,0.02641443
928.41787032,0.02775745
928.66201741,0.02664171
928.90617302,0.02558796
929.15033713,0.02374906
929.39450974,0.02226140
929.63869086,0.02255067
929.88288047,0.02098037
930.12707859,0.02290192
930.37128520,0.02804672
930.61550029,0.02300523
930.85972388,0.02827400
931.10395595,0.02695164
931.34819651,0.02691032
931.59244554,0.02912113
931.83670306,0.02684833
932.08096904,0.03517505
932.32524350,0.03693130
932.56952643,0.03957602
932.81381782,0.04544398
933.05811768,0.04077441
933.30242600,0.05081606
933.54674278,0.04860524
933.79106801,0.05585754
934.03540169,0.05013422
934.27974382,0.05310952
934.52409440,0.05726255
934.76845343,0.06133293
935.01282089,0.05922542
935.25719680,0.06191146
935.50158114,0.06618846
935.74597391,0.06432890
935.99037511,0.06215940
936.23478474,0.06519669
936.47920279,0.06426691
936.72362927,0.07335812
936.96806417,0.06620912
937.21250748,0.07065142
937.45695920,0.06676699
937.70141934,0.05976263
937.94588788,0.05939072
938.19036483,0.05519636
938.43485019,0.05996925
938.67934394,0.05358474
938.92384608,0.05455585
939.16835663,0.05577490
939.41287556,0.05806836
939.65740288,0.06377103
939.90193859,0.05664269
940.14648268,0.05722122
940.39103515,0.05166319
940.63559600,0.05515504
940.88016523,0.05329548
941.12474282,0.05567159
941.36932879,0.05443188
941.61392312,0.05664269
941.85852581,0.05548563
942.10313687,0.05292356
942.34775628,0.04994826
942.59238405,0.04792340
942.83702017,0.04730354
943.08166464,0.04901848
943.32631746,0.05197312
943.57097862,0.04705560
943.81564813,0.04600185
944.06032597,0.05013422
944.30501215,0.04711759
944.54970666,0.05106400
944.79440950,0.04558861
945.03912067,0.04571258
945.28384016,0.05096069
945.52856798,0.04432824
945.77330412,0.04554729
946.01804857,0.03666270
946.26280133,0.03777844
946.50756241,0.03895616
946.75233179,0.04112566
946.99710948,0.03839829
947.24189548,0.04100169
947.48668977,0.03738586
947.73149236,0.04302655
947.97630324,0.03823300
948.22112242,0.04048514
948.46594988,0.04267529
948.71078563,0.03992727
948.95562966,0.04310919
949.20048198,0.03647674
949.44534257,0.03482380
949.69021144,0.03781976
949.93508857,0.04170419
950.17997398,0.03833631
950.42486766,0.03939006
950.66976959,0.04083639
950.91467979,0.03614615
951.15959825,0.03852227
951.40452496,0.03391468
951.64945993,0.03333615
951.89440314,0.03496843
952.13935461,0.02953437
952.38431431,0.02585656
952.62928226,0.02381104
952.87425845,0.02455487
953.11924287,0.02707561
953.36423553,0.02333582
953.60923642,0.02106302
953.85424553,0.02265398
954.09926287,0.02036051
954.34428843,0.01713727
954.58932222,0.01899683
954.83436421,0.02005059
955.07941443,0.01583557
955.32447285,0.01490579
955.56953948,0.01693065
955.81461432,0.01736455
956.05969736,0.01323218
956.30478860,0.01069078
956.54988803,0.01494711
956.79499567,0.01219909
957.04011149,0.01366608
957.28523550,0.01023622
957.53036770,0.01031886
957.77550808,0.01044283
958.02065664,0.01327351
958.26581338,0.00994695
958.51097830,0.01432726
958.75615139,0.01434792
959.00133264,0.01585623
959.24652207,0.01195115
959.49171965,0.01961669
959.73692540,0.01719925
959.98213931,0.01930676
960.22736137,0.01941007
960.47259159,0.02306721
960.71782995,0.04877053
960.96307647,0.02691032
961.20833112,0.02788142
961.45359392,0.03174518
961.69886486,0.03048481
961.94414394,0.03284026
962.18943115,0.03350144
962.43472648,0.03377004
962.68002995,0.03893550
962.92534154,0.03825366
963.17066126,0.03426593
963.41598909,0.03730322
963.66132504,0.03982396
963.90666911,0.03870822
964.15202128,0.03750984
964.39738157,0.04364640
964.64274996,0.04193147
964.88812645,0.04895649
965.13351104,0.04246868
965.37890374,0.04808869
965.62430452,0.04936973
965.86971340,0.04831597
966.11513036,0.04928708
966.36055542,0.05091937
966.60598855,0.04711759
966.85142977,0.04620847
967.09687907,0.04591920
967.34233644,0.04738619
967.58780188,0.05098135
967.83327539,0.04637376
968.07875697,0.05575423
968.32424661,0.05817167
968.56974432,0.05102267
968.81525008,0.05124995
969.06076390,0.04914245
969.30628577,0.05515504
969.55181570,0.04965899
969.79735367,0.05310952
970.04289968,0.04470015
970.28845374,0.04970032
970.53401583,0.04631178
970.77958597,0.05230371
971.02516413,0.04908046
971.27075033,0.04759281
971.51634455,0.04511339
971.76194680,0.05244834
972.00755708,0.04525802
972.25317537,0.04870855
972.49880168,0.04740685
972.74443600,0.05019620
972.99007834,0.05129128
973.23572868,0.05375004
973.48138703,0.05720056
973.72705338,0.05903947
973.97272774,0.06003123
974.21841009,0.06534132
974.46410043,0.06565125
974.70979877,0.06490743
974.95550510,0.05798571
975.20121941,0.06127094
975.44694171,0.05794439
975.69267199,0.05534100
975.93841024,0.05279959
976.18415647,0.06087837
976.42991068,0.05740718
976.67567285,0.05383268
976.92144299,0.05065076
977.16722110,0.04837796
977.41300717,0.05505173
977.65880119,0.05240702
977.90460317,0.04686965
978.15041311,0.05544431
978.39623099,0.05094003
978.64205683,0.05164253
978.88789061,0.04953502
979.13373233,0.05044414
979.37958199,0.04292324
979.62543958,0.04120830
979.87130511,0.04337780
980.11717857,0.04490677
980.36305996,0.03889418
980.60894928,0.03932808
980.85484651,0.03794373
981.10075167,0.03730322
981.34666475,0.03486512
981.59258573,0.03416262
981.83851463,0.03162121
982.08445144,0.03203445
982.33039616,0.02829466
982.57634878,0.02691032
982.82230930,0.02550531
983.06827771,0.02905915
983.31425403,0.02558796
983.56023823,0.02564994
983.80623032,0.02664171
984.05223031,0.02093905
984.29823817,0.02038118
984.54425391,0.02182750
984.79027754,0.01905882
985.03630904,0.02240604
985.28234841,0.02166221
985.52839565,0.02790208
985.77445076,0.02201346
986.02051374,0.02581524
986.26658457,0.02283993
986.51266327,0.02864591
986.75874982,0.02684833
987.00484422,0.02901782
987.25094647,0.03060878
987.49705658,0.03075342
987.74317452,0.03114599
987.98930031,0.03232372
988.23543394,0.03511306
988.48157541,0.03354276
988.72772471,0.03482380
988.97388184,0.03891484
989.22004680,0.03317085
989.46621959,0.04108433
989.71240020,0.03767513
989.95858862,0.04003058
990.20478487,0.03598086
990.45098893,0.04288191
990.69720080,0.03507174
990.94342048,0.03852227
991.18964797,0.03538167
991.43588326,0.03860491
991.68212635,0.03467916
991.92837724,0.03596020
992.17463593,0.03441056
992.42090240,0.03529902
992.66717667,0.02936907
992.91345872,0.03096003
993.15974856,0.02709627
993.40604618,0.03009224
993.65235158,0.02498877
993.89866475,0.02585656
994.14498570,0.02443090
994.39131441,0.02490612
994.63765090,0.02505075
994.88399515,0.02308788
995.13034716,0.02242670
995.37670693,0.02255067
995.62307445,0.02147625
995.86944973,0.01738521
996.11583276,0.01907948
996.36222354,0.02172420
996.60862206,0.02118699
996.85502833,0.02195148
997.10144233,0.01938941
997.34786408,0.01591822
997.59429355,0.01734389
997.84073076,0.01695131
998.08717570,0.01236439
998.33362836,0.01562895
998.58008875,0.01211644
998.82655685,0.01629013
999.07303267,0.02244736
999.31951621,0.01633146
999.56600746,0.01288093
999.81250642,0.01513307
1000.05901309,0.01296358
1000.30552746,0.01471983
1000.55204953,0.01184784
1000.79857929,0.01823235
1001.04511676,0.01779845
1001.29166191,0.01897617
1001.53821476,0.01087673
1001.78477529,0.01719925
1002.03134351,0.01471983
1002.27791941,0.01622815
1002.52450299,0.01686866
1002.77109424,0.01608352
1003.01769317,0.01350079
1003.26429976,0.01721992
1003.51091403,0.01550498
1003.75753596,0.01604219
1004.00416555,0.01490579
1004.25080280,0.02067044
1004.49744771,0.01662072
1004.74410027,0.01523638
1004.99076048,0.01606285
1005.23742834,0.01602153
1005.48410384,0.01961669
1005.73078699,0.01610418
1005.97747778,0.01854227
1006.22417620,0.01587690
1006.47088226,0.01517439
1006.71759595,0.01544300
1006.96431727,0.01843896
1007.21104622,0.01422395
1007.45778279,0.01823235
1007.70452698,0.01176519
1007.95127879,0.01703396
1008.19803821,0.01703396
1008.44480524,0.01868691
1008.69157988,0.01796374
1008.93836213,0.02124897
1009.18515199,0.01591822
1009.43194944,0.01552565
1009.67875450,0.01536035
1009.92556715,0.01507109
1010.17238739,0.01845963
1010.41921522,0.01769514
1010.66605064,0.01728190
1010.91289364,0.01449255
1011.15974422,0.01201313
1011.40660239,0.01271564
1011.65346813,0.01224041
1011.90034144,0.01808771
1012.14722232,0.01389336
1012.39411078,0.01457520
1012.64100679,0.01519506
1012.88791037,0.01910014
1013.13482151,0.01740587
1013.38174020,0.01996794
1013.62866645,0.02019522
1013.87560025,0.02290192
1014.12254160,0.01903816
1014.36949049,0.02410031
1014.61644693,0.02562928
1014.86341091,0.02236471
1015.11038242,0.01972000
1015.35736147,0.02259199
1015.60434805,0.02106302
1015.85134216,0.02050515
1016.09834379,0.02005059
1016.34535295,0.02000926
1016.59236963,0.02197214
1016.83939383,0.01969934
1017.08642554,0.02170353
1017.33346476,0.02145559
1017.58051150,0.01897617
1017.82756574,0.01649675
1018.07462748,0.01631080
1018.32169673,0.01732323
1018.56877347,0.01341814
1018.81585771,0.01777779
1019.06294945,0.01624881
1019.31004867,0.01027754
1019.55715538,0.00858327
1019.80426957,0.01240571
1020.05139125,0.01690999
1020.29852041,0.01538101
1020.54565704,0.00757084
1020.79280114,0.01071144
1021.03995272,0.00558730
1021.28711177,0.01112468
1021.53427828,0.00823202
1021.78145225,0.01118666
1022.02863368,0.00657907
1022.27582257,0.00639312
1022.52301891,0.01102137
1022.77022270,0.00800474
1023.01743395,0.00953371
1023.26465263,0.00798408
1023.51187876,0.00298391
1023.75911234,0.00591789
1024.00635335,0.00529804
1024.25360179,0.00666172
1024.50085766,0.00705429
1024.74812097,0.00860393
1024.99539170,0.00670304
1025.24266985,0.00790143
1025.48995543,0.00445090
1025.73724842,0.00779812
1025.98454883,0.00858327
1026.23185665,0.00556664
1026.47917188,0.00515341
1026.72649452,0.00854195
1026.97382456,0.00899651
1027.22116200,0.00498811
1027.46850685,0.00451289
1027.71585908,0.00686834
1027.96321872,0.00829400
1028.21058574,0.00436826
1028.45796014,-0.00995039
1028.70534194,-0.00982642
1028.95273111,-0.01032231
1029.20012767,-0.01038429
1029.44753160,-0.01032231
1029.69494290,-0.01044628
