195.95165235,-0.00103043
196.15151677,-0.00044226
196.35139989,0.00222761
196.55130171,-0.00194644
196.75122222,-0.00050188
196.95116143,-0.00012422
197.15111932,0.00061133
197.35109589,0.00061663
197.55109115,-0.00224458
197.75110507,-0.00181499
197.95113767,-0.00170065
198.15118894,-0.00053217
198.35125887,-0.00106894
198.55134747,-0.00135215
198.75145472,-0.00317673
198.95158062,0.00072948
199.15172517,-0.00172570
199.35188837,-0.00200587
199.55207021,-0.00077020
199.75227069,0.00021485
199.95248980,0.00031009
200.15272755,0.00190356
200.35298392,-0.00148899
200.55325891,-0.00297699
200.75355253,-0.00069487
200.95386476,-0.00003322
201.15419561,0.00271553
201.35454506,-0.00069496
201.55491312,0.00057295
201.75529978,-0.00125466
201.95570504,-0.00209276
202.15612889,-0.00338579
202.35657133,0.00229897
202.55703236,-0.00148380
202.75751198,-0.00318084
202.95801017,-0.00185672
203.15852694,-0.00242527
203.35906228,0.00098454
203.55961619,-0.00043252
203.76018866,-0.00167750
203.96077969,0.00322871
204.16138928,0.00107169
204.36201743,-0.00287275
204.56266412,-0.00059747
204.76332936,-0.00335028
204.96401315,0.00061058
205.16471547,-0.00153587
205.36543633,0.00103181
205.56617572,-0.00078401
205.76693363,0.00109419
205.96771007,-0.00040007
206.16850503,-0.00007643
206.36931851,-0.00150606
206.57015050,0.00022015
206.77100100,0.00056508
206.97187001,-0.00062339
207.17275752,0.00091626
207.37366352,-0.00056095
207.57458802,-0.00272966
207.77553101,-0.00127400
207.97649249,-0.00055355
208.17747245,-0.00005592
208.37847089,-0.00299815
208.57948781,-0.00072866
208.78052320,0.00216037
208.98157706,-0.00068414
209.18264938,-0.00086618
209.38374017,-0.00000380
209.58484941,0.00102005
209.78597710,-0.00112623
209.98712325,-0.00205724
210.18828784,0.00193943
210.38947088,-0.00111524
210.59067235,-0.00276596
210.79189226,0.00015072
210.99313061,0.00069073
211.19438738,-0.00054580
211.39566257,0.00191351
211.59695619,-0.00177198
211.79826822,-0.00033802
211.99959866,-0.00066077
212.20094752,-0.00460071
212.40231478,-0.00041716
212.60370044,0.00052994
212.80510450,-0.00002175
213.00652696,-0.00021682
213.20796781,-0.00092368
213.40942704,0.00036108
213.61090466,0.00082721
213.81240066,-0.00090192
214.01391504,-0.00211180
214.21544779,0.00041644
214.41699890,0.00075646
214.61856839,-0.00098552
214.82015623,-0.00380822
215.02176243,-0.00000942
215.22338699,-0.00035035
215.42502990,-0.00169662
215.62669115,-0.00208242
215.82837075,-0.00027294
216.03006868,-0.00307465
216.23178496,-0.00205819
216.43351956,-0.00069409
216.63527249,0.00103255
216.83704375,0.00155208
217.03883333,0.00132789
217.24064123,-0.00119715
217.44246744,-0.00427125
217.64431195,-0.00101749
217.84617478,-0.00250439
218.04805591,-0.00140186
218.24995534,0.00130883
218.45187306,0.00119233
218.65380907,0.00018149
218.85576337,0.00163831
219.05773596,-0.00079809
219.25972683,-0.00312398
219.46173597,-0.00217580
219.66376339,-0.00194036
219.86580907,-0.00044503
220.06787302,0.00081250
220.26995524,0.00226221
220.47205571,-0.00025221
220.67417443,-0.00209882
220.87631141,0.00053422
221.07846663,0.00046705
221.28064010,-0.00314977
221.48283181,-0.00088171
221.68504175,-0.00006176
221.88726993,0.00234076
222.08951633,-0.00093729
222.29178096,-0.00261270
222.49406382,0.00236789
222.69636488,-0.00440677
222.89868417,-0.00223936
223.10102166,-0.00006282
223.30337736,-0.00279452
223.50575126,-0.00018690
223.70814337,-0.00232863
223.91055366,-0.00359935
224.11298215,0.00040089
224.31542883,-0.00276815
224.51789369,0.00117264
224.72037673,-0.00264749
224.92287795,0.00125264
225.12539735,-0.00246138
225.32793491,-0.00058836
225.53049064,-0.00180421
225.73306453,0.00221420
225.93565658,-0.00111065
226.13826679,-0.00166021
226.34089514,-0.00032352
226.54354164,0.00016913
226.74620629,0.00021757
226.94888908,-0.00162488
227.15159000,-0.00097076
227.35430906,-0.00012746
227.55704625,-0.00142726
227.75980156,-0.00152267
227.96257499,0.00050119
228.16536654,-0.00223997
228.36817621,0.00243375
228.57100398,0.00006667
228.77384987,0.00065707
228.97671385,-0.00157815
229.17959594,0.00168993
229.38249612,-0.00101576
229.58541439,-0.00148423
229.78835076,-0.00198813
229.99130520,-0.00047856
230.19427773,0.00061207
230.39726834,-0.00315726
230.60027702,0.00411693
230.80330377,-0.00242443
231.00634858,-0.00341000
231.20941146,-0.00156097
231.41249240,-0.00337971
231.61559139,-0.00084484
231.81870844,0.00134429
232.02184353,0.00054054
232.22499666,-0.00200609
232.42816784,-0.00263840
232.63135705,-0.00179619
232.83456430,0.00136679
233.03778958,-0.00112840
233.24103288,0.00020784
233.44429420,-0.00030972
233.64757355,-0.00082325
233.85087090,-0.00164011
234.05418627,-0.00162497
234.25751965,-0.00105704
234.46087103,-0.00225297
234.66424040,-0.00168870
234.86762778,-0.00079050
235.07103315,-0.00139105
235.27445650,-0.00221429
235.47789784,-0.00179446
235.68135717,-0.00386308
235.88483447,0.00148202
236.08832974,0.00098908
236.29184299,0.00240481
236.49537420,-0.00282544
236.69892338,0.00022644
236.90249051,-0.00006433
237.10607560,-0.00330338
237.30967864,-0.00306325
237.51329963,-0.00128190
237.71693857,-0.00316353
237.92059544,-0.00186512
238.12427025,-0.00035749
238.32796300,-0.00307253
238.53167367,0.00105570
238.73540228,0.00037084
238.93914880,0.00106027
239.14291324,-0.00428185
239.34669560,0.00131405
239.55049587,-0.00022019
239.75431405,0.00189796
239.95815013,0.00146164
240.16200411,-0.00068719
240.36587599,0.00119855
240.56976576,0.00006470
240.77367342,-0.00215351
240.97759896,-0.00291451
241.18154239,-0.00027212
241.38550369,0.00045231
241.58948287,-0.00122588
241.79347992,-0.00064307
241.99749484,0.00039959
242.20152762,0.00113893
242.40557826,0.00107255
242.60964676,-0.00085687
242.81373311,0.00331651
243.01783730,0.00228380
243.22195934,-0.00095739
243.42609923,0.00136506
243.63025695,0.00115838
243.83443250,0.00061586
244.03862589,-0.00417528
244.24283710,0.00256941
244.44706613,-0.00061054
244.65131298,-0.00179164
244.85557765,0.00281929
245.05986013,-0.00241789
245.26416042,-0.00106461
245.46847851,-0.00061800
245.67281440,0.00091604
245.87716809,0.00056746
246.08153957,0.00004047
246.28592885,-0.00159299
246.49033590,0.00004503
246.69476074,-0.00300408
246.89920336,-0.00141398
247.10366375,0.00080428
247.30814192,0.00047566
247.51263785,-0.00169489
247.71715155,0.00114194
247.92168300,-0.00068782
248.12623221,0.00125221
248.33079918,-0.00001050
248.53538389,-0.00239241
248.73998635,0.00126333
248.94460655,-0.00197106
249.14924448,0.00072968
249.35390016,0.00010819
249.55857356,-0.00272105
249.76326469,0.00009412
249.96797354,0.00023216
250.17270011,-0.00029544
250.37744440,-0.00067462
250.58220640,-0.00051248
250.78698610,-0.00246160
250.99178352,-0.00099629
251.19659863,-0.00010241
251.40143144,-0.00082271
251.60628194,-0.00291105
251.81115014,0.00007446
252.01603602,-0.00001399
252.22093958,-0.00196330
252.42586082,-0.00091027
252.63079974,0.00192347
252.83575632,-0.00247504
253.04073058,0.00106476
253.24572250,0.00060119
253.45073208,0.00007816
253.65575931,0.00071025
253.86080420,-0.00281590
254.06586674,0.00029721
254.27094692,-0.00156227
254.47604475,-0.00063304
254.68116021,0.00161646
254.88629331,-0.00279751
255.09144404,0.00222179
255.29661240,0.00174313
255.50179838,-0.00108447
255.70700198,-0.00013523
255.91222319,-0.00289104
256.11746202,0.00038899
256.32271846,0.00147748
256.52799250,0.00053970
256.73328414,-0.00198575
256.93859338,-0.00036485
257.14392021,-0.00108733
257.34926464,-0.00220345
257.55462665,-0.00035401
257.76000624,-0.00204069
257.96540341,0.00000905
258.17081816,0.00043613
258.37625048,-0.00197169
258.58170037,-0.00006652
258.78716782,-0.00073593
258.99265284,0.00131426
259.19815541,0.00120747
259.40367553,0.00028763
259.60921320,0.00276828
259.81476842,-0.00226162
260.02034118,0.00002204
260.22593148,-0.00122694
260.43153931,-0.00069582
260.63716468,-0.00187163
260.84280757,-0.00247739
261.04846799,0.00035137
261.25414593,0.00234565
261.45984138,-0.00218294
261.66555434,-0.00056155
261.87128482,-0.00114784
262.07703280,0.00036307
262.28279828,-0.00149005
262.48858126,0.00116295
262.69438173,0.00144135
262.90019970,0.00100942
263.10603515,-0.00045500
263.31188808,-0.00099413
263.51775850,-0.00198329
263.72364639,0.00215864
263.92955175,0.00086760
264.13547458,0.00220360
264.34141487,0.00147464
264.54737263,0.00153658
264.75334784,-0.00341147
264.95934051,-0.00312788
265.16535062,-0.00178797
265.37137818,0.00145368
265.57742319,0.00063336
265.78348563,-0.00085837
265.98956551,0.00019226
266.19566282,0.00009759
266.40177756,-0.00073472
266.60790972,-0.00120641
266.81405931,-0.00160575
267.02022631,-0.00024832
267.22641072,-0.00348910
267.43261254,-0.00138542
267.63883177,0.00212186
267.84506840,0.00186553
268.05132243,0.00015141
268.25759385,0.00015682
268.46388266,0.00065118
268.67018886,-0.00139321
268.87651245,-0.00025784
269.08285341,-0.00003712
269.28921175,-0.00388342
269.49558746,-0.00158217
269.70198054,-0.00019577
269.90839099,0.00099151
270.11481880,0.00157323
270.32126396,-0.00299060
270.52772648,0.00024176
270.73420635,0.00115343
270.94070356,0.00335134
271.14721812,0.00102608
271.35375002,0.00133782
271.56029925,0.00086936
271.76686582,0.00053038
271.97344971,-0.00094467
272.18005093,0.00158037
272.38666947,-0.00135094
272.59330532,0.00051372
272.79995849,-0.00020120
273.00662897,-0.00056610
273.21331676,0.00098653
273.42002184,0.00038230
273.62674423,-0.00176538
273.83348391,-0.00067657
274.04024088,-0.00389748
274.24701514,0.00072408
274.45380668,-0.00343181
274.66061550,-0.00007429
274.86744160,0.00000053
275.07428498,-0.00037934
275.28114562,-0.00013482
275.48802352,0.00193383
275.69491869,-0.00089374
275.90183112,0.00137759
276.10876080,-0.00259349
276.31570773,-0.00381986
276.52267191,0.00229204
276.72965333,-0.00039314
276.93665199,-0.00138652
277.14366789,0.00121045
277.35070102,-0.00074316
277.55775137,-0.00018510
277.76481895,-0.00232495
277.97190376,0.00042748
278.17900578,0.00069597
278.38612501,-0.00012292
278.59326146,-0.00088335
278.80041511,-0.00403257
279.00758596,0.00079194
279.21477401,-0.00029241
279.42197926,0.00186726
279.62920170,0.00043998
279.83644133,-0.00196152
280.04369814,0.00024133
280.25097213,-0.00220120
280.45826330,-0.00121833
280.66557164,-0.00050837
280.87289715,0.00068042
281.08023982,0.00363485
281.28759966,0.00131543
281.49497666,0.00112928
281.70237081,-0.00136532
281.90978211,-0.00172643
282.11721056,-0.00152337
282.32465616,-0.00244732
282.53211889,-0.00054059
282.73959876,0.00223261
282.94709576,0.00132768
283.15460989,0.00020135
283.36214115,-0.00016489
283.56968952,-0.00098625
283.77725502,-0.00537054
283.98483763,-0.00116427
284.19243735,0.00157973
284.40005417,0.00212493
284.60768810,0.00043267
284.81533913,-0.00098071
285.02300725,-0.00026236
285.23069247,0.00227259
285.43839477,0.00088565
285.64611416,0.00068848
285.85385063,-0.00168734
286.06160417,-0.00173649
286.26937479,-0.00080954
286.47716248,0.00315524
286.68496724,-0.00237488
286.89278906,0.00258131
287.10062793,-0.00167923
287.30848386,-0.00138823
287.51635685,0.00096857
287.72424688,-0.00213471
287.93215395,0.00061298
288.14007806,-0.00023317
288.34801921,0.00146536
288.55597740,0.00008138
288.76395261,0.00202050
288.97194485,-0.00125613
289.17995411,-0.00209687
289.38798039,-0.00431123
289.59602368,0.00101678
289.80408398,-0.00027837
290.01216129,0.00234847
290.22025561,-0.00143903
290.42836692,-0.00166795
290.63649523,-0.00234183
290.84464053,-0.00077007
291.05280282,-0.00109088
291.26098209,-0.00084130
291.46917835,-0.00164872
291.67739158,0.00229507
291.88562179,0.00144005
292.09386897,-0.00208194
292.30213311,-0.00035295
292.51041422,-0.00320795
292.71871228,-0.00046731
292.92702730,-0.00000877
293.13535928,0.00134074
293.34370820,-0.00399908
293.55207406,-0.00399475
293.76045686,-0.00077972
293.96885661,0.00238780
294.17727328,-0.00125464
294.38570689,0.00121738
294.59415742,0.00222718
294.80262487,0.00084104
295.01110924,0.00169560
295.21961052,0.00142317
295.42812872,0.00045126
295.63666382,0.00150448
295.84521583,-0.00073396
296.05378474,-0.00640864
296.26237054,0.00062507
296.47097324,-0.00094571
296.67959282,-0.00017288
296.88822929,-0.00013287
297.09688264,-0.00237337
297.30555287,-0.00033650
297.51423998,0.00298510
297.72294395,-0.00167988
297.93166479,0.00085118
298.14040250,0.00080750
298.34915706,-0.00149137
298.55792848,0.00049386
298.76671675,0.00242607
298.97552187,-0.00046168
299.18434383,0.00266971
299.39318264,-0.00041045
299.60203828,0.00315797
299.81091075,0.00244033
300.01980006,-0.00059673
300.22870619,-0.00027791
300.43762914,-0.00019968
300.64656892,-0.00135042
300.85552550,-0.00078574
301.06449890,-0.00084065
301.27348911,0.00189019
301.48249612,0.00023657
301.69151993,0.00202848
301.90056054,-0.00076090
302.10961794,-0.00000704
302.31869213,0.00140807
302.52778310,0.00124377
302.73689086,-0.00134687
302.94601539,-0.00085322
303.15515670,-0.00040223
303.36431478,-0.00051110
303.57348963,-0.00065086
303.78268124,0.00190248
303.99188961,0.00023224
304.20111474,-0.00232313
304.41035662,-0.00215760
304.61961524,-0.00034775
304.82889062,0.00405518
305.03818273,0.00136960
305.24749158,0.00010373
305.45681716,-0.00111327
305.66615948,-0.00247004
305.87551852,0.00009540
306.08489429,0.00087109
306.29428677,0.00280676
306.50369597,-0.00199744
306.71312188,-0.00066685
306.92256450,0.00014557
307.13202382,-0.00007863
307.34149984,-0.00153933
307.55099256,0.00015550
307.76050198,-0.00093123
307.97002808,0.00111924
308.17957087,0.00029105
308.38913034,0.00085229
308.59870649,-0.00504713
308.80829931,0.00213962
309.01790881,0.00259835
309.22753497,0.00054877
309.43717780,-0.00324438
309.64683728,0.00117601
309.85651343,-0.00044159
310.06620622,-0.00192678
310.27591567,0.00508380
310.48564176,-0.00101230
310.69538449,-0.00307682
310.90514386,0.00036781
311.11491986,-0.00042558
311.32471250,-0.00213796
311.53452176,-0.00080781
311.74434764,-0.00084519
311.95419014,0.00034725
312.16404926,0.00057620
312.37392499,0.00149154
312.58381733,0.00295789
312.79372628,0.00414882
313.00365182,0.00018287
313.21359397,-0.00118395
313.42355270,-0.00207282
313.63352803,-0.00205021
313.84351994,-0.00181605
314.05352843,-0.00331550
314.26355351,0.00046421
314.47359516,0.00062116
314.68365338,-0.00194856
314.89372816,0.00079454
315.10381952,-0.00080131
315.31392743,-0.00003474
315.52405190,-0.00132932
315.73419292,0.00080644
315.94435049,-0.00276209
316.15452461,0.00337813
316.36471526,0.00188842
316.57492246,0.00095624
316.78514619,-0.00118006
316.99538646,-0.00338644
317.20564324,0.00197245
317.41591656,-0.00184158
317.62620639,-0.00041984
317.83651274,-0.00271560
318.04683560,-0.00065127
318.25717497,-0.00160017
318.46753084,-0.00011751
318.67790322,0.00158316
318.88829209,-0.00005351
319.09869746,0.00211368
319.30911932,-0.00115414
319.51955766,0.00067663
319.73001249,-0.00225338
319.94048380,0.00247925
320.15097158,-0.00062057
320.36147583,0.00223391
320.57199655,0.00003965
320.78253374,0.00206464
320.99308739,-0.00110613
321.20365749,0.00110003
321.41424405,-0.00084675
321.62484706,-0.00147447
321.83546651,-0.00061819
322.04610240,0.00094283
322.25675474,0.00048758
322.46742351,-0.00311143
322.67810870,-0.00283191
322.88881033,0.00196431
323.09952838,-0.00076661
323.31026285,0.00068061
323.52101374,-0.00048181
323.73178104,-0.00222205
323.94256475,0.00348297
324.15336487,-0.00318266
324.36418138,0.00031117
324.57501430,0.00137220
324.78586360,-0.00025565
324.99672930,0.00003759
325.20761139,0.00064604
325.41850986,-0.00151861
325.62942471,0.00131314
325.84035593,-0.00110524
326.05130353,0.00202915
326.26226749,-0.00213926
326.47324782,0.00102887
326.68424451,-0.00274108
326.89525756,0.00053167
327.10628696,-0.00289136
327.31733271,0.00152871
327.52839481,-0.00125079
327.73947325,0.00011186
327.95056803,0.00178054
328.16167915,-0.00208480
328.37280659,0.00144291
328.58395037,-0.00078790
328.79511046,-0.00154998
329.00628688,-0.00188286
329.21747962,-0.00174798
329.42868867,-0.00217299
329.63991403,-0.00263096
329.85115569,0.00000386
330.06241365,0.00298099
330.27368792,-0.00347203
330.48497848,-0.00025243
330.69628533,-0.00201219
330.90760846,-0.00063118
331.11894788,-0.00035814
331.33030358,-0.00017006
331.54167556,-0.00023019
331.75306381,0.00282665
331.96446832,0.00159288
332.17588911,-0.00032906
332.38732615,-0.00104882
332.59877945,0.00206786
332.81024901,-0.00270101
333.02173481,-0.00014908
333.23323686,0.00114975
333.44475516,-0.00304744
333.65628969,-0.00024616
333.86784046,-0.00002868
334.07940747,-0.00155167
334.29099070,-0.00408294
334.50259015,0.00169863
334.71420583,0.00145130
334.92583772,-0.00160238
335.13748582,0.00182810
335.34915014,0.00107104
335.56083066,0.00366112
335.77252739,-0.00146171
335.98424031,0.00364770
336.19596943,0.00027313
336.40771473,0.00358154
336.61947623,0.00244639
336.83125391,-0.00230807
337.04304777,0.00065750
337.25485781,0.00050032
337.46668402,-0.00089104
337.67852640,-0.00010596
337.89038494,-0.00061798
338.10225965,-0.00046022
338.31415051,-0.00032010
338.52605753,0.00191589
338.73798070,0.00131772
338.94992001,0.00232207
339.16187547,0.00062029
339.37384707,0.00285053
339.58583481,-0.00386062
339.79783867,-0.00279712
340.00985867,0.00191524
340.22189479,-0.00018462
340.43394703,-0.00126543
340.64601539,0.00064409
340.85809986,-0.00244429
341.07020044,-0.00256685
341.28231713,0.00491886
341.49444992,-0.00193530
341.70659882,0.00086245
341.91876380,0.00154814
342.13094488,0.00074675
342.34314204,0.00373439
342.55535529,-0.00084779
342.76758462,0.00450681
342.97983003,0.00005910
343.19209151,-0.00014542
343.40436906,0.00027184
343.61666268,0.00030641
343.82897235,0.00023683
344.04129809,0.00282383
344.25363988,0.00273998
344.46599772,-0.00089859
344.67837161,0.00181081
344.89076154,0.00032129
345.10316751,-0.00221686
345.31558952,-0.00037607
345.52802756,0.00310141
345.74048163,-0.00207074
345.95295173,-0.00052871
346.16543784,-0.00225749
346.37793998,-0.00210228
346.59045813,0.00024782
346.80299228,-0.00189173
347.01554245,0.00126325
347.22810862,-0.00056852
347.44069079,-0.00019903
347.65328895,-0.00234165
347.86590310,-0.00200477
348.07853325,0.00031179
348.29117938,-0.00283580
348.50384148,0.00026803
348.71651957,0.00148094
348.92921363,-0.00272401
349.14192366,-0.00114354
349.35464966,0.00156545
349.56739161,-0.00224780
349.78014953,-0.00146476
349.99292340,0.00204862
350.20571322,0.00184952
350.41851899,-0.00198705
350.63134071,-0.00167728
350.84417836,-0.00100994
351.05703196,-0.00095758
351.26990148,-0.00258568
351.48278693,-0.00092044
351.69568831,0.00231820
351.90860561,0.00054403
352.12153883,-0.00241294
352.33448796,-0.00043252
352.54745301,0.00483322
352.76043396,0.00419386
352.97343081,-0.00257878
353.18644357,0.00081077
353.39947222,0.00143793
353.61251676,0.00021842
353.82557719,0.00042142
354.03865351,0.00058204
354.25174570,-0.00031534
354.46485378,0.00257655
354.67797773,0.00153312
354.89111754,-0.00213039
355.10427323,-0.00168985
355.31744478,-0.00341865
355.53063218,0.00051523
355.74383545,0.00071047
355.95705456,-0.00271343
356.17028952,0.00250327
356.38354033,-0.00085367
356.59680697,-0.00216762
356.81008946,0.00108943
357.02338777,-0.00173976
357.23670192,0.00163247
357.45003189,0.00091886
357.66337769,0.00226210
357.87673930,0.00046119
358.09011673,-0.00040677
358.30350996,-0.00126803
358.51691901,-0.00247328
358.73034386,0.00094436
358.94378451,-0.00039531
359.15724095,0.00266127
359.37071319,-0.00395997
359.58420122,0.00105827
359.79770503,0.00158557
360.01122463,0.00051610
360.22476000,0.00211346
360.43831115,0.00262055
360.65187806,-0.00300205
360.86546075,-0.00217917
361.07905919,-0.00143905
361.29267340,0.00064928
361.50630336,-0.00212375
361.71994907,0.00117696
361.93361053,-0.00115669
362.14728774,0.00071650
362.36098069,-0.00194921
362.57468937,0.00015704
362.78841379,0.00070030
363.00215394,0.00013865
363.21590981,0.00179889
363.42968141,-0.00105726
363.64346873,0.00040649
363.85727176,0.00235039
364.07109050,-0.00069712
364.28492495,0.00311807
364.49877510,-0.00214715
364.71264096,0.00128246
364.92652251,-0.00311208
365.14041975,-0.00113478
365.35433268,0.00352447
365.56826130,-0.00006167
365.78220560,-0.00125103
365.99616558,-0.00091157
366.21014124,-0.00078487
366.42413256,-0.00020375
366.63813955,-0.00374006
366.85216221,0.00127662
367.06620052,0.00191568
367.28025449,-0.00061754
367.49432411,-0.00164863
367.70840938,0.00465469
367.92251030,-0.00227047
368.13662686,0.00222631
368.35075905,0.00299203
368.56490688,-0.00013354
368.77907034,-0.00012253
368.99324943,0.00163031
369.20744414,0.00052055
369.42165446,0.00009648
369.63588041,0.00173364
369.85012196,0.00152698
370.06437912,-0.00183011
370.27865189,0.00194938
370.49294026,-0.00037804
370.70724422,0.00081985
370.92156378,0.00155203
371.13589893,0.00337242
371.35024966,-0.00128296
371.56461598,-0.00004380
371.77899788,0.00075651
371.99339534,0.00085895
372.20780838,0.00218071
372.42223699,0.00132378
372.63668116,0.00088361
372.85114090,0.00174943
373.06561618,-0.00103134
373.28010703,0.00217508
373.49461342,0.00085940
373.70913535,0.00377784
373.92367283,0.00389209
374.13822584,-0.00210142
374.35279439,0.00006946
374.56737847,0.00008201
374.78197808,0.00602593
374.99659321,0.00148051
375.21122386,0.00386821
375.42587002,0.00327112
375.64053170,0.00188387
375.85520888,-0.00038421
376.06990157,0.00129652
376.28460976,0.00232142
376.49933345,0.00314066
376.71407263,0.00295873
376.92882731,0.00139120
377.14359746,0.00063630
377.35838311,0.00007768
377.57318422,-0.00125639
377.78800082,0.00263468
378.00283289,0.00115154
378.21768042,0.00399664
378.43254342,0.00140848
378.64742188,0.00377873
378.86231579,0.00045859
379.07722516,0.00228447
379.29214998,-0.00071287
379.50709024,0.00077464
379.72204595,-0.00087505
379.93701709,-0.00074814
380.15200367,-0.00185216
380.36700568,-0.00003127
380.58202311,-0.00045346
380.79705597,0.00165796
381.01210425,0.00288978
381.22716795,0.00115944
381.44224706,0.00247698
381.65734157,0.00185401
381.87245150,0.00161105
382.08757682,0.00348319
382.30271754,0.00327540
382.51787365,0.00037733
382.73304516,0.00175203
382.94823205,0.00434663
383.16343433,0.00296306
383.37865198,-0.00054775
383.59388501,0.00254279
383.80913341,0.00386193
384.02439718,0.00396552
384.23967631,0.00092232
384.45497081,0.00483885
384.67028066,-0.00223633
384.88560586,0.00278232
385.10094642,0.00140591
385.31630232,0.00320769
385.53167356,0.00278212
385.74706014,0.00253176
385.96246206,0.00169469
386.17787931,0.00067196
386.39331188,0.00300176
386.60875978,0.00321859
386.82422300,0.00345052
387.03970154,0.00217119
387.25519539,0.00455069
387.47070454,0.00528505
387.68622901,0.00298272
387.90176877,0.00526312
388.11732383,-0.00089577
388.33289419,0.00098259
388.54847984,0.00073833
388.76408077,0.00566012
388.97969699,0.00535121
389.19532849,0.00435137
389.41097526,-0.00081040
389.62663730,0.00232988
389.84231462,0.00337402
390.05800720,0.00053165
390.27371504,0.00423267
390.48943813,0.00355151
390.70517648,0.00180369
390.92093008,0.00308497
391.13669893,0.00564178
391.35248302,0.00463738
391.56828235,0.00273217
391.78409691,0.00288762
391.99992671,0.00394008
392.21577173,0.00162079
392.43163198,0.00016154
392.64750745,0.00263660
392.86339813,0.00215345
393.07930403,0.00316173
393.29522514,0.00067929
393.51116145,0.00228661
393.72711297,0.00256462
393.94307968,0.00357356
394.15906159,0.00434027
394.37505869,0.00293902
394.59107097,0.00405022
394.80709844,0.00399058
395.02314109,0.00383699
395.23919892,0.00126969
395.45527192,0.00199153
395.67136009,0.00220881
395.88746342,0.00579461
396.10358191,0.00554426
396.31971556,0.00261133
396.53586437,0.00760512
396.75202832,0.00730851
396.96820743,0.00391641
397.18440167,0.00433514
397.40061106,0.00468829
397.61683558,0.00204579
397.83307523,0.00592085
398.04933001,0.00472946
398.26559992,0.00478028
398.48188494,0.00411745
398.69818509,0.00210695
398.91450034,0.00401476
399.13083071,0.00884017
399.34717618,0.00477399
399.56353676,0.00555831
399.77991243,0.00217422
399.99630320,0.00726444
400.21270906,0.00766778
400.42913001,0.00452973
400.64556604,0.00357635
400.86201715,0.00499581
401.07848334,0.00374411
401.29496460,0.00275032
401.51146093,0.00594787
401.72797232,0.00414536
401.94449878,0.00788703
402.16104030,0.00748946
402.37759687,0.00609962
402.59416849,0.00500771
402.81075515,0.00527529
403.02735686,0.00680068
403.24397361,0.00558944
403.46060540,0.00444344
403.67725222,0.00577857
403.89391407,0.00480488
404.11059094,0.00529909
404.32728283,0.00548180
404.54398974,0.00665294
404.76071167,0.00730375
404.97744860,0.00767107
405.19420054,0.00716476
405.41096749,0.00691072
405.62774943,0.00476027
405.84454637,0.00678532
406.06135830,0.00789196
406.27818521,0.00335433
406.49502712,0.00472946
406.71188400,0.00965322
406.92875586,0.00605077
407.14564269,0.00600576
407.36254449,0.00852172
407.57946126,0.00703071
407.79639299,0.00401323
408.01333968,0.00484318
408.23030132,0.00712257
408.44727792,0.00423029
408.66426946,0.00779664
408.88127594,0.00496810
409.09829737,0.00838248
409.31533373,0.01043016
409.53238502,0.00694637
409.74945125,0.00472275
409.96653239,0.00997186
410.18362846,0.00845837
410.40073945,0.00822363
410.61786535,0.00433062
410.83500616,0.00820178
411.05216188,0.00876014
411.26933250,0.00782217
411.48651803,0.01001598
411.70371844,0.00643773
411.92093375,0.00832177
412.13816395,0.00704540
412.35540903,0.00696044
412.57266899,0.00700347
412.78994383,0.00667509
413.00723355,0.00409300
413.22453813,0.00641201
413.44185758,0.00518086
413.65919189,0.00670636
413.87654106,0.00651337
414.09390509,0.00771860
414.31128396,0.00835028
414.52867769,0.00620035
414.74608626,0.00618910
414.96350966,0.00427590
415.18094791,0.00545433
415.39840099,0.00637698
415.61586890,0.00750088
415.83335163,0.00303179
416.05084918,0.00712603
416.26836156,0.00983067
416.48588875,0.00706106
416.70343074,0.00739171
416.92098755,0.01059878
417.13855916,0.00540586
417.35614557,0.00435612
417.57374677,0.00454158
417.79136277,0.00763277
418.00899355,0.00673476
418.22663913,0.00633051
418.44429948,0.00672829
418.66197461,0.00543183
418.87966451,0.00593381
419.09736918,0.00698424
419.31508862,0.00612210
419.53282283,0.00352033
419.75057179,0.00552179
419.96833550,0.00765592
420.18611397,0.00270990
420.40390719,0.00660168
420.62171515,0.00593489
420.83953785,0.00300347
421.05737529,0.00870179
421.27522746,0.00871384
421.49309437,0.00371525
421.71097599,0.00456471
421.92887234,0.00862765
422.14678341,0.00485049
422.36470920,0.00821731
422.58264969,0.00682924
422.80060489,0.00668072
423.01857480,0.00790343
423.23655940,0.00471107
423.45455870,0.00631342
423.67257270,0.00562944
423.89060138,0.00694707
424.10864475,0.00903971
424.32670280,0.00847503
424.54477553,0.00935056
424.76286293,0.00729509
424.98096500,0.00335108
425.19908174,0.00579112
425.41721315,0.00628274
425.63535921,0.00797543
425.85351993,0.00559547
426.07169530,0.00968197
426.28988531,0.00666536
426.50808998,0.00573294
426.72630928,0.00468978
426.94454322,0.00672007
427.16279180,0.00507904
427.38105500,0.00511491
427.59933283,0.00356484
427.81762529,0.00782628
428.03593236,0.00734600
428.25425405,0.00568799
428.47259035,0.00682576
428.69094125,0.00628877
428.90930676,0.00895300
429.12768688,0.00777351
429.34608158,0.00877120
429.56449089,0.00263271
429.78291478,0.00751860
430.00135325,0.00915405
430.21980631,0.00851912
430.43827395,0.00578742
430.65675616,0.00943812
430.87525294,0.00589296
431.09376429,0.00652267
431.31229020,0.00806556
431.53083067,0.00939769
431.74938570,0.00616426
431.96795528,0.01063479
432.18653941,0.01093084
432.40513808,0.00301383
432.62375130,0.00785300
432.84237905,0.01048131
433.06102134,0.01000429
433.27967815,0.00445167
433.49834950,0.00887385
433.71703536,0.01106258
433.93573575,0.00872622
434.15445065,0.01138003
434.37318007,0.00855261
434.59192399,0.00884599
434.81068241,0.00955722
435.02945534,0.00797325
435.24824276,0.01003346
435.46704468,0.01094988
435.68586109,0.00827655
435.90469198,0.00706054
436.12353735,0.00970248
436.34239721,0.00931833
436.56127153,0.00811961
436.78016033,0.01043968
436.99906360,0.00799053
437.21798133,0.00788842
437.43691352,0.01221061
437.65586017,0.00817923
437.87482127,0.00988893
438.09379682,0.01010416
438.31278681,0.00783039
438.53179125,0.00859532
438.75081012,0.00873087
438.96984343,0.01139996
439.18889117,0.01193822
439.40795333,0.01046625
439.62702992,0.01284034
439.84612093,0.01260473
440.06522636,0.01219313
440.28434619,0.01309977
440.50348044,0.01115092
440.72262909,0.01091267
440.94179214,0.01270912
441.16096958,0.01235478
441.38016143,0.01657659
441.59936766,0.01647044
441.81858828,0.01445456
442.03782328,0.01425137
442.25707266,0.01683777
442.47633641,0.01664190
442.69561454,0.01596916
442.91490703,0.01176356
443.13421389,0.01676814
443.35353511,0.01719961
443.57287068,0.01489445
443.79222061,0.01802524
444.01158489,0.02008651
444.23096351,0.01512923
444.45035648,0.02111124
444.66976378,0.02073920
444.88918542,0.02441242
445.10862139,0.02416197
445.32807169,0.02322547
445.54753631,0.02260458
445.76701525,0.02023804
445.98650851,0.02146359
446.20601607,0.02143421
446.42553795,0.02339128
446.64507413,0.02443844
446.86462462,0.02095284
447.08418940,0.02470588
447.30376848,0.02610070
447.52336184,0.02331171
447.74296949,0.02680696
447.96259143,0.02267031
448.18222765,0.02465183
448.40187814,0.02081938
448.62154290,0.02087018
448.84122193,0.02551417
449.06091522,0.02415331
449.28062278,0.02466111
449.50034459,0.02369199
449.72008066,0.02359945
449.93983098,0.01780944
450.15959554,0.02244504
450.37937434,0.02213830
450.59916739,0.02266966
450.81897466,0.02123464
451.03879617,0.02409135
451.25863191,0.02614607
451.47848187,0.01950326
451.69834605,0.02395940
451.91822445,0.02547957
452.13811706,0.02061637
452.35802388,0.02133775
452.57794490,0.02532201
452.79788013,0.02096052
453.01782956,0.02511102
453.23779317,0.02560949
453.45777098,0.02587952
453.67776298,0.02398534
453.89776916,0.02578612
454.11778952,0.02623362
454.33782406,0.02751224
454.55787276,0.02536951
454.77793564,0.02258773
454.99801268,0.02671656
455.21810388,0.02784700
455.43820924,0.02555718
455.65832876,0.02813685
455.87846242,0.02653883
456.09861023,0.03232971
456.31877218,0.02691327
456.53894827,0.02968777
456.75913850,0.03188696
456.97934286,0.02618737
457.19956135,0.02873744
457.41979396,0.02809927
457.64004069,0.02827166
457.86030154,0.02991303
458.08057650,0.03161525
458.30086557,0.03052202
458.52116874,0.02916221
458.74148602,0.03092452
458.96181740,0.03232819
459.18216287,0.03310059
459.40252243,0.03229122
459.62289608,0.03491914
459.84328382,0.03513572
460.06368563,0.03403557
460.28410152,0.03154604
460.50453148,0.03555640
460.72497551,0.03317389
460.94543361,0.03421696
461.16590577,0.03627304
461.38639198,0.03369424
461.60689225,0.03985607
461.82740657,0.03683339
462.04793494,0.03834848
462.26847735,0.03883071
462.48903380,0.04355990
462.70960428,0.03825954
462.93018880,0.04035954
463.15078734,0.04251787
463.37139991,0.04357304
463.59202650,0.04182262
463.81266711,0.04290916
464.03332173,0.04658660
464.25399036,0.04343273
464.47467300,0.04263500
464.69536964,0.04541436
464.91608028,0.04453799
465.13680491,0.04228157
465.35754354,0.04297575
465.57829615,0.04348225
465.79906274,0.04607188
466.01984332,0.04480572
466.24063787,0.04683865
466.46144640,0.04447966
466.68226889,0.04601329
466.90310535,0.04900483
467.12395578,0.04482409
467.34482016,0.04349264
467.56569849,0.04494473
467.78659078,0.04550897
468.00749701,0.04467624
468.22841719,0.04347103
468.44935130,0.04421965
468.67029935,0.04510342
468.89126134,0.04660934
469.11223725,0.05068671
469.33322709,0.04723031
469.55423085,0.04351642
469.77524852,0.04367033
469.99628011,0.04729029
470.21732561,0.04415716
470.43838502,0.04701271
470.65945833,0.04383960
470.88054554,0.04641735
471.10164664,0.04569854
471.32276164,0.04170071
471.54389052,0.04660596
471.76503329,0.04549467
471.98618994,0.04456231
472.20736046,0.04607856
472.42854486,0.04462435
472.64974313,0.04032016
472.87095527,0.04251248
473.09218126,0.04143156
473.31342112,0.04504267
473.53467483,0.04195948
473.75594239,0.04091686
473.97722379,0.03732302
474.19851905,0.04061938
474.41982814,0.04102084
474.64115107,0.03872522
474.86248783,0.03986922
475.08383842,0.04133061
475.30520283,0.03960465
475.52658107,0.03824072
475.74797312,0.03825781
475.96937899,0.03918631
476.19079867,0.04093848
476.41223216,0.04356691
476.63367944,0.04409949
476.85514053,0.04507705
477.07661542,0.03943818
477.29810409,0.04303434
477.51960656,0.04539569
477.74112281,0.04462046
477.96265284,0.03905533
478.18419664,0.04168731
478.40575422,0.04024981
478.62732557,0.03745965
478.84891069,0.04112413
479.07050957,0.04145013
479.29212221,0.04023739
479.51374860,0.03926835
479.73538875,0.04465114
479.95704264,0.04322843
480.17871027,0.04164430
480.40039165,0.04138012
480.62208676,0.03930370
480.84379561,0.03831237
481.06551819,0.04039424
481.28725449,0.03842817
481.50900451,0.03884906
481.73076825,0.04328953
481.95254571,0.04242791
482.17433688,0.04112222
482.39614175,0.03895399
482.61796033,0.03987093
482.83979260,0.04088162
483.06163858,0.04365674
483.28349824,0.04021967
483.50537160,0.03853171
483.72725864,0.03820723
483.94915936,0.03767176
484.17107375,0.04449117
484.39300183,0.03905963
484.61494357,0.03826365
484.83689898,0.04232202
485.05886805,0.04383095
485.28085078,0.04362580
485.50284716,0.03753641
485.72485720,0.03855289
485.94688089,0.04443109
486.16891822,0.04092777
486.39096919,0.04076875
486.61303380,0.04521257
486.83511204,0.03902331
487.05720391,0.03932856
487.27930941,0.03995700
487.50142853,0.04426227
487.72356126,0.04462479
487.94570762,0.04227728
488.16786758,0.03607093
488.39004115,0.03972840
488.61222833,0.04482411
488.83442910,0.03441107
489.05664347,0.03980090
489.27887144,0.03898722
489.50111299,0.03721508
489.72336813,0.04006855
489.94563685,0.03953541
490.16791915,0.04002619
490.39021502,0.04065135
490.61252446,0.04090864
490.83484747,0.04392065
491.05718404,0.04440471
491.27953418,0.04268022
491.50189786,0.04424126
491.72427510,0.04585007
491.94666589,0.04421813
492.16907023,0.05093746
492.39148810,0.04902404
492.61391951,0.04707259
492.83636446,0.04682744
493.05882293,0.04513172
493.28129494,0.04695606
493.50378046,0.04874670
493.72627950,0.04937124
493.94879206,0.05065884
494.17131813,0.04567799
494.39385771,0.04915117
494.61641079,0.04515615
494.83897737,0.05345121
495.06155745,0.04603255
495.28415102,0.05308479
495.50675808,0.05111379
495.72937863,0.04773130
495.95201266,0.04472011
496.17466017,0.04518706
496.39732115,0.04150530
496.61999560,0.04344874
496.84268352,0.04284646
497.06538491,0.04233713
497.28809975,0.04026936
497.51082805,0.04646966
497.73356980,0.04612095
497.95632500,0.04255919
498.17909365,0.04113343
498.40187573,0.04101197
498.62467126,0.04120067
498.84748022,0.03850662
499.07030261,0.04141125
499.29313842,0.03931711
499.51598766,0.04650039
499.73885032,0.04770884
499.96172639,0.04221307
500.18461588,0.04384027
500.40751877,0.04069653
500.63043507,0.04047191
500.85336476,0.03940681
501.07630786,0.04121993
501.29926435,0.03926302
501.52223423,0.04269731
501.74521749,0.04370122
501.96821414,0.04472942
502.19122417,0.04457546
502.41424757,0.04438438
502.63728434,0.04063072
502.86033448,0.03963770
503.08339798,0.04027997
503.30647484,0.04238537
503.52956506,0.03771304
503.75266864,0.04000304
503.97578556,0.04047646
504.19891582,0.04231034
504.42205943,0.04370469
504.64521638,0.04624053
504.86838666,0.04494438
505.09157027,0.05035919
505.31476721,0.04430653
505.53797747,0.04948234
505.76120105,0.04710954
505.98443795,0.04881738
506.20768816,0.05005937
506.43095168,0.04996571
506.65422850,0.05156678
506.87751863,0.05367712
507.10082205,0.05556700
507.32413876,0.05032458
507.54746877,0.05351905
507.77081206,0.05992002
507.99416863,0.05762675
508.21753849,0.05906956
508.44092162,0.06136536
508.66431802,0.05959116
508.88772768,0.05663080
509.11115062,0.05929299
509.33458681,0.05855071
509.55803626,0.05811368
509.78149896,0.06004453
510.00497491,0.06040080
510.22846411,0.05721688
510.45196655,0.06250185
510.67548223,0.05793371
510.89901114,0.06023650
511.12255328,0.05441254
511.34610865,0.05962221
511.56967725,0.05567206
511.79325906,0.05441538
512.01685409,0.04988292
512.24046234,0.05340041
512.46408379,0.05565865
512.68771845,0.05482593
512.91136631,0.05484365
513.13502736,0.05766613
513.35870161,0.05810000
513.58238905,0.05431417
513.80608968,0.05680375
514.02980349,0.05504425
514.25353048,0.05116121
514.47727065,0.05344839
514.70102398,0.04841462
514.92479049,0.04859644
515.14857016,0.04964969
515.37236299,0.04711690
515.59616898,0.04692508
515.81998812,0.04116675
516.04382041,0.04821383
516.26766585,0.04117562
516.49152443,0.04561683
516.71539615,0.03969153
516.93928100,0.03630290
517.16317899,0.04339448
517.38709010,0.04464097
517.61101433,0.04421251
517.83495169,0.04613655
518.05890216,0.04619468
518.28286575,0.04588253
518.50684245,0.04580468
518.73083225,0.04683802
518.95483515,0.04597417
519.17885115,0.04924996
519.40288024,0.04864010
519.62692243,0.04897889
519.85097770,0.05635175
520.07504606,0.05304362
520.29912749,0.04997504
520.52322201,0.05493118
520.74732959,0.05809111
520.97145024,0.06106035
521.19558396,0.06320379
521.41973074,0.06439234
521.64389057,0.06386271
521.86806346,0.06705334
522.09224940,0.06938786
522.31644839,0.06755986
522.54066042,0.07108877
522.76488549,0.06933446
522.98912359,0.07272072
523.21337473,0.07281907
523.43763889,0.07478631
523.66191608,0.07009260
523.88620629,0.07422726
524.11050951,0.07220056
524.33482575,0.07342719
524.55915500,0.07717276
524.78349725,0.07829969
525.00785250,0.08228931
525.23222076,0.07713360
525.45660201,0.07929995
525.68099625,0.08424985
525.90540347,0.08715381
526.12982368,0.08649553
526.35425688,0.08767513
526.57870304,0.08508916
526.80316218,0.08881959
527.02763429,0.09496722
527.25211936,0.09068726
527.47661740,0.09630021
527.70112839,0.09753298
527.92565234,0.09691932
528.15018924,0.10051226
528.37473908,0.10676208
528.59930187,0.10818195
528.82387760,0.10536985
529.04846626,0.10977108
529.27306785,0.11200576
529.49768238,0.11528219
529.72230982,0.11600433
529.94695019,0.11315735
530.17160348,0.11356877
530.39626968,0.10938084
530.62094879,0.11741676
530.84564080,0.11996876
531.07034572,0.11865784
531.29506354,0.12413479
531.51979425,0.12659882
531.74453785,0.13143891
531.96929434,0.12874074
532.19406372,0.12354198
532.41884597,0.12636879
532.64364110,0.12622656
532.86844911,0.12449925
533.09326998,0.12405050
533.31810372,0.11454239
533.54295032,0.12044590
533.76780978,0.11737310
533.99268209,0.11282484
534.21756726,0.11717635
534.44246527,0.11462065
534.66737613,0.11752623
534.89229982,0.11266468
535.11723635,0.11585915
535.34218572,0.11481039
535.56714791,0.10954540
535.79212292,0.10536572
536.01711076,0.10205712
536.24211142,0.09580187
536.46712489,0.10073490
536.69215117,0.09809450
536.91719025,0.10128232
537.14224214,0.10422518
537.36730683,0.10060739
537.59238431,0.09754519
537.81747459,0.09976645
538.04257765,0.10183034
538.26769350,0.09678488
538.49282213,0.09723074
538.71796353,0.10010067
538.94311771,0.09698018
539.16828466,0.09459843
539.39346438,0.09926945
539.61865685,0.09687158
539.84386209,0.09980124
540.06908008,0.09468599
540.29431082,0.10087566
540.51955431,0.09323563
540.74481054,0.09770689
540.97007951,0.09595712
541.19536122,0.09230735
541.42065566,0.10201926
541.64596283,0.10540250
541.87128272,0.10290647
542.09661534,0.10914740
542.32196068,0.11772588
542.54731873,0.11809814
542.77268948,0.11470366
542.99807295,0.12392294
543.22346912,0.12103347
543.44887799,0.12445776
543.67429955,0.12753670
543.89973381,0.13173808
544.12518076,0.12631107
544.35064039,0.12994312
544.57611270,0.13525999
544.80159769,0.13605564
545.02709535,0.14122818
545.25260568,0.14642539
545.47812868,0.15697103
545.70366434,0.15671601
545.92921266,0.15955479
546.15477363,0.16575132
546.38034726,0.17271409
546.60593353,0.16820432
546.83153245,0.17118807
547.05714401,0.17242206
547.28276820,0.17581151
547.50840503,0.17784881
547.73405449,0.18337288
547.95971657,0.18442071
548.18539128,0.17793180
548.41107860,0.18751889
548.63677854,0.17687168
548.86249109,0.17823188
549.08821624,0.17746612
549.31395400,0.17519387
549.53970436,0.18834438
549.76546732,0.19002821
549.99124286,0.19217554
550.21703100,0.19155085
550.44283172,0.19323441
550.66864502,0.19101313
550.89447090,0.18632374
551.12030936,0.18841439
551.34616038,0.18334250
551.57202397,0.18412377
551.79790013,0.18444836
552.02378884,0.18886146
552.24969011,0.18458003
552.47560393,0.19300612
552.70153030,0.18725916
552.92746921,0.19194681
553.15342067,0.19298820
553.37938466,0.19247216
553.60536118,0.19393327
553.83135024,0.19904458
554.05735182,0.19852521
554.28336592,0.21001457
554.50939254,0.20437073
554.73543167,0.21091905
554.96148332,0.20892654
555.18754748,0.20597167
555.41362413,0.20445126
555.63971329,0.21666151
555.86581495,0.21419064
556.09192909,0.21722636
556.31805573,0.22528731
556.54419485,0.23125539
556.77034646,0.23151480
556.99651054,0.23797887
557.22268709,0.23885393
557.44887612,0.24763996
557.67507761,0.25008519
557.90129157,0.25510836
558.12751799,0.25826679
558.35375686,0.25908867
558.58000818,0.25759273
558.80627196,0.26728326
559.03254817,0.27605758
559.25883683,0.27796831
559.48513793,0.28520312
559.71145146,0.29790933
559.93777742,0.31265897
560.16411580,0.32363132
560.39046661,0.32359921
560.61682984,0.33787368
560.84320548,0.31879092
561.06959353,0.32692839
561.29599400,0.33605275
561.52240686,0.33858876
561.74883213,0.34649382
561.97526979,0.34631334
562.20171985,0.35205100
562.42818230,0.35905937
562.65465713,0.35894955
562.88114434,0.36396601
563.10764393,0.37543863
563.33415590,0.37979241
563.56068024,0.38166299
563.78721694,0.38045436
564.01376601,0.37229577
564.24032744,0.37501134
564.46690122,0.37512916
564.69348736,0.38043275
564.92008585,0.37467257
565.14669668,0.37907685
565.37331985,0.37580102
565.59995536,0.38088972
565.82660320,0.37911929
566.05326338,0.39086168
566.27993588,0.37683890
566.50662070,0.38832139
566.73331785,0.38828928
566.96002731,0.39341224
567.18674908,0.39503379
567.41348316,0.39607959
567.64022954,0.38442145
567.86698822,0.38583440
568.09375920,0.38094961
568.32054248,0.37161491
568.54733804,0.36182949
568.77414589,0.35540138
569.00096603,0.34894055
569.22779844,0.35852710
569.45464313,0.34923219
569.68150008,0.35173841
569.90836931,0.35058422
570.13525080,0.34702607
570.36214455,0.33998700
570.58905055,0.33969302
570.81596881,0.33751734
571.04289932,0.32429573
571.26984207,0.31727373
571.49679707,0.32307240
571.72376430,0.32217047
571.95074377,0.32093910
572.17773547,0.32463342
572.40473940,0.31722211
572.63175554,0.31066016
572.85878391,0.31291448
573.08582450,0.30916629
573.31287729,0.30205355
573.53994230,0.30158939
573.76701951,0.29996069
573.99410892,0.29699936
574.22121053,0.29133295
574.44832433,0.29591535
574.67545032,0.29708594
574.90258850,0.29656514
575.12973886,0.29181890
575.35690140,0.29156131
575.58407612,0.29661161
575.81126301,0.29389704
576.03846206,0.29745623
576.26567328,0.29922968
576.49289666,0.30181730
576.72013220,0.30834052
576.94737989,0.30860425
577.17463973,0.31070542
577.40191171,0.31239933
577.62919584,0.30860200
577.85649211,0.30196727
578.08380051,0.30697512
578.31112104,0.29154627
578.53845370,0.29113921
578.76579848,0.28440478
578.99315538,0.27950331
579.22052440,0.27641603
579.44790553,0.27095972
579.67529877,0.26225273
579.90270412,0.26286687
580.13012157,0.26358210
580.35755111,0.27470088
580.58499275,0.26665848
580.81244648,0.27693171
581.03991229,0.28176304
581.26739019,0.28073627
581.49488017,0.27448574
581.72238223,0.27081477
581.94989635,0.26835606
582.17742255,0.27193504
582.40496080,0.27516997
582.63251112,0.28621203
582.86007350,0.27886816
583.08764793,0.27937916
583.31523441,0.27608752
583.54283294,0.26464303
583.77044351,0.26097811
583.99806611,0.26277262
584.22570076,0.26180761
584.45334743,0.26688634
584.68100613,0.25871663
584.90867686,0.25733644
585.13635960,0.25206996
585.36405437,0.24971726
585.59176114,0.24333321
585.81947993,0.23944219
586.04721072,0.23066588
586.27495351,0.23117716
586.50270830,0.22194720
586.73047508,0.22024815
586.95825386,0.20913623
587.18604462,0.21531660
587.41384737,0.21334981
587.64166209,0.20944968
587.86948879,0.20770402
588.09732747,0.20269141
588.32517811,0.19385015
588.55304072,0.20167261
588.78091529,0.19710423
589.00880181,0.19428869
589.23670029,0.18995255
589.46461072,0.18790856
589.69253310,0.19999913
589.92046742,0.19701691
590.14841368,0.20078959
590.37637187,0.20993067
590.60434200,0.20053806
590.83232405,0.20027236
591.06031803,0.20306457
591.28832393,0.21092968
591.51634174,0.21519899
591.74437147,0.21986140
591.97241311,0.22181996
592.20046665,0.22700594
592.42853210,0.23309464
592.65660944,0.23572159
592.88469868,0.24702128
593.11279981,0.25035866
593.34091283,0.25177528
593.56903773,0.25544128
593.79717452,0.25290633
594.02532317,0.24951168
594.25348370,0.25075709
594.48165610,0.25151134
594.70984037,0.25526790
594.93803650,0.26070051
595.16624448,0.26002604
595.39446432,0.25911442
595.62269601,0.26493078
595.85093954,0.26109786
596.07919492,0.26443529
596.30746214,0.26875544
596.53574120,0.26614503
596.76403208,0.27440470
596.99233480,0.26749727
597.22064934,0.26682147
597.44897570,0.26406087
597.67731387,0.26328256
597.90566386,0.25918793
598.13402567,0.25733332
598.36239927,0.25671200
598.59078468,0.25462713
598.81918189,0.25662702
599.04759090,0.25239898
599.27601169,0.24199224
599.50444427,0.23854329
599.73288864,0.22692511
599.96134479,0.23032605
600.18981271,0.22599809
600.41829241,0.22750563
600.64678387,0.22973786
600.87528711,0.22901793
601.10380210,0.21909049
601.33232885,0.22158209
601.56086736,0.21208190
601.78941762,0.21284913
602.01797962,0.21928157
602.24655337,0.21943423
602.47513886,0.21782172
602.70373608,0.22118452
602.93234504,0.22053005
603.16096572,0.22125682
603.38959813,0.21879541
603.61824226,0.22063176
603.84689811,0.21960069
604.07556567,0.22336180
604.30424495,0.21647017
604.53293593,0.21954944
604.76163861,0.21845297
604.99035299,0.22757938
605.21907907,0.22214425
605.44781683,0.22477129
605.67656629,0.22293588
605.90532743,0.22671386
606.13410025,0.22699980
606.36288475,0.22071854
606.59168093,0.21882520
606.82048877,0.22166378
607.04930828,0.22911178
607.27813945,0.23593937
607.50698227,0.23420172
607.73583676,0.23963435
607.96470289,0.23454764
608.19358067,0.24280402
608.42247010,0.24129010
608.65137117,0.24547341
608.88028387,0.24161555
609.10920820,0.25167888
609.33814417,0.24763933
609.56709176,0.25366324
609.79605097,0.24903757
610.02502180,0.24948029
610.25400424,0.24153957
610.48299830,0.23994824
610.71200396,0.23765737
610.94102122,0.23160411
611.17005008,0.22332475
611.39909054,0.22078968
611.62814260,0.21663574
611.85720624,0.20637515
612.08628146,0.20567992
612.31536827,0.20818891
612.54446665,0.19843222
612.77357661,0.21088124
613.00269813,0.20090793
613.23183122,0.20708749
613.46097588,0.21091235
613.69013210,0.21040238
613.91929986,0.20877042
614.14847919,0.20955322
614.37767005,0.20562761
614.60687247,0.20401791
614.83608642,0.20318132
615.06531191,0.21134432
615.29454894,0.21368780
615.52379749,0.21279638
615.75305757,0.21946534
615.98232917,0.22295722
616.21161229,0.22047017
616.44090692,0.21678167
616.67021306,0.22075506
616.89953072,0.22696691
617.12885987,0.22900927
617.35820053,0.23260742
617.58755268,0.23445013
617.81691632,0.24871060
618.04629145,0.25211946
618.27567807,0.26325275
618.50507617,0.26884562
618.73448574,0.28544201
618.96390679,0.28682641
619.19333932,0.29388493
619.42278330,0.29072113
619.65223875,0.30252234
619.88170566,0.30434485
620.11118403,0.30490154
620.34067384,0.30096336
620.57017511,0.31966516
620.79968782,0.31846365
621.02921197,0.31091954
621.25874756,0.30883450
621.48829458,0.31353102
621.71785303,0.31696396
621.94742290,0.32846760
622.17700420,0.32497391
622.40659692,0.33272807
622.63620105,0.34193914
622.86581660,0.34398332
623.09544355,0.34708858
623.32508190,0.35386671
623.55473166,0.34867355
623.78439281,0.35583092
624.01406536,0.35554599
624.24374929,0.35634627
624.47344461,0.34986108
624.70315131,0.34115956
624.93286939,0.33885316
625.16259884,0.33625013
625.39233967,0.33392326
625.62209186,0.31726897
625.85185541,0.30717953
626.08163032,0.30401734
626.31141659,0.29450863
626.54121422,0.29112129
626.77102319,0.27960209
627.00084350,0.27307692
627.23067516,0.26363258
627.46051815,0.25197775
627.69037248,0.24363414
627.92023814,0.23705282
628.15011512,0.23646753
628.38000343,0.22834715
628.60990305,0.22124159
628.83981399,0.22288920
629.06973624,0.21696087
629.29966980,0.21131532
629.52961467,0.20233352
629.75957083,0.20222513
629.98953830,0.20246833
630.21951705,0.21407022
630.44950710,0.20989900
630.67950843,0.21416373
630.90952104,0.21207758
631.13954493,0.21046454
631.36958009,0.20845548
631.59962653,0.21179442
631.82968423,0.21119122
632.05975320,0.20423127
632.28983343,0.21381157
632.51992491,0.20460214
632.75002765,0.20682373
632.98014163,0.20312533
633.21026686,0.20503247
633.44040333,0.20188766
633.67055104,0.19661370
633.90070999,0.18959801
634.13088016,0.19869459
634.36106156,0.19161194
634.59125418,0.18308123
634.82145802,0.18823240
635.05167308,0.18866435
635.28189935,0.18833443
635.51213683,0.18601406
635.74238551,0.18733439
635.97264540,0.17926704
636.20291648,0.18275286
636.43319875,0.18447000
636.66349222,0.18338110
636.89379687,0.18777886
637.12411270,0.18204370
637.35443971,0.19072110
637.58477790,0.18332963
637.81512726,0.20433105
638.04548778,0.20466519
638.27585947,0.21116314
638.50624232,0.21186832
638.73663633,0.21623279
638.96704149,0.21640057
639.19745779,0.21681797
639.42788525,0.21840098
639.65832384,0.21242561
639.88877358,0.21719139
640.11923445,0.22545728
640.34970644,0.23300563
640.58018957,0.23203615
640.81068382,0.24230905
641.04118919,0.25313879
641.27170567,0.25900603
641.50223327,0.25996671
641.73277198,0.26651686
641.96332179,0.28300798
642.19388270,0.29300935
642.42445471,0.30507517
642.65503781,0.30754748
642.88563200,0.32109946
643.11623728,0.32862132
643.34685365,0.34051582
643.57748109,0.35862759
643.80811960,0.36886292
644.03876919,0.36232652
644.26942985,0.38361688
644.50010157,0.38985224
644.73078435,0.40976072
644.96147819,0.41847996
645.19218308,0.41467031
645.42289902,0.42522387
645.65362601,0.42846062
645.88436404,0.42314628
646.11511310,0.43332717
646.34587321,0.43913581
646.57664434,0.43827614
646.80742650,0.43668698
647.03821969,0.43999101
647.26902389,0.44824677
647.49983911,0.44468864
647.73066534,0.44247657
647.96150259,0.45193732
648.19235083,0.44970979
648.42321008,0.43224530
648.65408033,0.44031054
648.88496157,0.44593355
649.11585380,0.44781680
649.34675702,0.44739414
649.57767122,0.45069121
649.80859640,0.44332165
650.03953256,0.43541646
650.27047969,0.42365778
650.50143778,0.41722474
650.73240684,0.42099422
650.96338687,0.39588013
651.19437785,0.40391697
651.42537978,0.39516262
651.65639266,0.39084910
651.88741649,0.37696677
652.11845126,0.36490607
652.34949697,0.35143100
652.58055362,0.34742847
652.81162119,0.33312902
653.04269970,0.33956627
653.27378913,0.33142559
653.50488948,0.32391205
653.73600074,0.31433459
653.96712292,0.31110134
654.19825601,0.32558237
654.42940000,0.33109657
654.66055490,0.33191940
654.89172069,0.34790683
655.12289738,0.36855513
655.35408496,0.38031720
655.58528342,0.40602071
655.81649277,0.41229411
656.04771300,0.42824025
656.27894411,0.43551022
656.51018608,0.44988456
656.74143893,0.45421014
656.97270264,0.44504535
657.20397721,0.45835643
657.43526264,0.45647155
657.66655893,0.47617679
657.89786606,0.47940667
658.12918404,0.47534403
658.36051286,0.48604679
658.59185253,0.48724996
658.82320303,0.48183483
659.05456435,0.47894222
659.28593651,0.45707887
659.51731949,0.46031305
659.74871330,0.45492364
659.98011792,0.45157999
660.21153335,0.43348114
660.44295959,0.43903370
660.67439664,0.42404632
660.90584449,0.41273339
661.13730314,0.41288494
661.36877259,0.40600820
661.60025282,0.41151435
661.83174384,0.41999232
662.06324565,0.41058261
662.29475824,0.41387674
662.52628160,0.41772001
662.75781573,0.42621786
662.98936064,0.42280653
663.22091631,0.42728623
663.45248274,0.43441370
663.68405993,0.43155429
663.91564787,0.43598924
664.14724657,0.45110527
664.37885601,0.45171318
664.61047619,0.45615181
664.84210712,0.46345784
665.07374878,0.48186910
665.30540117,0.48811368
665.53706429,0.50569225
665.76873813,0.50671391
666.00042270,0.50597695
666.23211798,0.51344403
666.46382398,0.52777682
666.69554069,0.53093437
666.92726810,0.53705619
667.15900621,0.53645127
667.39075503,0.53913421
667.62251454,0.54158558
667.85428474,0.56372866
668.08606563,0.57810372
668.31785720,0.59670349
668.54965945,0.57712097
668.78147238,0.59400692
669.01329599,0.58820216
669.24513026,0.60657009
669.47697520,0.60609965
669.70883080,0.60946981
669.94069705,0.58509617
670.17257397,0.57888501
670.40446153,0.56027053
670.63635974,0.56733446
670.86826860,0.55603211
671.10018809,0.54764428
671.33211822,0.54014085
671.56405898,0.53976990
671.79601037,0.52937579
672.02797239,0.52426127
672.25994503,0.54045930
672.49192828,0.54825906
672.72392215,0.55727471
672.95592663,0.55947366
673.18794172,0.56250713
673.41996741,0.57979213
673.65200370,0.56265888
673.88405058,0.56212839
674.11610806,0.55634162
674.34817612,0.55832631
674.58025477,0.54136649
674.81234400,0.54416355
675.04444381,0.53825056
675.27655419,0.54242090
675.50867513,0.53198932
675.74080665,0.54242349
675.97294873,0.54263491
676.20510136,0.55136668
676.43726455,0.55449731
676.66943830,0.54805500
676.90162259,0.54007287
677.13381742,0.53552799
677.36602279,0.52801636
677.59823870,0.53196877
677.83046515,0.50689311
678.06270212,0.49200321
678.29494962,0.49112076
678.52720764,0.50638853
678.75947617,0.51987336
678.99175522,0.53650921
679.22404479,0.53748961
679.45634486,0.55637451
679.68865543,0.56972022
679.92097650,0.59303230
680.15330807,0.60590262
680.38565013,0.60626040
680.61800268,0.60141429
680.85036571,0.59730383
681.08273922,0.59195980
681.31512321,0.60180801
681.54751768,0.60475706
681.77992262,0.59626397
682.01233802,0.58850090
682.24476388,0.58636311
682.47720020,0.57206101
682.70964698,0.56767234
682.94210421,0.55222436
683.17457189,0.54698017
683.40705001,0.55073045
683.63953858,0.55889562
683.87203758,0.54469510
684.10454701,0.54319040
684.33706687,0.52975843
684.56959716,0.52689891
684.80213787,0.51632646
685.03468900,0.51433925
685.26725054,0.51769599
685.49982249,0.52987840
685.73240485,0.51383251
685.96499762,0.52431145
686.19760078,0.53502926
686.43021434,0.54453742
686.66283829,0.53022635
686.89547264,0.53618559
687.12811736,0.50988521
687.36077247,0.50485246
687.59343796,0.48362027
687.82611382,0.48065608
688.05880005,0.46675666
688.29149665,0.46857356
688.52420361,0.45505986
688.75692093,0.45605958
688.98964860,0.44683483
689.22238663,0.43649641
689.45513500,0.42573987
689.68789372,0.42447015
689.92066278,0.40848867
690.15344218,0.39398336
690.38623191,0.38938740
690.61903197,0.39272694
690.85184236,0.38902137
691.08466307,0.37297577
691.31749410,0.36773880
691.55033544,0.35862623
691.78318709,0.34760090
692.01604906,0.32216939
692.24892132,0.32949575
692.48180389,0.32075644
692.71469675,0.31444190
692.94759991,0.31515755
693.18051335,0.31558041
693.41343708,0.29899793
693.64637109,0.29569350
693.87931538,0.29021352
694.11226995,0.29023689
694.34523478,0.28324440
694.57820988,0.27468571
694.81119525,0.26728564
695.04419087,0.25951069
695.27719676,0.25563392
695.51021289,0.25485683
695.74323927,0.25334563
695.97627590,0.25194997
696.20932276,0.24595722
696.44237987,0.24789874
696.67544721,0.25165075
696.90852478,0.25379300
697.14161257,0.25789947
697.37471059,0.26456834
697.60781883,0.27097863
697.84093728,0.27646064
698.07406595,0.28156988
698.30720482,0.28134331
698.54035389,0.28142276
698.77351317,0.28394386
699.00668264,0.27951951
699.23986231,0.28223213
699.47305217,0.28513436
699.70625221,0.29868915
699.93946243,0.28620210
700.17268284,0.29790700
700.40591342,0.29510874
700.63915416,0.29483400
700.87240508,0.27971929
701.10566616,0.27881423
701.33893740,0.27494274
701.57221879,0.28790959
701.80551034,0.28202355
702.03881204,0.29158879
702.27212388,0.28323715
702.50544587,0.27542137
702.73877799,0.26458790
702.97212024,0.26544160
703.20547263,0.27056099
703.43883514,0.27312530
703.67220778,0.27024797
703.90559054,0.26896167
704.13898341,0.27536646
704.37238639,0.28448950
704.60579948,0.28732233
704.83922268,0.29828464
705.07265598,0.30018553
705.30609937,0.31328546
705.53955286,0.31476219
705.77301643,0.32411177
706.00649010,0.32286660
706.23997384,0.32179280
706.47346767,0.33316910
706.70697157,0.34093302
706.94048554,0.35263921
707.17400958,0.35844519
707.40754368,0.36400080
707.64108785,0.38830501
707.87464207,0.40161971
708.10820634,0.41801058
708.34178066,0.42535985
708.57536503,0.42353159
708.80895944,0.43868866
709.04256389,0.45558280
709.27617837,0.46432882
709.50980288,0.48935420
709.74343742,0.49382083
709.97708198,0.50580700
710.21073657,0.49654729
710.44440117,0.51407885
710.67807578,0.52362654
710.91176040,0.55151596
711.14545502,0.55761669
711.37915965,0.56469162
711.61287427,0.57039567
711.84659889,0.59643478
712.08033350,0.61061946
712.31407809,0.64208176
712.54783267,0.64307641
712.78159723,0.63272341
713.01537176,0.62549116
713.24915626,0.64331602
713.48295073,0.63442539
713.71675517,0.66747718
713.95056956,0.67425012
714.18439392,0.67019305
714.41822822,0.68290820
714.65207248,0.70116821
714.88592668,0.70669457
715.11979083,0.71501027
715.35366491,0.71565805
715.58754893,0.72532026
715.82144288,0.71520819
716.05534675,0.70905955
716.28926055,0.68749685
716.52318427,0.68475134
716.75711791,0.67468639
716.99106146,0.69369063
717.22501491,0.68093316
717.45897828,0.69056311
717.69295154,0.66923454
717.92693470,0.67821111
718.16092776,0.66706925
718.39493071,0.66834860
718.62894354,0.66024205
718.86296626,0.67007048
719.09699886,0.62997259
719.33104133,0.61045724
719.56509367,0.58061531
719.79915588,0.57372948
720.03322796,0.54356116
720.26730990,0.53091879
720.50140170,0.52135130
720.73550335,0.51753968
720.96961484,0.49589339
721.20373619,0.47623043
721.43786738,0.47481250
721.67200841,0.47000748
721.90615927,0.45833307
722.14031996,0.45393201
722.37449048,0.44771175
722.60867083,0.44385391
722.84286099,0.43517576
723.07706098,0.43872847
723.31127077,0.42196752
723.54549038,0.42534328
723.77971979,0.43083529
724.01395900,0.42499839
724.24820801,0.40745403
724.48246681,0.41289204
724.71673541,0.41401555
724.95101379,0.42608967
725.18530196,0.42839003
725.41959990,0.42731371
725.65390763,0.41228275
725.88822512,0.41222386
726.12255238,0.40796529
726.35688941,0.40648445
726.59123620,0.39595450
726.82559275,0.40343958
727.05995905,0.39304604
727.29433510,0.39488613
727.52872090,0.38563058
727.76311644,0.38087945
727.99752172,0.37489373
728.23193674,0.37003053
728.46636149,0.35929820
728.70079596,0.37596125
728.93524016,0.37398025
729.16969408,0.37843999
729.40415772,0.38094572
729.63863107,0.38745804
729.87311413,0.38759568
730.10760690,0.38338208
730.34210937,0.38414151
730.57662153,0.38149570
730.81114340,0.38917920
731.04567495,0.37614820
731.28021619,0.36621884
731.51476712,0.36957234
731.74932772,0.36187770
731.98389800,0.37160055
732.21847796,0.36103007
732.45306758,0.35702856
732.68766687,0.34900892
732.92227582,0.35854570
733.15689443,0.35035765
733.39152269,0.36447954
733.62616060,0.35896919
733.86080816,0.36278869
734.09546537,0.37634973
734.33013221,0.38024744
734.56480869,0.38772082
734.79949480,0.39459648
735.03419054,0.39794268
735.26889590,0.39312492
735.50361089,0.38946520
735.73833549,0.38998446
735.97306970,0.37846072
736.20781353,0.39753672
736.44256696,0.38683600
736.67733000,0.39633000
736.91210263,0.38578146
737.14688486,0.38856976
737.38167668,0.39154616
737.61647809,0.39716793
737.85128908,0.39885651
738.08610965,0.40393892
738.32093980,0.39886774
738.55577953,0.39924975
738.79062882,0.39000954
739.02548768,0.38356580
739.26035610,0.39206047
739.49523407,0.40185710
739.73012161,0.39703609
739.96501869,0.40702609
740.19992532,0.39752716
740.43484150,0.40540202
740.66976721,0.39955221
740.90470246,0.40480623
741.13964724,0.40289652
741.37460156,0.40075567
741.60956539,0.39307412
741.84453875,0.40710512
742.07952163,0.40715092
742.31451402,0.40576424
742.54951592,0.40178111
742.78452733,0.39523071
743.01954823,0.40507992
743.25457864,0.40252610
743.48961855,0.41364912
743.72466795,0.41558371
743.95972683,0.40783254
744.19479520,0.40415562
744.42987305,0.39612118
744.66496038,0.40523796
744.90005718,0.40236081
745.13516345,0.41286030
745.37027918,0.40855059
745.60540438,0.42652259
745.84053904,0.43487762
746.07568315,0.45110354
746.31083672,0.44680644
746.54599973,0.44933776
746.78117218,0.45594813
747.01635408,0.45097252
747.25154541,0.44559284
747.48674617,0.45791460
747.72195637,0.46461807
747.95717599,0.45374675
748.19240503,0.43862860
748.42764349,0.43972425
748.66289136,0.44504184
748.89814864,0.44402490
749.13341533,0.44348596
749.36869143,0.44660004
749.60397692,0.44294569
749.83927181,0.44800263
750.07457609,0.43796665
750.30988976,0.44217742
750.54521282,0.42896447
750.78054526,0.41356762
751.01588707,0.41199781
751.25123826,0.40665202
751.48659882,0.39437788
751.72196874,0.38916144
751.95734803,0.39337439
752.19273667,0.38146174
752.42813467,0.39670723
752.66354203,0.40277694
752.89895873,0.40470645
753.13438477,0.40594121
753.36982016,0.39708710
753.60526488,0.39378406
753.84071893,0.40429170
754.07618232,0.42232424
754.31165503,0.42466850
754.54713706,0.42552067
754.78262841,0.43517465
755.01812908,0.42706336
755.25363905,0.44684208
755.48915834,0.44024648
755.72468693,0.44147049
755.96022481,0.44225051
756.19577200,0.43800817
756.43132847,0.43914136
756.66689424,0.43433398
756.90246929,0.42506196
757.13805362,0.42748334
757.37364723,0.42580452
757.60925011,0.41372586
757.84486227,0.41837677
758.08048369,0.41339856
758.31611437,0.39377064
758.55175432,0.39888546
758.78740352,0.39547372
759.02306197,0.38020400
759.25872967,0.37371513
759.49440661,0.36155622
759.73009279,0.35667660
759.96578822,0.36312897
760.20149287,0.36560531
760.43720676,0.39460057
760.67292987,0.39801458
760.90866220,0.40015815
761.14440375,0.39484267
761.38015452,0.41307496
761.61591450,0.42026232
761.85168368,0.44487373
762.08746207,0.44635684
762.32324967,0.47510869
762.55904645,0.47996033
762.79485243,0.48723382
763.03066760,0.49066116
763.26649196,0.50642185
763.50232549,0.51145411
763.73816821,0.52856585
763.97402010,0.55159647
764.20988116,0.54778391
764.44575138,0.53113984
764.68163077,0.53286658
764.91751932,0.53115769
765.15341703,0.54200174
765.38932389,0.53833120
765.62523989,0.53327865
765.86116505,0.50753667
766.09709934,0.49501308
766.33304277,0.45509053
766.56899533,0.43408121
766.80495703,0.40021522
767.04092785,0.37559371
767.27690779,0.34905201
767.51289685,0.33392854
767.74889503,0.30383205
767.98490232,0.27742473
768.22091872,0.26136075
768.45694422,0.24637034
768.69297882,0.22730992
768.92902252,0.21307729
769.16507532,0.19664615
769.40113720,0.19174102
769.63720817,0.18168538
769.87328822,0.17333601
770.10937735,0.15348434
770.34547555,0.14155548
770.58158282,0.13511244
770.81769917,0.13730062
771.05382457,0.13441951
771.28995904,0.13944538
771.52610256,0.14070002
771.76225513,0.14293366
771.99841676,0.14000549
772.23458743,0.15316940
772.47076714,0.15858899
772.70695589,0.17290733
772.94315367,0.18660046
773.17936048,0.20267609
773.41557632,0.22875917
773.65180118,0.25571388
773.88803507,0.27650205
774.12427796,0.30296236
774.36052987,0.33147122
774.59679079,0.34226836
774.83306072,0.36318104
775.06933964,0.40009223
775.30562756,0.41688860
775.54192448,0.45208582
775.77823038,0.47023432
776.01454527,0.49632142
776.25086914,0.50517164
776.48720200,0.53303261
776.72354382,0.56341445
776.95989462,0.56893092
777.19625439,0.55108345
777.43262312,0.57959452
777.66900081,0.56513516
777.90538746,0.56679594
778.14178306,0.55874343
778.37818761,0.56203542
778.61460110,0.56952741
778.85102354,0.58658082
779.08745492,0.57823397
779.32389523,0.54835638
779.56034447,0.53333741
779.79680263,0.51911468
780.03326972,0.52053215
780.26974574,0.49563935
780.50623066,0.48766060
780.74272450,0.48186306
780.97922725,0.46644310
781.21573890,0.46422223
781.45225946,0.45256839
781.68878891,0.45510202
781.92532726,0.43617967
782.16187449,0.42178302
782.39843061,0.40060087
782.63499562,0.39182482
782.87156950,0.39210802
783.10815226,0.39195883
783.34474390,0.38344975
783.58134440,0.40702297
783.81795376,0.40705421
784.05457199,0.39636310
784.29119907,0.40271926
784.52783500,0.39717115
784.76447979,0.38235241
785.00113342,0.38817976
785.23779589,0.37178086
785.47446720,0.35974897
785.71114735,0.34903765
785.94783633,0.34178263
786.18453413,0.33216774
786.42124076,0.33496880
786.65795621,0.33215221
786.89468048,0.32166635
787.13141355,0.30317551
787.36815544,0.29230552
787.60490613,0.28319286
787.84166563,0.28204256
788.07843392,0.27858950
788.31521101,0.27378597
788.55199688,0.26716024
788.78879155,0.26296526
789.02559499,0.25343687
789.26240722,0.25773937
789.49922822,0.24225775
789.73605800,0.24737019
789.97289654,0.25029726
790.20974385,0.24847356
790.44659991,0.23831673
790.68346474,0.23699633
790.92033832,0.22376949
791.15722065,0.23131290
791.39411172,0.23304873
791.63101154,0.23627794
791.86792010,0.23737616
792.10483739,0.23732902
792.34176341,0.22612197
792.57869817,0.23341192
792.81564164,0.23170549
793.05259384,0.24129994
793.28955475,0.24178318
793.52652438,0.26953639
793.76350271,0.27531675
794.00048975,0.28800399
794.23748550,0.28241354
794.47448994,0.30638950
794.71150307,0.30569402
794.94852490,0.31048504
795.18555541,0.30730653
795.42259461,0.30357649
795.65964249,0.30944307
795.89669904,0.32668779
796.13376427,0.31672636
796.37083816,0.33462920
796.60792072,0.33083889
796.84501194,0.34433052
797.08211182,0.34609193
797.31922035,0.35304065
797.55633753,0.34129532
797.79346336,0.36384150
798.03059784,0.36506698
798.26774095,0.37196534
798.50489270,0.37464709
798.74205307,0.36807432
798.97922208,0.37470200
799.21639971,0.36884695
799.45358597,0.36837846
799.69078084,0.37896270
799.92798432,0.38818799
800.16519641,0.38495264
800.40241711,0.39083025
800.63964641,0.39247963
800.87688431,0.38881748
801.11413080,0.39750193
801.35138589,0.41784688
801.58864956,0.42128766
801.82592182,0.41577289
802.06320266,0.42112985
802.30049207,0.42133716
802.53779006,0.42467867
802.77509661,0.41836422
803.01241173,0.41016678
803.24973542,0.40129484
803.48706766,0.38953188
803.72440845,0.38769250
803.96175780,0.39090216
804.19911569,0.39006272
804.43648213,0.37199929
804.67385710,0.36762400
804.91124061,0.36822685
805.14863266,0.35896058
805.38603323,0.36343335
805.62344232,0.34936676
805.86085994,0.34414978
806.09828608,0.33905915
806.33572073,0.34354947
806.57316388,0.32637193
806.81061555,0.31988666
807.04807572,0.30904353
807.28554438,0.30355547
807.52302155,0.29465086
807.76050720,0.29511112
807.99800134,0.29212417
808.23550397,0.27954327
808.47301507,0.25945660
808.71053466,0.25887046
808.94806271,0.24946778
809.18559924,0.24536205
809.42314423,0.23439522
809.66069769,0.22751270
809.89825960,0.22393335
810.13582996,0.21221959
810.37340878,0.19603997
810.61099605,0.19918335
810.84859175,0.19796962
811.08619590,0.19280417
811.32380849,0.19077685
811.56142950,0.17573068
811.79905895,0.17051509
812.03669682,0.17012293
812.27434311,0.16486543
812.51199782,0.16694247
812.74966095,0.16817496
812.98733248,0.16799138
813.22501242,0.17364410
813.46270077,0.17325304
813.70039751,0.17645745
813.93810265,0.18188879
814.17581618,0.18571064
814.41353810,0.19064035
814.65126841,0.19297760
814.88900709,0.19476947
815.12675415,0.20103264
815.36450959,0.20510880
815.60227339,0.20866108
815.84004556,0.21054753
816.07782610,0.22291386
816.31561499,0.22835838
816.55341224,0.23342326
816.79121784,0.23881114
817.02903178,0.25860802
817.26685407,0.27759606
817.50468470,0.28093160
817.74252367,0.29037719
817.98037097,0.30439167
818.21822660,0.31488305
818.45609055,0.33295552
818.69396283,0.34065133
818.93184342,0.34939865
819.16973233,0.38078683
819.40762955,0.39457136
819.64553508,0.39224809
819.88344891,0.39591430
820.12137104,0.39834934
820.35930146,0.40717126
820.59724018,0.40356775
820.83518719,0.41285379
821.07314248,0.41495138
821.31110605,0.41620241
821.54907790,0.42574252
821.78705802,0.43151452
822.02504642,0.43340089
822.26304308,0.43345215
822.50104800,0.42630109
822.73906118,0.42697235
822.97708262,0.42587068
823.21511231,0.43979067
823.45315024,0.43161742
823.69119643,0.42967075
823.92925085,0.40734162
824.16731351,0.40643882
824.40538440,0.40356753
824.64346352,0.40748181
824.88155087,0.39184234
825.11964643,0.38764321
825.35775022,0.37992534
825.59586222,0.39525830
825.83398244,0.39908935
826.07211086,0.36666245
826.31024748,0.36178064
826.54839231,0.35697365
826.78654533,0.34391331
827.02470654,0.34292402
827.26287594,0.34838608
827.50105353,0.35440975
827.73923930,0.35608258
827.97743325,0.34379795
828.21563537,0.33585364
828.45384566,0.33723007
828.69206412,0.34620298
828.93029074,0.34615411
829.16852552,0.33007782
829.40676846,0.32357468
829.64501954,0.31794953
829.88327878,0.32093707
830.12154616,0.31431512
830.35982168,0.29797939
830.59810534,0.27693830
830.83639714,0.26988173
831.07469706,0.25985270
831.31300511,0.24584634
831.55132128,0.23835866
831.78964557,0.23410522
832.02797798,0.22135669
832.26631849,0.22105557
832.50466712,0.21217100
832.74302384,0.20861090
832.98138867,0.20443192
833.21976160,0.19834330
833.45814262,0.18749847
833.69653172,0.18059773
833.93492892,0.17654923
834.17333419,0.16560498
834.41174755,0.15606166
834.65016897,0.16353938
834.88859847,0.16808134
835.12703604,0.17628755
835.36548167,0.17776750
835.60393535,0.17803989
835.84239710,0.17882810
836.08086690,0.17654092
836.31934474,0.17373142
836.55783063,0.18238341
836.79632456,0.18239315
837.03482653,0.18641522
837.27333654,0.18549382
837.51185457,0.18198401
837.75038063,0.18527028
837.98891471,0.19237969
838.22745681,0.19118067
838.46600693,0.20402678
838.70456506,0.20127803
838.94313120,0.20934977
839.18170534,0.21346244
839.42028748,0.21455714
839.65887762,0.21904294
839.89747575,0.21956218
840.13608187,0.21946943
840.37469598,0.23676912
840.61331807,0.22761168
840.85194814,0.23007528
841.09058618,0.22446433
841.32923220,0.22597152
841.56788618,0.21304069
841.80654812,0.21215951
842.04521803,0.21665324
842.28389589,0.21310313
842.52258171,0.20602015
842.76127547,0.20731900
842.99997718,0.21746850
843.23868683,0.22613162
843.47740442,0.21972907
843.71612994,0.22515393
843.95486339,0.22861927
844.19360477,0.23966140
844.43235408,0.24408186
844.67111130,0.25453291
844.90987644,0.27042261
845.14864949,0.28247946
845.38743045,0.28734137
845.62621931,0.31169674
845.86501608,0.32399570
846.10382074,0.34681541
846.34263329,0.35531336
846.58145374,0.37611603
846.82028207,0.38126001
847.05911828,0.37704915
847.29796238,0.39425640
847.53681435,0.39789126
847.77567419,0.39430200
848.01454189,0.40074648
848.25341746,0.40963994
848.49230090,0.41578366
848.73119218,0.42210300
848.97009133,0.42706823
849.20899832,0.42773222
849.44791315,0.44434895
849.68683583,0.44437781
849.92576635,0.45120254
850.16470470,0.42383470
850.40365088,0.42041818
850.64260489,0.42924958
850.88156673,0.44679245
851.12053638,0.44662272
851.35951385,0.45335580
851.59849913,0.46079554
851.83749222,0.45359738
852.07649311,0.44461052
852.31550181,0.45077083
852.55451830,0.43651606
852.79354259,0.41959570
853.03257467,0.39730150
853.27161453,0.39252459
853.51066218,0.35810984
853.74971761,0.34787601
853.98878081,0.33176048
854.22785178,0.32852448
854.46693053,0.31910221
854.70601703,0.30733726
854.94511130,0.29625731
855.18421332,0.28993454
855.42332310,0.27738494
855.66244063,0.26040779
855.90156590,0.24338282
856.14069892,0.23056274
856.37983967,0.22825935
856.61898816,0.21674602
856.85814438,0.21079952
857.09730833,0.19218026
857.33648000,0.18301702
857.57565939,0.18564946
857.81484650,0.18286376
858.05404132,0.18647636
858.29324385,0.18070889
858.53245409,0.17338101
858.77167203,0.17043291
859.01089766,0.17315834
859.25013099,0.17188135
859.48937201,0.17222418
859.72862072,0.17746444
859.96787711,0.18368222
860.20714118,0.17916968
860.44641292,0.19578576
860.68569234,0.18996096
860.92497943,0.18751749
861.16427418,0.18324229
861.40357659,0.18791051
861.64288666,0.19006607
861.88220438,0.18542400
862.12152976,0.19007273
862.36086277,0.18707120
862.60020344,0.18433832
862.83955174,0.18687501
863.07890767,0.18112784
863.31827124,0.18406940
863.55764244,0.17166536
863.79702126,0.17141889
864.03640770,0.17000447
864.27580175,0.16443478
864.51520342,0.15359219
864.75461270,0.15005952
864.99402959,0.14708650
865.23345408,0.14259319
865.47288616,0.13673728
865.71232584,0.13731882
865.95177311,0.13653058
866.19122797,0.13688103
866.43069041,0.13744588
866.67016043,0.13023085
866.90963803,0.13838844
867.14912320,0.14678752
867.38861594,0.14707462
867.62811625,0.14253372
867.86762411,0.14424326
868.10713954,0.15060721
868.34666251,0.15509426
868.58619304,0.15632584
868.82573112,0.16316752
869.06527673,0.17409982
869.30482989,0.18942714
869.54439058,0.19021306
869.78395881,0.19580307
870.02353456,0.19844609
870.26311784,0.20427298
870.50270863,0.21229181
870.74230695,0.21108746
870.98191278,0.20663479
871.22152611,0.20784065
871.46114696,0.20245169
871.70077530,0.20903377
871.94041115,0.21157495
872.18005449,0.20777059
872.41970532,0.20272192
872.65936364,0.19115800
872.89902944,0.18377832
873.13870273,0.19039475
873.37838349,0.17954843
873.61807172,0.17947504
873.85776742,0.17523779
874.09747059,0.16409647
874.33718122,0.16886822
874.57689930,0.17321788
874.81662484,0.16882672
875.05635784,0.16892962
875.29609827,0.16568213
875.53584616,0.15884264
875.77560148,0.15080586
876.01536424,0.15250654
876.25513443,0.15158166
876.49491204,0.15351485
876.73469709,0.15940576
876.97448955,0.16275723
877.21428943,0.16832022
877.45409673,0.16604056
877.69391143,0.17861712
877.93373355,0.17622353
878.17356306,0.18582241
878.41339998,0.19376491
878.65324428,0.19784855
878.89309599,0.21429336
879.13295507,0.23585542
879.37282155,0.25357529
879.61269540,0.25587334
879.85257663,0.26742138
880.09246523,0.27426718
880.33236121,0.28905632
880.57226455,0.28961522
880.81217525,0.28397703
881.05209331,0.28535768
881.29201872,0.27939976
881.53195149,0.28016242
881.77189160,0.28213581
882.01183905,0.28546707
882.25179385,0.28502024
882.49175598,0.28507279
882.73172545,0.30141105
882.97170224,0.31547689
883.21168636,0.31731224
883.45167780,0.32303237
883.69167656,0.32752766
883.93168263,0.32232892
884.17169601,0.34863640
884.41171670,0.36604954
884.65174469,0.37295891
884.89177999,0.38224619
885.13182257,0.39190606
885.37187245,0.40494634
885.61192962,0.41158949
885.85199407,0.42686599
886.09206581,0.45870833
886.33214482,0.45678130
886.57223110,0.44937406
886.81232465,0.43773514
887.05242547,0.45507154
887.29253356,0.46279632
887.53264890,0.46191122
887.77277149,0.46544150
888.01290134,0.44272761
888.25303843,0.43162175
888.49318277,0.42494803
888.73333435,0.42317189
888.97349317,0.41344568
889.21365922,0.40200889
889.45383250,0.39791149
889.69401300,0.39411179
889.93420072,0.39103431
890.17439567,0.39373949
890.41459783,0.41629478
890.65480719,0.41729415
890.89502377,0.41665535
891.13524755,0.42566683
891.37547853,0.42135758
891.61571670,0.41847599
891.85596207,0.42553819
892.09621463,0.42977081
892.33647437,0.43526100
892.57674129,0.45467551
892.81701539,0.45120254
893.05729666,0.42883301
893.29758510,0.42622208
893.53788071,0.44164347
893.77818349,0.45745773
894.01849342,0.43926654
894.25881051,0.44790642
894.49913474,0.44815397
894.73946613,0.44966939
894.97980466,0.45420702
895.22015033,0.45974846
895.46050314,0.47712327
895.70086308,0.47247054
895.94123016,0.46782598
896.18160435,0.46469093
896.42198567,0.45934044
896.66237411,0.46935438
896.90276966,0.46010456
897.14317233,0.45391107
897.38358210,0.45659325
897.62399897,0.46303002
897.86442295,0.45813242
898.10485402,0.45052793
898.34529218,0.46007894
898.58573744,0.45948358
898.82618978,0.44105136
899.06664920,0.42724278
899.30711569,0.43282847
899.54758927,0.43590828
899.78806991,0.42296196
900.02855762,0.42126494
900.26905239,0.40182161
900.50955422,0.38887739
900.75006311,0.38449183
900.99057905,0.38736801
901.23110204,0.38083397
901.47163207,0.36353406
901.71216914,0.36440637
901.95271325,0.35603585
902.19326440,0.33230369
902.43382257,0.33515794
902.67438777,0.34745737
902.91495999,0.33527330
903.15553924,0.33751847
903.39612549,0.35217401
903.63671876,0.33976779
903.87731904,0.34412711
904.11792632,0.34725655
904.35854060,0.34186688
904.59916188,0.34314928
904.83979015,0.34719926
905.08042541,0.33291281
905.32106765,0.31656379
905.56171688,0.31359264
905.80237308,0.31087850
906.04303626,0.31196437
906.28370641,0.30956386
906.52438353,0.30939398
906.76506761,0.30730523
907.00575865,0.30667119
907.24645665,0.31332998
907.48716160,0.29749880
907.72787350,0.28774041
907.96859234,0.28226848
908.20931812,0.27607619
908.45005085,0.26457059
908.69079050,0.26964621
908.93153709,0.27084259
909.17229060,0.26399966
909.41305104,0.26572933
909.65381839,0.24821997
909.89459266,0.24341696
910.13537384,0.24131463
910.37616193,0.25185897
910.61695693,0.25304071
910.85775882,0.25408043
911.09856761,0.26673305
911.33938330,0.27630837
911.58020588,0.27924808
911.82103534,0.28691896
912.06187168,0.29236757
912.30271490,0.29322843
912.54356500,0.31365923
912.78442197,0.31737990
913.02528580,0.32898235
913.26615650,0.33475803
913.50703406,0.35702940
913.74791848,0.36910831
913.98880974,0.38437890
914.22970786,0.38221209
914.47061282,0.37920147
914.71152463,0.39210456
914.95244327,0.39305184
915.19336875,0.38854639
915.43430105,0.38705911
915.67524019,0.39795593
915.91618615,0.39937229
916.15713892,0.41110791
916.39809852,0.40870550
916.63906492,0.40382888
916.88003813,0.37861595
917.12101815,0.36729670
917.36200497,0.36148069
917.60299859,0.36735681
917.84399900,0.35833664
918.08500620,0.34895245
918.32602018,0.32805705
918.56704095,0.29724332
918.80806850,0.26966793
919.04910282,0.24851919
919.29014392,0.23843780
919.53119178,0.23576583
919.77224640,0.23122861
920.01330779,0.22508054
920.25437593,0.22158087
920.49545083,0.19881101
920.73653248,0.18851748
920.97762087,0.18069786
921.21871600,0.18214002
921.45981787,0.17884883
921.70092648,0.16501066
921.94204182,0.16341572
922.18316388,0.15816036
922.42429267,0.15081798
922.66542818,0.15371504
922.90657040,0.14731771
923.14771934,0.14244694
923.38887498,0.14010491
923.63003734,0.13930897
923.87120639,0.14556608
924.11238214,0.14310175
924.35356458,0.15433828
924.59475371,0.14922407
924.83594953,0.15228738
925.07715204,0.14581272
925.31836122,0.14420912
925.55957708,0.15207464
925.80079961,0.16154639
926.04202881,0.16841422
926.28326467,0.18470065
926.52450719,0.19551508
926.76575637,0.20668559
927.00701221,0.20602907
927.24827469,0.21829635
927.48954382,0.22124981
927.73081959,0.23444948
927.97210200,0.24369379
928.21339105,0.25939048
928.45468673,0.27444987
928.69598903,0.28129459
928.93729796,0.27822720
929.17861351,0.28564218
929.41993567,0.28379869
929.66126445,0.27530636
929.90259984,0.28416807
930.14394183,0.28115143
930.38529042,0.28172046
930.62664561,0.26504423
930.86800740,0.26357899
931.10937578,0.25927739
931.35075074,0.25130271
931.59213229,0.26321558
931.83352042,0.25030052
932.07491512,0.24018175
932.31631639,0.23449898
932.55772424,0.21799359
932.79913864,0.22406416
933.04055961,0.21170986
933.28198714,0.21098567
933.52342122,0.21355236
933.76486185,0.21772661
934.00630903,0.22150524
934.24776275,0.20473953
934.48922301,0.19800743
934.73068980,0.19028201
934.97216313,0.18383591
935.21364298,0.17120019
935.45512936,0.17101014
935.69662225,0.16185857
935.93812167,0.15504571
936.17962760,0.15148209
936.42114004,0.14418383
936.66265898,0.13065520
936.90418442,0.12608277
937.14571637,0.12192694
937.38725481,0.11232827
937.62879973,0.10866403
937.87035115,0.11008174
938.11190905,0.10050103
938.35347343,0.09809234
938.59504429,0.09937665
938.83662162,0.09964756
939.07820541,0.10161567
939.31979568,0.09724234
939.56139240,0.09293016
939.80299558,0.08720201
940.04460522,0.08679667
940.28622131,0.09130729
940.52784384,0.08796989
940.76947282,0.07970754
941.01110823,0.07820110
941.25275008,0.07776050
941.49439837,0.07566079
941.73605308,0.06967764
941.97771421,0.07008092
942.21938177,0.07301407
942.46105574,0.07017776
942.70273613,0.06427196
942.94442293,0.06368997
943.18611613,0.05825327
943.42781574,0.05656185
943.66952174,0.05691379
943.91123414,0.05273816
944.15295293,0.05141763
944.39467811,0.04759573
944.63640967,0.04849450
944.87814762,0.04371791
945.11989194,0.04372872
945.36164263,0.04473608
945.60339969,0.03831034
945.84516312,0.04258532
946.08693290,0.03941891
946.32870905,0.04037226
946.57049155,0.04481265
946.81228040,0.04499810
947.05407560,0.04531201
947.29587714,0.04948312
947.53768503,0.05252620
947.77949924,0.05535169
948.02131979,0.05103990
948.26314667,0.05950495
948.50497988,0.06705504
948.74681940,0.06827756
948.98866524,0.07722421
949.23051740,0.08183467
949.47237587,0.08442107
949.71424064,0.08436572
949.95611171,0.09024024
950.19798909,0.09329573
950.43987276,0.10109898
950.68176272,0.10668876
950.92365897,0.11542282
951.16556150,0.12320930
951.40747032,0.13512522
951.64938541,0.14286082
951.89130677,0.14384747
952.13323441,0.15355851
952.37516831,0.15362078
952.61710847,0.15932818
952.85905489,0.15943779
953.10100756,0.16467129
953.34296649,0.16636961
953.58493166,0.16904614
953.82690308,0.18287871
954.06888074,0.17938229
954.31086463,0.19198442
954.55285476,0.19463049
954.79485111,0.19911451
955.03685369,0.20515068
955.27886249,0.20074459
955.52087751,0.20984487
955.76289875,0.20976386
956.00492619,0.20830652
956.24695984,0.21336561
956.48899970,0.21495016
956.73104575,0.22656419
956.97309800,0.23664043
957.21515644,0.24311595
957.45722107,0.25628828
957.69929189,0.25677903
957.94136888,0.26998030
958.18345205,0.27429377
958.42554140,0.27691042
958.66763692,0.28982314
958.90973860,0.29691165
959.15184644,0.30244809
959.39396044,0.30641951
959.63608060,0.32649649
959.87820691,0.33045744
960.12033937,0.32917278
960.36247797,0.33510649
960.60462271,0.35209617
960.84677359,0.37197229
961.08893060,0.39148216
961.33109374,0.40408247
961.57326301,0.39722803
961.81543840,0.38900904
962.05761991,0.36903760
962.29980753,0.34481342
962.54200126,0.35467195
962.78420110,0.34055709
963.02640704,0.34460473
963.26861908,0.34791675
963.51083722,0.35237805
963.75306145,0.36105686
963.99529177,0.35772292
964.23752817,0.36195100
964.47977066,0.36984399
964.72201922,0.35143379
964.96427386,0.35366565
965.20653456,0.35182160
965.44880134,0.34165962
965.69107417,0.32577636
965.93335307,0.32747351
966.17563802,0.31899672
966.41792902,0.31437561
966.66022607,0.29945313
966.90252917,0.29126590
967.14483830,0.28919619
967.38715347,0.28110498
967.62947468,0.27224979
967.87180192,0.25998324
968.11413518,0.25003737
968.35647446,0.25796327
968.59881976,0.25774751
968.84117108,0.24646298
969.08352841,0.24008770
969.32589174,0.22157278
969.56826108,0.21594158
969.81063642,0.21284402
970.05301776,0.20669165
970.29540509,0.20507178
970.53779840,0.20372931
970.78019771,0.20526531
971.02260299,0.19777330
971.26501425,0.19851999
971.50743149,0.20172750
971.74985470,0.19766434
971.99228387,0.18428809
972.23471901,0.18218000
972.47716011,0.17371995
972.71960716,0.17352670
972.96206016,0.17000705
973.20451911,0.16166355
973.44698401,0.16015114
973.68945485,0.15836753
973.93193163,0.15270219
974.17441434,0.14920053
974.41690298,0.13726345
974.65939754,0.13256301
974.90189803,0.13135068
975.14440444,0.12600151
975.38691676,0.11627230
975.62943499,0.10890853
975.87195913,0.10573716
976.11448918,0.10504104
976.35702513,0.10520069
976.59956697,0.10688464
976.84211470,0.10101272
977.08466833,0.09735906
977.32722784,0.09179609
977.56979323,0.09484468
977.81236450,0.09301945
978.05494165,0.08845672
978.29752467,0.08586924
978.54011355,0.08793272
978.78270830,0.09073612
979.02530890,0.09116549
979.26791537,0.08344134
979.51052768,0.09097480
979.75314585,0.08668082
979.99576986,0.08715945
980.23839971,0.08495502
980.48103540,0.08687603
980.72367692,0.08645058
980.96632427,0.08855421
981.20897745,0.08231804
981.45163645,0.08424619
981.69430127,0.08405982
981.93697191,0.08456356
982.17964836,0.08108886
982.42233061,0.07728165
982.66501868,0.07652916
982.90771254,0.08141589
983.15041220,0.08075853
983.39311765,0.08387567
983.63582889,0.08067186
983.87854592,0.07744554
984.12126873,0.07095905
984.36399732,0.07067974
984.60673168,0.06826994
984.84947182,0.06531865
985.09221772,0.06981654
985.33496939,0.06832920
985.57772681,0.06479551
985.82049000,0.06566457
986.06325893,0.06770706
986.30603362,0.06578197
986.54881405,0.06188097
986.79160022,0.06458844
987.03439213,0.06636802
987.27718977,0.06421943
987.51999315,0.06012969
987.76280225,0.06221863
988.00561707,0.06110489
988.24843762,0.05788986
988.49126388,0.05582290
988.73409585,0.05671987
988.97693353,0.05881189
989.21977692,0.05470315
989.46262601,0.05723979
989.70548079,0.05737263
989.94834127,0.05728566
990.19120744,0.05640060
990.43407929,0.05474075
990.67695683,0.05818126
990.91984004,0.05914100
991.16272893,0.05804206
991.40562350,0.06287800
991.64852373,0.06307581
991.89142962,0.06528301
992.13434118,0.06743617
992.37725839,0.06647589
992.62018126,0.06941425
992.86310977,0.06914922
993.10604393,0.07066139
993.34898373,0.07215779
993.59192917,0.07766414
993.83488025,0.07057186
994.07783696,0.07230261
994.32079929,0.07556479
994.56376725,0.07228528
994.80674082,0.07644314
995.04972002,0.07813064
995.29270482,0.07599583
995.53569524,0.07640770
995.77869126,0.07995736
996.02169288,0.07866594
996.26470010,0.07509656
996.50771291,0.07761832
996.75073131,0.07512291
996.99375530,0.07950945
997.23678488,0.07010035
997.47982003,0.07276437
997.72286076,0.06870494
997.96590706,0.06795124
998.20895892,0.07485455
998.45201636,0.07355367
998.69507935,0.07181381
998.93814790,0.07068636
999.18122200,0.07007123
999.42430166,0.06822047
999.66738686,0.06891141
999.91047760,0.07009217
1000.15357388,0.06861977
1000.39667569,0.06650315
1000.63978304,0.06953411
1000.88289592,0.07189858
1001.12601431,0.07158372
1001.36913823,0.06601762
1001.61226767,0.06255893
1001.85540262,0.06495321
1002.09854307,0.06154201
1002.34168904,0.06019671
1002.58484050,0.06260410
1002.82799746,0.05913611
1003.07115992,0.05583534
1003.31432787,0.06073651
1003.55750130,0.06054627
1003.80068022,0.06237118
1004.04386462,0.05875001
1004.28705449,0.05957280
1004.53024984,0.05731330
1004.77345065,0.05102889
1005.01665693,0.05231521
1005.25986867,0.05887757
1005.50308587,0.04925775
1005.74630852,0.05016292
1005.98953662,0.05159573
1006.23277017,0.05169257
1006.47600916,0.05040047
1006.71925359,0.05643258
1006.96250346,0.05411783
1007.20575875,0.05404334
1007.44901948,0.05127449
1007.69228563,0.05008378
1007.93555720,0.05496277
1008.17883418,0.05665438
1008.42211658,0.05240359
1008.66540439,0.05559465
1008.90869761,0.05024067
1009.15199622,0.05862360
1009.39530024,0.05694557
1009.63860965,0.05244684
1009.88192445,0.05864021
1010.12524464,0.05833107
1010.36857021,0.06413055
1010.61190116,0.06423345
1010.85523749,0.06346838
1011.09857919,0.06650895
1011.34192626,0.07190602
1011.58527870,0.07492467
1011.82863649,0.07441752
1012.07199965,0.07334350
1012.31536816,0.07903568
1012.55874202,0.08189455
1012.80212122,0.08725952
1013.04550577,0.08736631
1013.28889566,0.08780927
1013.53229088,0.09531419
1013.77569144,0.10300074
1014.01909732,0.11009861
1014.26250853,0.10913723
1014.50592506,0.11282530
1014.74934691,0.11831693
1014.99277407,0.11428623
1015.23620654,0.11255375
1015.47964432,0.11122858
1015.72308739,0.10982577
1015.96653577,0.11131265
1016.20998944,0.11234560
1016.45344841,0.10677644
1016.69691266,0.10953978
1016.94038220,0.10972504
1017.18385701,0.11051063
1017.42733710,0.10522243
1017.67082247,0.11210565
1017.91431310,0.06491656
1018.15780900,0.00701048
1018.40131017,0.00553137
1018.64481659,0.00386386
1018.88832826,0.00375350
1019.13184519,0.00556316
1019.37536736,0.00241567
