199.82001468,0.00173432
200.02220309,0.00420107
200.22440896,0.00152703
200.42663230,0.00252202
200.62887310,0.00328900
200.83113136,0.00420107
201.03340708,0.00015892
201.23570025,0.00299879
201.43801087,0.00447055
201.64033894,0.00436690
201.84268445,0.00523752
202.04504741,0.00272931
202.24742780,0.00306098
202.44982564,0.00297806
202.65224090,-0.00207981
202.85467360,0.00538262
203.05712372,0.00266713
203.25959128,-0.00127138
203.46207625,0.00235619
203.66457864,0.00266713
203.86709846,0.00629470
204.06963568,0.00590085
204.27219032,0.00359993
204.47476237,0.00183797
204.67735182,0.00272931
204.87995868,0.01143548
205.08258293,0.00465711
205.28522459,0.00299879
205.48788364,0.00219036
205.69056008,0.00380722
205.89325391,0.00639834
206.09596513,0.00154776
206.29869374,0.00706167
206.50143972,0.00633615
206.70420308,0.00384868
206.90698382,0.00179651
207.10978194,0.00283296
207.31259742,0.00554845
207.51543027,-0.00168596
207.71828048,0.00374503
207.92114806,0.00158922
208.12403299,0.01104163
208.32693528,0.00221109
208.52985493,0.00299879
208.73279193,-0.00276386
208.93574627,0.00969425
209.13871796,0.00608741
209.34170699,0.00285369
209.54471336,-0.00017274
209.74773707,0.00366212
209.95077811,0.00084298
210.15383649,0.00283296
210.35691219,0.00322681
210.56000522,0.00422180
210.76311557,-0.00040076
210.96624324,0.00575574
211.16938823,0.00194161
211.37255053,0.00283296
211.57573015,-0.00038003
211.77892707,0.00318535
211.98214130,0.00187943
212.18537284,0.00335118
212.38862167,0.00198307
212.59188781,0.00096735
212.79517124,0.00078079
212.99847196,-0.00019347
213.20178997,0.00351702
213.40512527,0.00612887
213.60847785,0.00206599
213.81184772,0.00353774
214.01523486,-0.00147867
214.21863928,0.00573501
214.42206097,0.00459492
214.62549993,0.00272931
214.82895616,0.00067715
215.03242966,0.00285369
215.23592042,-0.00046295
215.43942843,0.00339264
215.64295370,0.00482294
215.84649623,0.00455346
216.05005601,0.00726896
216.25363303,0.00304025
216.45722731,0.00279150
216.66083882,-0.00108482
216.86446757,0.00380722
217.06811356,-0.00031784
217.27177679,0.00581793
217.47545724,0.00314389
217.67915493,0.00013819
217.88286984,0.00465711
218.08660198,0.00353774
218.29035133,0.00625324
218.49411790,0.00787010
218.69790169,0.00268786
218.90170269,0.00322681
219.10552090,0.00596303
219.30935632,0.00488513
219.51320894,0.00192088
219.71707876,0.00109173
219.92096578,0.00463638
220.12486999,0.00333045
220.32879140,0.00571429
220.53272999,0.00003455
220.73668578,0.00314389
220.94065875,0.00478148
221.14464890,0.00200380
221.34865623,0.00289515
221.55268073,0.00061496
221.75672241,0.00020038
221.96078126,0.00024184
222.16485728,-0.00087753
222.36895046,-0.00008983
222.57306080,0.00341337
222.77718831,0.00277077
222.98133297,-0.00203835
223.18549478,0.00469857
223.38967375,0.00063569
223.59386986,0.00098808
223.79808312,0.00152703
224.00231352,0.00326827
224.20656106,0.00461565
224.41082574,0.00397305
224.61510756,0.00867853
224.81940650,-0.00035930
225.02372258,-0.00083607
225.22805578,0.00175505
225.43240610,-0.00141648
225.63677355,0.00384868
225.84115811,-0.00006910
226.04555979,0.00225255
226.24997858,-0.00031784
226.45441448,0.00225255
226.65886748,0.00675073
226.86333759,0.00318535
227.06782480,0.00227328
227.27232911,0.00165141
227.47685052,0.00069788
227.68138902,0.00461565
227.88594461,-0.00093971
228.09051728,0.00266713
228.29510704,0.00476075
228.49971389,0.00782864
228.70433781,0.00532044
228.90897881,0.00434617
229.11363688,0.00096735
229.31831202,0.00411816
229.52300423,0.00268786
229.72771350,0.00129902
229.93243984,0.00065642
230.13718324,0.00214890
230.34194369,0.00169287
230.54672120,0.00728969
230.75151576,0.00219036
230.95632737,0.00619105
231.16115602,0.00134047
231.36600172,0.00040767
231.57086446,0.00044913
231.77574423,0.00451201
231.98064104,-0.00164450
232.18555488,0.00013819
232.39048575,0.00550700
232.59543365,0.00053204
232.80039857,-0.00141648
233.00538051,0.00254275
233.21037947,0.00357920
233.41539544,0.01954051
233.62042843,0.00076006
233.82547842,0.00320608
234.03054543,0.00720677
234.23562943,0.00080152
234.44073044,0.00355847
234.64584845,0.00453273
234.85098345,0.00241838
235.05613545,0.00378649
235.26130444,0.00347556
235.46649041,0.00096735
235.67169337,0.00558991
235.87691331,0.00693729
236.08215023,0.00082225
236.28740413,0.00459492
236.49267500,0.00299879
236.69796284,0.00005528
236.90326765,0.00436690
237.10858942,0.00109173
237.31392816,0.00492658
237.51928386,0.00490586
237.72465651,0.00113318
237.93004612,-0.00054586
238.13545268,0.00268786
238.34087619,0.00320608
238.54631664,0.00185870
238.75177404,0.00148558
238.95724838,-0.00224564
239.16273965,0.00322681
239.36824786,0.00658490
239.57377300,0.00212817
239.77931508,0.00612887
239.98487407,0.00304025
240.19045000,0.00312316
240.39604284,0.00366212
240.60165260,-0.00104336
240.80727928,0.00289515
241.01292287,0.00393159
241.21858337,0.00500950
241.42426077,0.00256348
241.62995508,0.00407670
241.83566630,-0.00087753
242.04139441,0.00216963
242.24713941,0.00333045
242.45290131,0.00152703
242.65868010,0.00206599
242.86447578,0.00017965
243.07028835,0.00600449
243.27611779,0.00604595
243.48196412,0.00418034
243.68782732,0.00134047
243.89370739,0.00239765
244.09960434,0.00177578
244.30551816,0.00430472
244.51144884,0.00384868
244.71739638,0.00227328
244.92336078,0.00020038
245.12934204,0.00335118
245.33534016,0.00216963
245.54135512,0.00036621
245.74738694,0.00185870
245.95343560,0.00115391
246.15950110,0.00695802
246.36558345,0.00024184
246.57168263,0.00430472
246.77779865,0.00243911
246.98393150,0.00590085
247.19008118,0.00100881
247.39624769,0.00532044
247.60243102,0.00480221
247.80863117,0.00598376
248.01484814,0.00136120
248.22108192,0.00370358
248.42733252,-0.00158231
248.63359993,0.00196234
248.83988415,-0.00079461
249.04618517,0.00467784
249.25250299,0.00053204
249.45883761,-0.00139575
249.66518903,0.00283296
249.87155724,0.00011746
250.07794224,0.00532044
250.28434403,0.00345483
250.49076260,0.00834686
250.69719796,-0.00228710
250.90365009,-0.00073242
251.11011901,0.00090516
251.31660469,0.00424253
251.52310715,0.00214890
251.72962638,0.00544481
251.93616237,0.00200380
252.14271513,0.00339264
252.34928464,0.00146485
252.55587091,0.00140266
252.76247394,0.00167214
252.96909372,0.00330973
253.17573025,0.00192088
253.38238352,0.00084298
253.58905354,0.00308171
253.79574030,0.00127829
254.00244380,0.00411816
254.20916403,0.00840905
254.41590099,0.00451201
254.62265469,0.00111245
254.82942511,0.00100881
255.03621225,0.00084298
255.24301612,0.00192088
255.44983670,0.00059423
255.65667400,0.00494731
255.86352802,0.00001382
256.07039874,-0.00011055
256.27728617,0.00092589
256.48419031,0.00314389
256.69111115,0.00359993
256.89804868,0.00277077
257.10500292,0.00146485
257.31197384,0.00422180
257.51896146,0.00654344
257.72596577,-0.00129211
257.93298676,0.00187943
258.14002443,0.00428399
258.34707878,0.00194161
258.55414981,0.00283296
258.76123752,0.00069788
258.96834190,0.00793229
259.17546294,-0.00069097
259.38260065,-0.00139575
259.58975502,0.00181724
259.79692606,0.00200380
260.00411375,0.00227328
260.21131810,-0.00371740
260.41853909,0.00227328
260.62577674,0.00420107
260.83303103,0.00248057
261.04030197,-0.00048368
261.24758955,-0.00056659
261.45489377,-0.00019347
261.66221462,0.00156849
261.86955210,0.00393159
262.07690622,0.00239765
262.28427696,-0.00031784
262.49166433,-0.00301261
262.69906831,0.00546554
262.90648892,-0.00160304
263.11392614,0.00125756
263.32137998,0.00430472
263.52885042,0.00330973
263.73633747,0.00590085
263.94384113,-0.00102263
264.15136139,0.00260494
264.35889825,0.00853343
264.56645171,0.00517533
264.77402176,0.00314389
264.98160840,0.00115391
265.18921163,0.00105027
265.39683144,-0.00116773
265.60446784,0.00845051
265.81212081,0.00210745
266.01979037,0.00384868
266.22747650,0.00264640
266.43517920,0.00386941
266.64289847,-0.00147867
266.85063430,0.00105027
267.05838670,-0.00093971
267.26615566,0.00461565
267.47394117,-0.00100190
267.68174324,-0.00228710
267.88956187,0.00391087
268.09739704,0.00378649
268.30524876,0.00405597
268.51311702,0.00567283
268.72100183,-0.00046295
268.92890317,-0.00224564
269.13682105,-0.00071169
269.34475546,-0.00251511
269.55270640,0.00204526
269.76067387,0.00227328
269.96865786,-0.00110554
270.17665838,-0.00060805
270.38467541,0.00067715
270.59270896,0.00351702
270.80075902,0.00107100
271.00882560,0.00229401
271.21690868,0.00148558
271.42500826,0.00449128
271.63312435,0.00117464
271.84125694,0.00076006
272.04940602,0.00726896
272.25757160,0.00386941
272.46575367,0.00415961
272.67395223,0.00268786
272.88216727,-0.00011055
273.09039880,0.00757989
273.29864681,0.00196234
273.50691129,0.00206599
273.71519225,0.00144412
273.92348968,0.00063569
274.13180358,0.00065642
274.34013395,0.00076006
274.54848077,0.00341337
274.75684406,0.00194161
274.96522381,0.00092589
275.17362001,-0.00369667
275.38203267,0.00554845
275.59046177,0.00202453
275.79890732,0.00330973
276.00736932,0.00339264
276.21584776,-0.00172741
276.42434263,-0.00004837
276.63285394,-0.00413197
276.84138169,0.00032475
277.04992586,0.00287442
277.25848646,0.00254275
277.46706349,0.00080152
277.67565694,-0.00263949
277.88426680,-0.00064951
278.09289309,-0.00058732
278.30153578,-0.00040076
278.51019489,0.00382795
278.71887041,0.00096735
278.92756233,0.00430472
279.13627065,0.00326827
279.34499537,0.00216963
279.55373649,0.00415961
279.76249401,0.00923821
279.97126791,0.00426326
280.18005820,0.00049059
280.38886488,0.00190016
280.59768795,-0.00079461
280.80652739,0.00245984
281.01538321,0.00134047
281.22425540,0.00254275
281.43314397,0.00272931
281.64204891,0.00057350
281.85097021,0.00320608
282.05990788,0.00546554
282.26886190,0.00235619
282.47783229,-0.00241147
282.68681903,0.00382795
282.89582212,0.00065642
283.10484156,0.00013819
283.31387735,0.00115391
283.52292949,0.00055277
283.73199796,0.00163068
283.94108277,0.00349629
284.15018392,-0.00060805
284.35930141,0.00158922
284.56843522,0.00233546
284.77758536,0.00391087
284.98675183,0.00175505
285.19593461,0.00766281
285.40513372,0.00368285
285.61434914,0.00440836
285.82358088,-0.00292969
286.03282893,0.00115391
286.24209328,0.00295733
286.45137395,0.00107100
286.66067091,0.00223182
286.86998417,0.00324754
287.07931373,0.00225255
287.28865959,0.00355847
287.49802174,0.00134047
287.70740017,0.00067715
287.91679489,0.00094662
288.12620590,0.00090516
288.33563318,0.00071860
288.54507675,0.00301952
288.75453658,-0.00011055
288.96401269,-0.00089826
289.17350507,0.00013819
289.38301372,0.00337191
289.59253863,0.00092589
289.80207980,0.00641907
290.01163723,0.00044913
290.22121091,0.00227328
290.43080085,0.00250130
290.64040703,0.00117464
290.85002947,0.00335118
291.05966815,0.00250130
291.26932307,0.00301952
291.47899422,0.00125756
291.68868162,0.00505096
291.89838525,0.00285369
292.10810511,0.00469857
292.31784119,0.00156849
292.52759350,-0.00222491
292.73736204,0.00320608
292.94714679,0.00142339
293.15694776,0.00129902
293.36676494,0.00073933
293.57659834,0.00328900
293.78644794,0.00032475
293.99631375,-0.00089826
294.20619576,0.00355847
294.41609397,0.00471930
294.62600838,0.00279150
294.83593898,0.00241838
295.04588578,-0.00172741
295.25584876,-0.00280532
295.46582793,0.00030402
295.67582328,0.00183797
295.88583481,-0.00035930
296.09586253,0.00219036
296.30590641,0.00196234
296.51596647,0.00098808
296.72604270,0.00034548
296.93613509,0.00455346
297.14624365,-0.00353083
297.35636837,0.00042840
297.56650925,0.00181724
297.77666629,-0.00062878
297.98683947,-0.00079461
298.19702881,0.00272931
298.40723429,0.00266713
298.61745592,0.00214890
298.82769369,0.00496804
299.03794760,0.00631543
299.24821765,-0.00224564
299.45850383,0.00544481
299.66880614,0.00015892
299.87912458,-0.00187252
300.08945914,-0.00118846
300.29980983,0.00391087
300.51017663,0.00260494
300.72055955,0.00683365
300.93095859,0.00295733
301.14137374,0.00044913
301.35180499,-0.00067024
301.56225235,0.00109173
301.77271582,-0.00313698
301.98319538,0.00863707
302.19369105,-0.00334427
302.40420280,-0.00006910
302.61473065,0.00542408
302.82527459,0.00366212
303.03583461,-0.00060805
303.24641072,0.00020038
303.45700291,0.00198307
303.66761117,-0.00060805
303.87823552,0.00474002
304.08887593,0.00198307
304.29953241,-0.00015201
304.51020496,-0.00226637
304.72089358,0.00621178
304.93159825,0.00411816
305.14231899,0.00036621
305.35305578,0.00556918
305.56380862,0.00198307
305.77457752,0.00343410
305.98536246,0.00287442
306.19616344,0.00212817
306.40698047,0.00264640
306.61781354,0.00007601
306.82866264,0.00463638
307.03952778,0.00330973
307.25040895,0.00297806
307.46130614,0.00322681
307.67221937,0.00076006
307.88314861,0.00022111
308.09409387,0.00430472
308.30505515,0.00160995
308.51603245,0.00368285
308.72702576,-0.00112627
308.93803507,-0.00259803
309.14906039,0.00065642
309.36010172,0.00194161
309.57115904,0.00461565
309.78223236,0.00169287
309.99332168,0.00146485
310.20442699,0.00397305
310.41554829,0.00086371
310.62668557,-0.00178960
310.83783884,0.00181724
311.04900809,-0.00172741
311.26019332,-0.00048368
311.47139452,0.00138193
311.68261169,0.00268786
311.89384484,0.00444982
312.10509395,0.00256348
312.31635903,0.00401451
312.52764007,0.00119537
312.73893706,0.00057350
312.95025002,0.00144412
313.16157892,-0.00042149
313.37292378,0.00391087
313.58428458,0.00057350
313.79566133,-0.00089826
314.00705402,0.00465711
314.21846266,0.00142339
314.42988722,-0.00118846
314.64132772,0.00364139
314.85278416,-0.00149940
315.06425652,0.01158058
315.27574480,-0.00137502
315.48724901,0.00420107
315.69876914,0.00009674
315.91030518,0.00287442
316.12185715,0.00065642
316.33342502,0.00194161
316.54500880,0.00140266
316.75660848,0.00430472
316.96822407,0.00107100
317.17985556,0.00084298
317.39150295,0.00185870
317.60316624,0.00194161
317.81484541,-0.00021420
318.02654048,0.00190016
318.23825143,0.00262567
318.44997826,0.00198307
318.66172098,0.00098808
318.87347957,0.00695802
319.08525404,0.00219036
319.29704439,0.00330973
319.50885060,0.00061496
319.72067268,0.00252202
319.93251063,0.00198307
320.14436443,0.00011746
320.35623410,0.00627397
320.56811962,0.00540335
320.78002100,0.00096735
320.99193822,0.00005528
321.20387130,0.00057350
321.41582021,0.00158922
321.62778498,0.00565210
321.83976558,0.00364139
322.05176201,0.00268786
322.26377428,-0.00114700
322.47580239,0.00523752
322.68784632,0.00469857
322.89990607,0.00239765
323.11198165,-0.00035930
323.32407305,0.00219036
323.53618027,0.00444982
323.74830330,0.00078079
323.96044215,0.00160995
324.17259680,0.00710313
324.38476726,0.00538262
324.59695352,-0.00006910
324.80915558,0.00082225
325.02137344,0.00044913
325.23360710,0.00134047
325.44585655,0.00459492
325.65812178,0.00310244
325.87040281,-0.00046295
326.08269962,0.00451201
326.29501221,-0.00104336
326.50734058,0.00476075
326.71968472,0.00094662
326.93204464,0.00474002
327.14442032,0.00575574
327.35681178,0.00349629
327.56921900,0.00138193
327.78164198,0.00295733
327.99408072,0.00080152
328.20653522,0.00113318
328.41900547,-0.00098117
328.63149147,0.00357920
328.84399322,0.00364139
329.05651071,0.00221109
329.26904395,0.00204526
329.48159293,0.00314389
329.69415764,-0.00029712
329.90673809,0.00237692
330.11933427,0.00036621
330.33194617,0.00347556
330.54457381,0.00299879
330.75721716,-0.00189325
330.96987624,-0.00096044
331.18255104,0.00231473
331.39524154,0.00621178
331.60794777,0.00245984
331.82066970,-0.00158231
332.03340733,0.00185870
332.24616067,0.00650199
332.45892971,0.00198307
332.67171445,0.00245984
332.88451489,0.00277077
333.09733102,0.00245984
333.31016283,0.00117464
333.52301034,-0.00156158
333.73587352,-0.00008983
333.94875239,-0.00239074
334.16164694,0.00003455
334.37455717,-0.00284678
334.58748306,0.00391087
334.80042463,0.00411816
335.01338187,-0.00135429
335.22635477,0.00181724
335.43934333,0.00059423
335.65234755,0.00357920
335.86536743,0.00339264
336.07840296,0.00090516
336.29145415,-0.00062878
336.50452098,0.00291587
336.71760345,0.00169287
336.93070157,0.00102954
337.14381533,0.00148558
337.35694473,-0.00029712
337.57008976,0.00395232
337.78325042,0.00160995
337.99642671,-0.00006910
338.20961863,0.00086371
338.42282617,0.00476075
338.63604933,-0.00152012
338.84928810,0.00071860
339.06254250,0.00304025
339.27581250,0.00080152
339.48909812,0.00285369
339.70239934,0.00527898
339.91571616,0.00177578
340.12904859,0.00167214
340.34239661,-0.00054586
340.55576023,0.00316462
340.76913945,0.00575574
340.98253425,0.00177578
341.19594464,0.00219036
341.40937061,0.00026257
341.62281217,0.00202453
341.83626930,0.00799447
342.04974201,0.00127829
342.26323030,-0.00071169
342.47673415,0.00494731
342.69025357,0.00673001
342.90378856,-0.00081534
343.11733911,0.00474002
343.33090522,0.00177578
343.54448688,0.00204526
343.75808410,0.00011746
343.97169687,0.00256348
344.18532519,0.00061496
344.39896906,0.00343410
344.61262847,-0.00145794
344.82630341,0.00519606
345.03999390,0.00420107
345.25369992,0.00575574
345.46742147,0.00728969
345.68115855,0.00384868
345.89491115,0.00231473
346.10867928,-0.00011055
346.32246293,0.00156849
346.53626210,-0.00114700
346.75007679,0.00051131
346.96390698,0.00349629
347.17775269,0.00208672
347.39161390,-0.00085680
347.60549061,0.00380722
347.81938283,0.00169287
348.03329055,0.00407670
348.24721376,0.00169287
348.46115246,0.00316462
348.67510665,0.00017965
348.88907634,0.00115391
349.10306150,-0.00108482
349.31706215,-0.00056659
349.53107828,0.00142339
349.74510988,0.00219036
349.95915696,0.00648126
350.17321950,0.00333045
350.38729752,0.00666782
350.60139100,0.00078079
350.81549994,0.00111245
351.02962435,-0.00067024
351.24376421,0.00299879
351.45791952,0.00181724
351.67209028,0.00051131
351.88627650,-0.00098117
352.10047816,0.00109173
352.31469526,0.00281223
352.52892780,0.00426326
352.74317578,0.00438763
352.95743919,0.00324754
353.17171804,0.00206599
353.38601232,0.00225255
353.60032202,-0.00040076
353.81464714,0.00529971
354.02898769,-0.00212126
354.24334365,-0.00120919
354.45771503,-0.00033857
354.67210182,0.00457419
354.88650403,0.00442909
355.10092164,0.00405597
355.31535465,0.00105027
355.52980306,0.01021247
355.74426687,0.00196234
355.95874608,0.00212817
356.17324069,0.00442909
356.38775068,-0.00013128
356.60227606,0.00285369
356.81681682,-0.00321990
357.03137297,-0.00114700
357.24594449,0.00314389
357.46053139,0.00355847
357.67513367,0.00432544
357.88975132,0.00216963
358.10438433,-0.00035930
358.31903271,0.00380722
358.53369645,0.00185870
358.74837556,-0.00278459
358.96307002,0.00372430
359.17777983,-0.00127138
359.39250499,0.00177578
359.60724551,0.00219036
359.82200137,0.00275004
360.03677257,0.00053204
360.25155911,-0.00120919
360.46636100,0.00165141
360.68117821,-0.00317844
360.89601076,-0.00071169
361.11085864,0.00304025
361.32572184,-0.00332354
361.54060037,0.00432544
361.75549422,0.00337191
361.97040338,0.00689584
362.18532786,0.00471930
362.40026766,-0.00019347
362.61522276,0.00243911
362.83019318,0.00418034
363.04517889,-0.00046295
363.26017991,0.00107100
363.47519623,-0.00071169
363.69022784,0.00256348
363.90527474,0.00235619
364.12033694,0.00764208
364.33541442,0.00053204
364.55050719,-0.00102263
364.76561524,-0.00195543
364.98073857,0.00109173
365.19587718,-0.00035930
365.41103106,0.00372430
365.62620021,-0.00110554
365.84138463,0.00192088
366.05658432,0.00142339
366.27179927,0.00297806
366.48702948,0.00013819
366.70227494,0.00169287
366.91753566,0.00129902
367.13281163,0.00125756
367.34810285,-0.00286751
367.56340932,0.00117464
367.77873103,0.00229401
367.99406798,0.00264640
368.20942017,-0.00185179
368.42478759,0.00165141
368.64017025,-0.00025566
368.85556813,0.00523752
369.07098125,0.00026257
369.28640958,0.00200380
369.50185314,0.00148558
369.71731191,0.00399378
369.93278590,-0.00321990
370.14827511,0.00275004
370.36377952,-0.00297115
370.57929914,0.00057350
370.79483397,0.00345483
371.01038400,0.00219036
371.22594922,0.00063569
371.44152965,0.00165141
371.65712526,0.00250130
371.87273607,-0.00040076
372.08836206,0.00314389
372.30400324,0.00451201
372.51965960,-0.00096044
372.73533114,0.00430472
372.95101786,0.00040767
373.16671976,0.00546554
373.38243682,0.00664709
373.59816905,0.00214890
373.81391645,-0.00098117
374.02967901,0.00297806
374.24545673,0.00214890
374.46124961,-0.00112627
374.67705764,0.00150631
374.89288082,0.00059423
375.10871916,-0.00081534
375.32457264,-0.00040076
375.54044126,0.00171359
375.75632503,0.00498877
375.97222393,0.00241838
376.18813797,-0.00249439
376.40406713,-0.00058732
376.62001143,0.00020038
376.83597086,-0.00172741
377.05194541,0.00057350
377.26793508,0.00252202
377.48393987,0.00393159
377.69995978,0.00376576
377.91599480,0.00028330
378.13204493,0.00206599
378.34811016,0.00488513
378.56419050,0.00422180
378.78028595,0.00484367
378.99639649,0.00001382
379.21252213,0.00034548
379.42866286,0.00326827
379.64481868,0.00001382
379.86098960,0.00614959
380.07717559,0.00053204
380.29337667,0.00136120
380.50959283,0.00028330
380.72582407,0.00401451
380.94207038,0.00229401
381.15833176,0.00204526
381.37460821,0.00090516
381.59089972,0.00185870
381.80720630,0.00333045
382.02352794,-0.00042149
382.23986464,0.00322681
382.45621639,0.00372430
382.67258319,0.00109173
382.88896505,0.00011746
383.10536195,0.00322681
383.32177389,0.00177578
383.53820087,0.00038694
383.75464289,0.00057350
383.97109995,0.00096735
384.18757204,-0.00038003
384.40405916,0.00134047
384.62056131,-0.00218345
384.83707848,0.00219036
385.05361067,0.00206599
385.27015788,0.00316462
385.48672011,0.00548627
385.70329735,0.00418034
385.91988960,0.00351702
386.13649686,0.00073933
386.35311912,0.00366212
386.56975639,0.00291587
386.78640865,0.00312316
387.00307592,0.00088444
387.21975817,-0.00187252
387.43645542,0.00015892
387.65316765,0.00084298
387.86989487,0.00268786
388.08663707,0.00065642
388.30339426,0.00146485
388.52016641,0.00418034
388.73695355,0.00534116
388.95375565,0.00366212
389.17057273,0.00121610
389.38740477,0.00401451
389.60425177,0.00415961
389.82111374,-0.00081534
390.03799066,0.00571429
390.25488253,0.00391087
390.47178936,0.00082225
390.68871114,0.00281223
390.90564787,0.00082225
391.12259954,0.00049059
391.33956614,0.00289515
391.55654769,-0.00046295
391.77354418,0.00337191
391.99055559,0.00090516
392.20758194,0.00231473
392.42462321,0.00426326
392.64167941,0.00326827
392.85875053,0.00552772
393.07583657,0.00123683
393.29293752,0.00442909
393.51005339,0.00484367
393.72718417,0.00314389
393.94432986,0.00494731
394.16149045,0.00194161
394.37866594,0.00252202
394.59585634,0.00536189
394.81306163,0.00532044
395.03028181,0.00449128
395.24751689,0.00917602
395.46476685,0.00380722
395.68203170,0.00474002
395.89931143,0.00760062
396.11660604,0.00322681
396.33391553,0.00455346
396.55123990,0.00272931
396.76857913,0.00509242
396.98593324,0.00478148
397.20330221,-0.00268095
397.42068604,0.00306098
397.63808474,0.00105027
397.85549829,0.00604595
398.07292670,0.00498877
398.29036996,0.00322681
398.50782807,0.00612887
398.72530103,0.00567283
398.94278883,0.00505096
399.16029147,0.00664709
399.37780895,0.00196234
399.59534127,0.00743479
399.81288841,0.00521679
400.03045039,0.00726896
400.24802720,0.00828468
400.46561883,0.00272931
400.68322529,0.00090516
400.90084656,0.00378649
401.11848265,0.00639834
401.33613355,0.00407670
401.55379926,0.00295733
401.77147978,0.00702021
401.98917511,0.00822249
402.20688524,0.00235619
402.42461017,0.00260494
402.64234989,0.00548627
402.86010441,0.00136120
403.07787372,0.00666782
403.29565782,0.00432544
403.51345670,0.00424253
403.73127037,0.00517533
403.94909882,0.00277077
404.16694205,0.00836759
404.38480005,0.00349629
404.60267282,0.00310244
404.82056036,0.00190016
405.03846267,0.00776645
405.25637974,0.00855415
405.47431157,0.00695802
405.69225816,0.00399378
405.91021951,0.00432544
406.12819561,0.00192088
406.34618645,0.00225255
406.56419205,0.00529971
406.78221239,0.00368285
407.00024747,0.00768354
407.21829729,0.00055277
407.43636184,0.00840905
407.65444113,0.00689584
407.87253515,0.00782864
408.09064390,0.00706167
408.30876737,0.00641907
408.52690556,0.01033685
408.74505847,0.00389014
408.96322610,0.00712386
409.18140844,0.00434617
409.39960550,0.00459492
409.61781726,0.00648126
409.83604372,0.00643980
410.05428489,0.01027466
410.27254076,0.00252202
410.49081133,0.01048195
410.70909659,0.00749698
410.92739654,0.00459492
411.14571118,0.00940404
411.36404051,0.00708240
411.58238452,0.00919675
411.80074321,0.00583866
412.01911658,0.00764208
412.23750462,0.00809812
412.45590734,0.00695802
412.67432472,0.00691657
412.89275677,0.00695802
413.11120349,0.00577647
413.32966486,0.00378649
413.54814090,0.00602522
413.76663159,0.00699948
413.98513693,0.00482294
414.20365692,0.00185870
414.42219156,0.00847124
414.64074084,0.00304025
414.85930477,0.00722750
415.07788333,0.00260494
415.29647653,0.00643980
415.51508437,0.00357920
415.73370683,0.00376576
415.95234392,0.00702021
416.17099564,0.00581793
416.38966198,0.00838832
416.60834294,0.00772500
416.82703851,0.00693729
417.04574870,0.00219036
417.26447350,0.00643980
417.48321291,0.00702021
417.70196692,0.00268786
417.92073554,0.00668855
418.13951875,0.00840905
418.35831657,0.00291587
418.57712898,0.00359993
418.79595598,0.01033685
419.01479757,0.01015029
419.23365374,0.00567283
419.45252450,0.00424253
419.67140984,0.00890655
419.89030975,0.01002591
420.10922425,0.01214027
420.32815331,0.00627397
420.54709694,0.00739333
420.76605514,0.00793229
420.98502791,0.00683365
421.20401523,0.00216963
421.42301712,0.00612887
421.64203356,0.00747625
421.86106455,0.00787010
422.08011009,0.00482294
422.29917018,0.00743479
422.51824482,0.00646053
422.73733399,0.00455346
422.95643771,0.00550700
423.17555596,0.00666782
423.39468875,0.00673001
423.61383606,0.00511315
423.83299790,0.00484367
424.05217427,0.00617032
424.27136516,0.00762135
424.49057057,0.00480221
424.70979050,0.00714458
424.92902494,0.00633615
425.14827390,0.00660563
425.36753736,0.00718604
425.58681532,0.01234756
425.80610779,0.00764208
426.02541476,0.01075143
426.24473623,0.00426326
426.46407219,0.00820176
426.68342265,0.00438763
426.90278759,0.00840905
427.12216702,0.00675073
427.34156093,0.00523752
427.56096933,0.01010883
427.78039220,0.01257557
427.99982955,0.00795301
428.21928137,0.00635688
428.43874766,0.00420107
428.65822841,0.00772500
428.87772363,0.01025393
429.09723331,0.00666782
429.31675745,0.00297806
429.53629605,0.00407670
429.75584910,0.00716531
429.97541660,0.00770427
430.19499854,0.00415961
430.41459494,0.00867853
430.63420577,0.01008810
430.85383104,0.00820176
431.07347075,0.00965279
431.29312489,0.01120746
431.51279347,0.00728969
431.73247647,0.00677146
431.95217390,0.00515460
432.17188574,0.01137329
432.39161201,0.00563137
432.61135270,0.00542408
432.83110780,0.00855415
433.05087731,0.01199516
433.27066123,0.00455346
433.49045956,0.00650199
433.71027229,0.00656417
433.93009942,0.00743479
434.14994095,0.00695802
434.36979687,0.00656417
434.58966718,0.00739333
434.80955189,0.00865780
435.02945098,0.00778718
435.24936445,0.01373640
435.46929230,0.00842978
435.68923454,0.00813958
435.90919115,0.01017101
436.12916213,0.00863707
436.34914748,0.00998445
436.56914720,0.00913457
436.78916128,0.00838832
437.00918972,0.00799447
437.22923252,0.00660563
437.44928968,0.01058559
437.66936119,0.00915529
437.88944706,0.01211954
438.10954727,0.01226464
438.32966182,0.01185006
438.54979072,0.00986008
438.76993395,0.01634825
438.99009153,0.01309380
439.21026343,0.01357056
439.43044967,0.01522888
439.65065024,0.01815167
439.87086513,0.01164277
440.09109434,0.01151840
440.31133788,0.00838832
440.53159573,0.01578856
440.75186789,0.01008810
440.97215437,0.01195371
441.19245516,0.01336328
441.41277025,0.01269995
441.63309964,0.01313526
441.85344334,0.01361202
442.07380133,0.01079288
442.29417362,0.01261703
442.51456020,0.01195371
442.73496107,0.01328036
442.95537623,0.01585075
443.17580567,0.01549836
443.39624939,0.01504232
443.61670739,0.01218172
443.83717967,0.01245120
444.05766622,0.01514597
444.27816704,0.01786146
444.49868212,0.01033685
444.71921147,0.01220245
444.93975509,0.01357056
445.16031296,0.01680428
445.38088508,0.01247193
445.60147147,0.01622387
445.82207210,0.01269995
446.04268698,0.01589221
446.26331610,0.01887718
446.48395947,0.00927967
446.70461707,0.01178787
446.92528892,0.01102090
447.14597499,0.01533253
447.36667530,0.01052341
447.58738984,0.01786146
447.80811860,0.01452410
448.02886158,0.00932113
448.24961879,0.01398514
448.47039021,0.01514597
448.69117585,0.02036967
448.91197570,0.01531180
449.13278975,0.00888582
449.35361802,0.01265849
449.57446049,0.01634825
449.79531715,0.00965279
450.01618802,0.00869926
450.23707308,0.01095871
450.45797234,0.01549836
450.67888578,0.01280359
450.89981341,0.01110382
451.12075522,0.01410952
451.34171122,0.01495941
451.56268139,0.01616169
451.78366574,0.01663845
452.00466426,0.01506305
452.22567696,0.01118673
452.44670382,0.01301088
452.66774484,0.01035757
452.88880003,0.01763344
453.10986938,0.01359129
453.33095288,0.01504232
453.55205053,0.01394369
453.77316234,0.00986008
453.99428830,0.01460701
454.21542840,0.01017101
454.43658264,0.01655554
454.65775102,0.01419243
454.87893354,0.01518742
455.10013019,0.01495941
455.32134098,0.02076352
455.54256589,0.02240111
455.76380493,0.01479357
455.98505809,0.01692866
456.20632537,0.01891864
456.42760677,0.01630679
456.64890229,0.01535326
456.87021191,0.01670064
457.09153565,0.01464847
457.31287349,0.01682501
457.53422544,0.02248402
457.75559149,0.02111591
457.97697163,0.01535326
458.19836587,0.02097081
458.41977420,0.01769563
458.64119663,0.02240111
458.86263313,0.01597513
459.08408373,0.02219382
459.30554840,0.01800656
459.52702716,0.02426671
459.74851999,0.01560200
459.97002689,0.02463983
460.19154786,0.01954051
460.41308290,0.02175851
460.63463201,0.01811021
460.85619518,0.01670064
461.07777241,0.01869062
461.29936369,0.02074279
461.52096903,0.02376922
461.74258841,0.02076352
461.96422185,0.01885645
462.18586933,0.02275350
462.40753086,0.02532389
462.62920642,0.02074279
462.85089602,0.02026602
463.07259966,0.02012092
463.29431733,0.01726032
463.51604902,0.01968561
463.73779475,0.02082570
463.95955449,0.02304370
464.18132826,0.02569701
464.40311604,0.02250475
464.62491784,0.02227673
464.84673365,0.02049404
465.06856347,0.02329245
465.29040730,0.02036967
465.51226513,0.02111591
465.73413696,0.01721886
465.95602279,0.02269131
466.17792261,0.02323026
466.39983643,0.02754189
466.62176424,0.02437036
466.84370603,0.02623596
467.06566181,0.02432890
467.28763157,0.02530316
467.50961531,0.02360339
467.73161303,0.02567628
467.95362472,0.02329245
468.17565038,0.02824667
468.39769001,0.02513733
468.61974360,0.02646398
468.84181116,0.02706512
469.06389267,0.03079634
469.28598814,0.02760408
469.50809757,0.03201935
469.73022094,0.03067196
469.95235827,0.02845396
470.17450954,0.02640180
470.39667475,0.02546899
470.61885390,0.02942823
470.84104699,0.02652617
471.06325402,0.03094144
471.28547498,0.02432890
471.50770986,0.02866125
471.72995867,0.02470202
471.95222141,0.01968561
472.17449806,0.01991363
472.39678864,0.02034894
472.61909313,0.02163413
472.84141153,0.01983071
473.06374384,0.02915875
473.28609005,0.02768699
473.50845017,0.02233892
473.73082420,0.02333391
473.95321212,0.02314735
474.17561393,0.02408015
474.39802964,0.02103299
474.62045924,0.02235965
474.84290273,0.02109518
475.06536010,0.02567628
475.28783136,0.02750043
475.51031649,0.02613232
475.73281550,0.02022456
475.95532838,0.01900155
476.17785513,0.02289860
476.40039575,0.02528243
476.62295024,0.02283641
476.84551859,0.02517879
477.06810080,0.02499223
477.29069686,0.02451546
477.51330678,0.02347901
477.73593055,0.02830886
477.95856817,0.02459838
478.18121963,0.02752116
478.40388494,0.02590430
478.62656409,0.02926239
478.84925707,0.02596649
479.07196389,0.02455692
479.29468455,0.02573847
479.51741903,0.02905510
479.74016733,0.02277423
479.96292946,0.02600795
480.18570542,0.02756262
480.40849519,0.02246329
480.63129877,0.02505441
480.85411617,0.02565555
481.07694738,0.02262912
481.29979239,0.02586284
481.52265121,0.02368630
481.74552383,0.02229746
481.96841025,0.02175851
482.19131046,0.02511660
482.41422447,0.02028675
482.63715227,0.02387286
482.86009385,0.02003800
483.08304922,0.01912593
483.30601837,0.01956124
483.52900130,0.02434963
483.75199801,0.02101226
483.97500849,0.02184142
484.19803274,0.02219382
484.42107076,0.02059769
484.64412255,0.02565555
484.86718810,0.02192434
485.09026741,0.01516670
485.31336047,0.01840041
485.53646729,0.01860770
485.75958786,0.01726032
485.98272218,0.01821385
486.20587024,0.01595440
486.42903205,0.01871135
486.65220760,0.01775782
486.87539689,0.02391432
487.09859991,0.02043185
487.32181666,0.02157195
487.54504715,0.02582139
487.76829136,0.02107445
487.99154929,0.02420453
488.21482094,0.02345828
488.43810631,0.02213163
488.66140540,0.02832959
488.88471820,0.02725168
489.10804471,0.02764553
489.33138493,0.02940750
489.55473885,0.02706512
489.77810647,0.03096217
490.00148780,0.03286923
490.22488281,0.03413370
490.44829153,0.03848679
490.67171393,0.03490067
490.89515002,0.03832095
491.11859979,0.03929522
491.34206325,0.03682847
491.56554038,0.03531525
491.78903120,0.03699430
492.01253568,0.03154258
492.23605384,0.03595785
492.45958567,0.03931594
492.68313116,0.03734669
492.90669031,0.03378131
493.13026312,0.03148039
493.35384960,0.02897219
493.57744972,0.02772845
493.80106350,0.02903438
494.02469092,0.02980135
494.24833200,0.03011228
494.47198671,0.03237174
494.69565507,0.02760408
494.91933706,0.03570910
495.14303269,0.02978062
495.36674195,0.02743824
495.59046484,0.02953187
495.81420136,0.02826740
496.03795150,0.02656763
496.26171526,0.02327172
496.48549264,0.02803939
496.70928364,0.02861980
496.93308825,0.02897219
497.15690647,0.03608222
497.38073830,0.03504578
497.60458373,0.03931594
497.82844276,0.04422871
498.05231539,0.03792710
498.27620162,0.03736742
498.50010144,0.03921230
498.72401485,0.03898428
498.94794185,0.04476766
499.17188244,0.03825877
499.39583661,0.04037312
499.61980435,0.03890136
499.84378568,0.04584557
500.06778058,0.04599067
500.29178904,0.04636379
500.51581108,0.04153394
500.73984668,0.04451892
500.96389585,0.04505787
501.18795858,0.04244602
501.41203486,0.04418725
501.63612470,0.03823804
501.86022809,0.04329591
502.08434503,0.04555536
502.30847551,0.04489204
502.53261954,0.04126447
502.75677711,0.03811366
502.98094822,0.04126447
503.20513286,0.04099499
503.42933104,0.04008292
503.65354274,0.04064260
503.87776797,0.03570910
504.10200673,0.03413370
504.32625901,0.03919157
504.55052480,0.03382277
504.77480411,0.03384350
504.99909694,0.03100363
505.22340327,0.03742961
505.44772312,0.03270340
505.67205646,0.03002937
505.89640331,0.03382277
506.12076366,0.02961479
506.34513750,0.03318017
506.56952484,0.03220591
506.79392567,0.02946968
507.01833999,0.03106581
507.24276779,0.03425808
507.46720907,0.03152185
507.69166384,0.03208153
507.91613208,0.03334600
508.14061380,0.03595785
508.36510898,0.03315944
508.58961764,0.03500432
508.81413976,0.03463120
509.03867534,0.03896355
509.26322439,0.03380204
509.48778689,0.03713940
509.71236285,0.03908793
509.93695226,0.03830022
510.16155512,0.03599931
510.38617142,0.03614441
510.61080117,0.03747107
510.83544436,0.03937813
511.06010099,0.03973052
511.28477105,0.04563828
511.50945454,0.04356538
511.73415147,0.03885991
511.95886182,0.03792710
512.18358560,0.03819658
512.40832280,0.03048540
512.63307341,0.03734669
512.85783745,0.03407151
513.08261489,0.03378131
513.30740575,0.03624806
513.53221001,0.03651753
513.75702768,0.03577129
513.98185875,0.03344965
514.20670322,0.03077561
514.43156109,0.03023666
514.65643235,0.03158404
514.88131700,0.03023666
515.10621504,0.03666264
515.33112647,0.02895146
515.55605128,0.03259976
515.78098946,0.03255830
516.00594103,0.03089998
516.23090597,0.03106581
516.45588428,0.03703576
516.68087596,0.02756262
516.90588100,0.03347037
517.13089941,0.03075488
517.35593118,0.03027811
517.58097631,0.02741752
517.80603479,0.02905510
518.03110663,0.02727241
518.25619181,0.02893073
518.48129034,0.02687856
518.70640222,0.02679565
518.93152743,0.02764553
519.15666598,0.02994645
519.38181787,0.02426671
519.60698310,0.03073415
519.83216165,0.02909656
520.05735353,0.02490931
520.28255873,0.02441182
520.50777726,0.02227673
520.73300910,0.02617378
520.95825426,0.02633961
521.18351273,0.02839178
521.40878452,0.02789428
521.63406961,0.02602868
521.85936801,0.02716877
522.08467971,0.02258767
522.31000471,0.02546899
522.53534300,0.02536535
522.76069459,0.02928312
522.98605947,0.02822595
523.21143764,0.02949041
523.43682910,0.03011228
523.66223383,0.03119019
523.88765185,0.03245466
524.11308315,0.03411297
524.33852772,0.03701503
524.56398556,0.02944895
524.78945667,0.03535671
525.01494104,0.03102436
525.24043868,0.03479703
525.46594959,0.03767836
525.69147374,0.04302643
525.91701116,0.03809293
526.14256182,0.03461047
526.36812574,0.03340819
526.59370290,0.03378131
526.81929331,0.03127310
527.04489696,0.03340819
527.27051384,0.03168768
527.49614396,0.03143894
527.72178732,0.02814303
527.94744390,0.02797720
528.17311372,0.03031957
528.39879675,0.03280705
528.62449301,0.03071342
528.85020249,0.03846606
529.07592518,0.03554327
529.30166109,0.03386423
529.52741021,0.03993781
529.75317254,0.04221800
529.97894807,0.03697357
530.20473680,0.04397996
530.43053874,0.04240456
530.65635387,0.05368112
530.88218219,0.04458110
531.10802371,0.04988772
531.33387841,0.05123510
531.55974630,0.05048886
531.78562738,0.05330800
532.01152163,0.05627224
532.23742906,0.05395060
532.46334967,0.05113146
532.68928344,0.05100708
532.91523039,0.05079979
533.14119051,0.05448955
533.36716378,0.05106927
533.59315022,0.05169114
533.81914982,0.04947314
534.04516257,0.06106063
534.27118847,0.05392987
534.49722752,0.05463465
534.72327973,0.05353602
534.94934507,0.05399205
535.17542356,0.05998273
535.40151518,0.06037658
535.62761994,0.05291415
535.85373784,0.05214718
536.07986886,0.06074970
536.30601301,0.05594058
536.53217029,0.05761962
536.75834069,0.05210572
536.98452420,0.05324581
537.21072084,0.05598203
537.43693059,0.05720504
537.66315345,0.05496632
537.88938941,0.05513215
538.11563848,0.05388841
538.34190066,0.05422007
538.56817593,0.05086198
538.79446431,0.05152531
539.02076577,0.05214718
539.24708033,0.05451028
539.47340798,0.05714286
539.69974871,0.05349456
539.92610252,0.05334946
540.15246942,0.05492486
540.37884939,0.05780618
540.60524244,0.06106063
540.83164856,0.05741233
541.05806775,0.06199344
541.28450001,0.06128865
541.51094533,0.06734151
541.73740371,0.06497841
541.96387515,0.06680256
542.19035965,0.06356884
542.41685719,0.07297979
542.64336779,0.07121783
542.86989144,0.07629642
543.09642813,0.06649162
543.32297786,0.06866816
543.54954063,0.06810848
543.77611643,0.07499050
544.00270527,0.07084471
544.22930714,0.07656590
544.45592204,0.06875108
544.68254996,0.07063742
544.90919091,0.06222145
545.13584487,0.06680256
545.36251185,0.06147521
545.58919184,0.06240802
545.81588485,0.06081188
546.04259086,0.06056314
546.26930988,0.06379686
546.49604191,0.06273968
546.72278693,0.05884263
546.94954495,0.05869753
547.17631596,0.06016929
547.40309997,0.06383831
547.62989696,0.06251166
547.85670694,0.06406633
548.08352991,0.07507342
548.31036585,0.07028502
548.53721477,0.07507342
548.76407667,0.07926067
548.99095154,0.07702194
549.21783938,0.07310416
549.44474018,0.07600622
549.67165395,0.08013128
549.89858069,0.07805839
550.12552038,0.07658663
550.35247302,0.07387113
550.57943862,0.07501123
550.80641717,0.07565383
551.03340866,0.07988254
551.26041310,0.07673173
551.48743048,0.08083607
551.71446081,0.08311625
551.94150406,0.08367594
552.16856025,0.08589394
552.39562937,0.09006046
552.62271142,0.08802902
552.84980640,0.08601831
553.07691429,0.08856797
553.30403511,0.08844360
553.53116884,0.09518051
553.75831549,0.09507687
553.98547505,0.09495250
554.21264752,0.09996891
554.43983289,0.09681810
554.66703116,0.10838487
554.89424234,0.10911038
555.12146641,0.10944205
555.34870338,0.10622906
555.57595324,0.11141130
555.80321599,0.11814821
556.03049162,0.11742270
556.25778014,0.10840560
556.48508154,0.11458283
556.71239582,0.11599240
556.93972297,0.11219900
557.16706300,0.11261358
557.39441589,0.11041631
557.62178165,0.11694593
557.84916028,0.11219900
558.07655177,0.11972361
558.30395611,0.12022111
558.53137331,0.12187943
558.75880337,0.12287442
558.98624627,0.12631543
559.21370202,0.12337191
559.44117062,0.12239765
559.66865206,0.12988081
559.89614634,0.12967352
560.12365345,0.12977716
560.35117340,0.13052341
560.57870618,0.12523752
560.80625179,0.11961997
561.03381022,0.12596303
561.26138148,0.13160131
561.48896555,0.13601658
561.71656244,0.13522888
561.94417215,0.13678356
562.17179467,0.13361202
562.39942999,0.13093799
562.62707812,0.13112455
562.85473906,0.13174642
563.08241279,0.13054414
563.31009933,0.12741406
563.53779866,0.12979789
563.76551078,0.12389014
563.99323568,0.12726896
564.22097338,0.12366212
564.44872386,0.11852133
564.67648712,0.12415961
564.90426316,0.11991017
565.13205197,0.12299879
565.35985356,0.12751771
565.58766792,0.13029539
565.81549504,0.12845051
566.04333493,0.13578856
566.27118758,0.12415961
566.49905298,0.12196234
566.72693115,0.12324754
566.95482207,0.12907238
567.18272573,0.12357920
567.41064215,0.12513387
567.63857131,0.12308171
567.86651321,0.12621178
568.09446785,0.11959924
568.32243523,0.12094662
568.55041534,0.11814821
568.77840819,0.12658490
569.00641376,0.11769217
569.23443206,0.11916393
569.46246308,0.12071860
569.69050682,0.12254275
569.91856327,0.12623251
570.14663244,0.12134047
570.37471433,0.11777509
570.60280892,0.12755916
570.83091622,0.11901883
571.05903622,0.11947487
571.28716892,0.11883227
571.51531432,0.11872862
571.74347241,0.12214890
571.97164320,0.11472793
572.19982667,0.12088444
572.42802284,0.11978580
572.65623168,0.11667646
572.88445321,0.11941268
573.11268742,0.11246847
573.34093430,0.11481085
573.56919385,0.11711176
573.79746608,0.11619969
574.02575097,0.11744343
574.25404853,0.11744343
574.48235874,0.11516324
574.71068162,0.11742270
574.93901715,0.11006391
575.16736534,0.11678010
575.39572618,0.11586803
575.62409966,0.11893591
575.85248579,0.11719468
576.08088456,0.11698739
576.30929597,0.12241838
576.53772002,0.11559855
576.76615671,0.11804457
576.99460602,0.12260494
577.22306796,0.12764208
577.45154253,0.12639834
577.68002972,0.12780791
577.90852953,0.12322681
578.13704196,0.12368285
578.36556700,0.12538262
578.59410465,0.12699948
578.82265492,0.12285369
579.05121779,0.12432544
579.27979326,0.11906029
579.50838133,0.11937122
579.73698201,0.12009674
579.96559527,0.12061496
580.19422113,0.11760926
580.42285958,0.11638625
580.65151062,0.11505960
580.88017424,0.11555709
581.10885044,0.11286233
581.33753922,0.11659354
581.56624057,0.10600104
581.79495450,0.10519261
582.02368100,0.09737779
582.25242007,0.10129556
582.48117170,0.10226982
582.70993589,0.10504750
582.93871264,0.10278805
583.16750195,0.09959579
583.39630381,0.10253930
583.62511822,0.09905683
583.85394518,0.09976162
584.08278469,0.09884954
584.31163674,0.10086025
584.54050133,0.09996891
584.76937845,0.10585593
584.99826811,0.10981517
585.22717030,0.11265504
585.45608502,0.11304889
585.68501226,0.12399378
585.91395203,0.12287442
586.14290432,0.12596303
586.37186912,0.12378649
586.60084644,0.12913457
586.82983628,0.13203662
587.05883862,0.13475212
587.28785347,0.13746761
587.51688082,0.13717741
587.74592067,0.14204871
587.97497302,0.14422525
588.20403787,0.14505441
588.43311520,0.15288996
588.66220503,0.15898428
588.89130735,0.15771981
589.12042215,0.15485922
589.34954943,0.16217654
589.57868919,0.16000000
589.80784142,0.16551391
590.03700613,0.15921230
590.26618331,0.15873553
590.49537296,0.15931594
590.72457507,0.14957333
590.95378964,0.14434963
591.18301667,0.14555191
591.41225616,0.14692002
591.64150811,0.14159268
591.87077250,0.14165486
592.10004934,0.14673346
592.32933863,0.14656763
592.55864036,0.13852479
592.78795453,0.13726032
593.01728114,0.14403869
593.24662018,0.14410088
593.47597165,0.14231819
593.70533555,0.14314735
593.93471188,0.14845396
594.16410063,0.14986353
594.39350180,0.15371912
594.62291539,0.14727241
594.85234140,0.15106581
595.08177981,0.15461047
595.31123064,0.14159268
595.54069387,0.14712731
595.77016951,0.15206080
595.99965755,0.14982208
596.22915798,0.15492140
596.45867081,0.15543963
596.68819604,0.14704439
596.91773365,0.14248402
597.14728365,0.14097081
597.37684603,0.14803939
597.60642080,0.15801002
597.83600795,0.16335809
598.06560747,0.16727587
598.29521936,0.16395923
598.52484363,0.17283123
598.75448026,0.17844878
598.98412926,0.17432372
599.21379062,0.18211781
599.44346434,0.18282259
599.67315042,0.18626360
599.90284885,0.18914493
600.13255963,0.20224564
600.36228276,0.19631715
600.59201824,0.19038867
600.82176606,0.18889618
601.05152622,0.18692693
601.28129871,0.18879254
601.51108354,0.19724996
601.74088070,0.20284678
601.97069019,0.21097253
602.20051201,0.21992745
602.43034615,0.23045776
602.66019261,0.24297806
602.89005139,0.24610814
603.11992249,0.24704094
603.34980589,0.24890655
603.57970161,0.25039903
603.80960963,0.25290724
604.03952996,0.26642253
604.26946259,0.28188634
604.49940751,0.29268613
604.72936474,0.29266540
604.95933425,0.29799274
605.18931606,0.30895837
605.41931015,0.30870962
605.64931653,0.30806702
605.87933519,0.30574538
606.10936612,0.31905338
606.33940934,0.31407842
606.56946483,0.32833996
606.79953259,0.32355156
607.02961261,0.33124201
607.25970490,0.34003109
607.48980946,0.33588530
607.71992627,0.33240283
607.95005534,0.34083952
608.18019667,0.34403178
608.41035024,0.34343064
608.64051607,0.33994818
608.87069414,0.34865434
609.10088445,0.34836414
609.33108700,0.35280014
609.56130179,0.36107100
609.79152882,0.37075143
610.02176808,0.36867853
610.25201956,0.37178787
610.48228328,0.37875281
610.71255921,0.38192434
610.94284737,0.38092935
611.17314775,0.38221454
611.40346034,0.37100017
611.63378514,0.34564864
611.86412215,0.33285887
612.09447137,0.31567456
612.32483280,0.31113491
612.55520642,0.29264467
612.78559225,0.27498359
613.01599027,0.26312662
613.24640048,0.24927967
613.47682288,0.24569356
613.70725747,0.23483158
613.93770425,0.22141993
614.16816321,0.22322335
614.39863434,0.22256003
614.62911766,0.22701676
614.85961314,0.22780446
615.09012080,0.23143203
615.32064063,0.23435481
615.55117262,0.23452064
615.78171677,0.23582657
616.01227308,0.23479012
616.24284156,0.23070651
616.47342218,0.22399033
616.70401496,0.22475730
616.93461988,0.21837278
617.16523695,0.21897392
617.39586617,0.20798756
617.62650752,0.20531353
617.85716101,0.20359302
618.08782664,0.19708413
618.31850440,0.19196407
618.54919429,0.19588184
618.77989630,0.18850233
619.01061044,0.18226291
619.24133670,0.17214718
619.47207508,0.17401278
619.70282557,0.17131802
619.93358818,0.17409570
620.16436289,0.16213508
620.39514972,0.16574192
620.62594864,0.15697357
620.85675967,0.16006219
621.08758280,0.15189497
621.31841802,0.14961479
621.54926534,0.14121955
621.78012475,0.13748834
622.01099624,0.13211954
622.24187982,0.12863707
622.47277549,0.13064778
622.70368323,0.13031612
622.93460305,0.12092589
623.16553494,0.12250130
623.39647890,0.11785801
623.62743493,0.11505960
623.85840303,0.11029193
624.08938319,0.10670582
624.32037541,0.10162722
624.55137968,0.10492313
624.78239602,0.10293315
625.01342440,0.09860079
625.24446483,0.10067369
625.47551731,0.11006391
625.70658183,0.11114182
625.93765839,0.11039558
626.16874699,0.11723614
626.39984763,0.10658145
626.63096029,0.11445846
626.86208499,0.11081016
627.09322171,0.10923476
627.32437046,0.11186733
627.55553123,0.11607532
627.78670401,0.11941268
628.01788882,0.12067715
628.24908563,0.12886509
628.48029446,0.11827259
628.71151529,0.12697875
628.94274813,0.12911384
629.17399296,0.12981862
629.40524980,0.13019174
629.63651863,0.13323890
629.86779946,0.13286578
630.09909228,0.13914666
630.33039709,0.14849542
630.56171388,0.16306789
630.79304265,0.16512006
631.02438340,0.17527725
631.25573613,0.18332009
631.48710084,0.18352738
631.71847751,0.19478321
631.94986615,0.20266022
632.18126676,0.20456728
632.41267933,0.21113837
632.64410387,0.21370876
632.87554035,0.22500605
633.10698880,0.24214890
633.33844919,0.24913457
633.56992154,0.26196580
633.80140583,0.27214372
634.03290207,0.26636034
634.26441024,0.25050268
634.49593035,0.24845051
634.72746240,0.24430472
634.95900638,0.24780791
635.19056229,0.25056486
635.42213013,0.25887718
635.65370989,0.25164277
635.88530158,0.25439972
636.11690518,0.25744688
636.34852069,0.26105372
636.58014812,0.27566765
636.81178746,0.28644671
637.04343871,0.29314217
637.27510187,0.28387632
637.50677692,0.30657454
637.73846387,0.31047158
637.97016272,0.31057523
638.20187347,0.31890827
638.43359610,0.31758162
638.66533062,0.32433926
638.89707703,0.32892037
639.12883532,0.32091898
639.36060549,0.31700121
639.59238754,0.31378152
639.82418146,0.32848697
640.05598725,0.31756396
640.28780491,0.32134771
640.51963444,0.32096555
640.75147583,0.31352005
640.98332908,0.31575234
641.21519419,0.31866781
641.44707115,0.31554395
641.67895997,0.30825405
641.91086063,0.29458568
642.14277314,0.29689560
642.37469750,0.28966757
642.60663369,0.28129150
642.83858172,0.28659919
643.07054159,0.29025579
643.30251329,0.28554151
643.53449683,0.28823272
643.76649218,0.29325245
643.99849937,0.28234768
644.23051837,0.28263414
644.46254919,0.27210224
644.69459183,0.27987817
644.92664628,0.26623830
645.15871254,0.26275110
645.39079061,0.24982712
645.62288049,0.25404555
645.85498217,0.24964408
646.08709564,0.24381987
646.31922091,0.22827535
646.55135798,0.23432298
646.78350684,0.23759913
647.01566748,0.23444860
647.24783991,0.22835754
647.48002413,0.23057213
647.71222012,0.23102959
647.94442789,0.22985135
648.17664744,0.22795437
648.40887875,0.23599664
648.64112184,0.22157003
648.87337669,0.22487811
649.10564331,0.21357792
649.33792168,0.23030398
649.57021181,0.22015548
649.80251370,0.22036492
650.03482734,0.21571701
650.26715273,0.22404017
650.49948987,0.22318332
650.73183875,0.23021098
650.96419937,0.22775639
651.19657173,0.23133976
651.42895582,0.24001229
651.66135165,0.24456821
651.89375921,0.24020298
652.12617849,0.24407747
652.35860950,0.24765838
652.59105224,0.24399890
652.82350669,0.25120354
653.05597285,0.25605836
653.28845073,0.24675680
653.52094032,0.24831137
653.75344162,0.25898487
653.98595462,0.25800737
654.21847933,0.25545338
654.45101573,0.25859415
654.68356383,0.27358089
654.91612363,0.27282010
655.14869511,0.27001523
655.38127829,0.29812102
655.61387315,0.28554572
655.84647969,0.29103507
656.07909792,0.29146288
656.31172782,0.28816589
656.54436939,0.27859782
656.77702264,0.27961322
657.00968756,0.27406762
657.24236414,0.28753861
657.47505238,0.29381422
657.70775229,0.29749900
657.94046385,0.30002511
658.17318707,0.30865014
658.40592195,0.31797014
658.63866847,0.32374030
658.87142663,0.33078851
659.10419645,0.33315062
659.33697790,0.34279400
659.56977099,0.34761365
659.80257572,0.34526410
660.03539208,0.34160171
660.26822007,0.33042885
660.50105969,0.32528567
660.73391093,0.32812426
660.96677380,0.32456524
661.19964828,0.33287255
661.43253438,0.33777982
661.66543209,0.34025416
661.89834142,0.34077069
662.13126235,0.33769051
662.36419489,0.33245181
662.59713903,0.34016000
662.83009477,0.31678859
663.06306210,0.31004485
663.29604103,0.31101270
663.52903155,0.31578189
663.76203367,0.30562340
663.99504736,0.30638729
664.22807264,0.30597942
664.46110950,0.30054273
664.69415794,0.29885504
664.92721795,0.29249562
665.16028953,0.28744491
665.39337269,0.28444513
665.62646740,0.27817354
665.85957369,0.27616347
666.09269153,0.27639699
666.32582093,0.28152775
666.55896189,0.27960314
666.79211440,0.27763690
667.02527846,0.28507860
667.25845406,0.26830886
667.49164121,0.27009155
667.72483991,0.27228882
667.95805014,0.27481776
668.19127190,0.26830886
668.42450520,0.26660909
668.65775003,0.25765417
668.89100639,0.26188288
669.12427427,0.25947832
669.35755368,0.25800656
669.59084460,0.25846260
669.82414704,0.26463983
670.05746099,0.26387286
670.29078646,0.27214372
670.52412343,0.26221454
670.75747191,0.26503368
670.99083189,0.27067196
671.22420337,0.26468129
671.45758635,0.26497150
671.69098082,0.27127310
671.92438678,0.27349110
672.15780424,0.27577129
672.39123317,0.27465193
672.62467360,0.29732942
672.85812550,0.30615996
673.09158888,0.32460874
673.32506373,0.33329418
673.55855006,0.35027120
673.79204785,0.35874935
674.02555712,0.35833477
674.25907784,0.36154776
674.49261003,0.36741406
674.72615367,0.37315599
674.95970878,0.37837969
675.19327533,0.38449473
675.42685333,0.39595785
675.66044278,0.40719295
675.89404368,0.42858525
676.12765601,0.41983762
676.36127979,0.43111418
676.59491500,0.43679392
676.82856165,0.42987044
677.06221972,0.41809639
677.29588922,0.41432372
677.52957015,0.39869407
677.76326250,0.37871135
677.99696627,0.36876144
678.23068146,0.36407670
678.46440806,0.35097599
678.69814607,0.33632061
678.93189549,0.31868026
679.16565631,0.32183106
679.39942854,0.29579547
679.63321217,0.30483330
679.86700720,0.29591985
680.10081361,0.29065469
680.33463143,0.28926585
680.56846063,0.28609432
680.80230121,0.28221800
681.03615318,0.28959751
681.27001653,0.28209363
681.50389126,0.28992918
681.73777736,0.29231301
681.97167484,0.28362757
682.20558368,0.28451892
682.43950390,0.28219727
682.67343547,0.27703576
682.90737841,0.26808084
683.14133270,0.26092935
683.37529836,0.25703230
683.60927536,0.24646053
683.84326371,0.24297806
684.07726341,0.24187943
684.31127446,0.23760926
684.54529685,0.23479012
684.77933057,0.24345483
685.01337564,0.24811885
685.24743203,0.26030748
685.48149976,0.26824667
685.71557881,0.27966834
685.94966919,0.29171187
686.18377090,0.29111073
686.41788392,0.29106927
686.65200826,0.29687338
686.88614391,0.29755744
687.12029088,0.29952669
687.35444915,0.30311280
687.58861873,0.28978407
687.82279961,0.28385559
688.05699179,0.28261185
688.29119527,0.27651753
688.52541004,0.28686129
688.75963611,0.28435308
688.99387346,0.29007428
689.22812210,0.29106927
689.46238203,0.30118501
689.69665323,0.30226291
689.93093571,0.31747798
690.16522947,0.33107618
690.39953450,0.34527552
690.63385080,0.34119192
690.86817837,0.36098808
691.10251720,0.35928831
691.33686730,0.37686647
691.57122865,0.37560200
691.80560125,0.37999655
692.03998511,0.37033685
692.27438023,0.38926239
692.50878658,0.37340473
692.74320419,0.39805148
692.97763303,0.38743824
693.21207312,0.40648817
693.44652444,0.38223527
693.68098699,0.39262049
693.91546077,0.38953187
694.14994579,0.39968907
694.38444203,0.39676628
694.61894949,0.40648817
694.85346817,0.41444809
695.08799806,0.43078252
695.32253918,0.41934013
695.55709150,0.43084471
695.79165503,0.44860943
696.02622977,0.44742788
696.26081571,0.44925203
696.49541285,0.45864225
696.73002119,0.46061150
696.96464072,0.45190534
697.19927145,0.44535498
697.43391336,0.44050440
697.66856647,0.43266885
697.90323075,0.44135429
698.13790622,0.44112627
698.37259286,0.46902747
698.60729068,0.47862498
698.84199967,0.48986008
699.07671984,0.51257903
699.31145117,0.53077906
699.54619366,0.56386250
699.78094731,0.57115909
700.01571213,0.60571429
700.25048810,0.60911384
700.48527522,0.64926585
700.72007349,0.64310935
700.95488292,0.65693557
701.18970348,0.66290551
701.42453519,0.68477457
701.65937804,0.68894110
701.89423202,0.69663154
702.12909714,0.68344792
702.36397339,0.67069960
702.59886077,0.67351874
702.83375927,0.65245811
703.06866889,0.64228019
703.30358964,0.63073415
703.53852150,0.62926239
703.77346448,0.64194852
704.00841857,0.63056832
704.24338376,0.64636379
704.47836007,0.65639661
704.71334748,0.66419071
704.94834598,0.64623942
705.18335559,0.64201071
705.41837629,0.62754189
705.65340808,0.62806011
705.88845096,0.62111591
706.12350493,0.62088789
706.35856998,0.61589221
706.59364612,0.62457765
706.82873333,0.64047677
707.06383161,0.66236656
707.29894097,0.66356884
707.53406141,0.68730351
707.76919290,0.70141993
708.00433546,0.71555709
708.23948909,0.72712386
708.47465377,0.73717741
708.70982951,0.73164277
708.94501630,0.73653481
709.18021414,0.73458628
709.41542303,0.73361202
709.65064297,0.70981517
709.88587395,0.68784246
710.12111597,0.67897046
710.35636902,0.65417861
710.59163311,0.64798065
710.82690823,0.62604940
711.06219437,0.58598031
711.29749155,0.57619623
711.53279974,0.58023838
711.76811896,0.58581448
712.00344920,0.58612541
712.23879044,0.60225255
712.47414270,0.61840041
712.70950597,0.64424944
712.94488025,0.65596131
713.18026553,0.67511487
713.41566181,0.69014338
713.65106908,0.70685092
713.88648736,0.69785455
714.12191662,0.70981517
714.35735688,0.69698394
714.59280812,0.69229919
714.82827034,0.68740715
715.06374355,0.66705130
715.29922774,0.64250821
715.53472290,0.64497495
715.77022903,0.61531180
716.00574614,0.62032821
716.24127421,0.61999655
716.47681324,0.61352911
716.71236324,0.60894800
716.94792420,0.59910174
717.18349611,0.57493177
717.41907898,0.57497323
717.65467280,0.55349801
717.89027757,0.54514424
718.12589328,0.52936949
718.36151993,0.51614441
718.59715752,0.51564692
718.83280605,0.50439109
719.06846552,0.50650544
719.30413591,0.49139402
719.53981724,0.47999309
719.77550949,0.49187079
720.01121266,0.49058559
720.24692676,0.50107445
720.48265177,0.50358266
720.71838769,0.50806011
720.95413453,0.51726378
721.18989228,0.51560546
721.42566093,0.49180860
721.66144049,0.48420107
721.89723095,0.46985662
722.13303231,0.46446709
722.36884456,0.47725687
722.60466770,0.49102090
722.84050173,0.49118673
723.07634666,0.49842114
723.31220246,0.49744688
723.54806915,0.48973571
723.78394671,0.48809812
724.01983515,0.46293315
724.25573447,0.44518915
724.49164465,0.43646226
724.72756571,0.42962170
724.96349762,0.41732942
725.19944040,0.40659181
725.43539404,0.38824667
725.67135854,0.38095008
725.90733388,0.37404733
726.14332008,0.37158058
726.37931713,0.36965279
726.61532503,0.34736915
726.85134376,0.33385386
727.08737334,0.32875453
727.32341375,0.32255657
727.55946500,0.32044222
727.79552708,0.31973743
728.03159998,0.32141648
728.26768372,0.32796683
728.50377827,0.35095526
728.73988365,0.35812748
728.97599985,0.35207462
729.21212686,0.36301952
729.44826468,0.36210745
729.68441331,0.36252202
729.92057275,0.35731905
730.15674299,0.35491449
730.39292403,0.35638625
730.62911587,0.33756435
730.86531851,0.32116773
731.10153194,0.31360166
731.33775616,0.30093626
731.57399117,0.29164968
731.81023696,0.27747107
732.04649353,0.27432026
732.28276088,0.25682501
732.51903901,0.25280359
732.75532791,0.24411816
732.99162758,0.23920539
733.22793802,0.22463292
733.46425923,0.21814476
733.70059119,0.21445500
733.93693392,0.20767663
734.17328740,0.21221627
734.40965164,0.20987390
734.64602662,0.20616341
734.88241236,0.21074452
735.11880884,0.21375022
735.35521607,0.21169805
735.59163403,0.21503541
735.82806273,0.22027984
736.06450217,0.21571947
736.30095234,0.22144066
736.53741323,0.22272586
736.77388486,0.23568146
737.01036720,0.23367075
737.24686027,0.24519606
737.48336406,0.25705303
737.71987856,0.27089998
737.95640377,0.28775263
738.19293969,0.29158749
738.42948632,0.30423216
738.66604365,0.31720850
738.90261169,0.31760235
739.13919042,0.32025566
739.37577985,0.31256521
739.61237997,0.31393332
739.84899078,0.31579893
740.08561228,0.30922785
740.32224446,0.30120574
740.55888732,0.28860252
740.79554087,0.27944032
741.03220509,0.26221454
741.26887998,0.25033685
741.50556555,0.24204526
741.74226178,0.23161859
741.97896868,0.23259285
742.21568624,0.22231128
742.45241446,0.20827777
742.68915333,0.19845224
742.92590286,0.19917775
743.16266304,0.20181033
743.39943387,0.19683538
743.63621535,0.19376749
743.87300747,0.18904129
744.10981023,0.17973398
744.34662363,0.18700985
744.58344766,0.18497841
744.82028232,0.18342373
745.05712761,0.18452237
745.29398353,0.18213854
745.53085007,0.17643807
745.76772724,0.17840732
746.00461502,0.17397132
746.24151341,0.16634306
746.47842242,0.16974262
746.71534204,0.17144239
746.95227227,0.16288133
747.18921310,0.16833305
747.42616453,0.16400069
747.66312656,0.17067542
747.90009918,0.16856106
748.13708240,0.17904992
748.37407621,0.18213854
748.61108061,0.17878045
748.84809559,0.17797202
749.08512115,0.18321644
749.32215730,0.17963033
749.55920401,0.18054241
749.79626131,0.18377613
750.03332917,0.18769390
750.27040760,0.18875108
750.50749660,0.19911556
750.74459616,0.20207981
750.98170628,0.19729141
751.21882695,0.20274313
751.45595818,0.20073242
751.69309997,0.20232855
751.93025230,0.19445155
752.16741517,0.18775609
752.40458859,0.18524788
752.64177256,0.17430299
752.87896705,0.18205562
753.11617209,0.18043876
753.35338765,0.18472966
753.59061374,0.17865607
753.82785037,0.18887545
754.06509751,0.19262740
754.30235518,0.19971670
754.53962336,0.21362584
754.77690206,0.21433063
755.01419127,0.22150285
755.25149099,0.22923476
755.48880122,0.23149421
755.72612195,0.23839696
755.96345319,0.23872862
756.20079492,0.23277941
756.43814715,0.22521334
756.67550987,0.22964933
756.91288309,0.22606322
757.15026679,0.22115046
757.38766097,0.21862152
757.62506564,0.21051650
757.86248079,0.20620487
758.09990641,0.19841078
758.33734251,0.20448437
758.57478908,0.19946796
758.81224612,0.20487822
759.04971362,0.19899119
759.28719159,0.19455519
759.52468001,0.18495768
759.76217889,0.18416998
759.99968823,0.17745379
760.23720802,0.17179478
760.47473826,0.16611505
760.71227894,0.16437381
760.94983007,0.15931594
761.18739164,0.15432026
761.42496364,0.14822595
761.66254608,0.15668337
761.90013895,0.15527380
762.13774226,0.16381413
762.37535598,0.15952323
762.61298014,0.15763690
762.85061471,0.16062187
763.08825970,0.16715149
763.32591511,0.16914148
763.56358093,0.16835377
763.80125716,0.17486267
764.03894380,0.17994127
764.27664084,0.19766454
764.51434829,0.19882536
764.75206613,0.20550009
764.98979437,0.20740715
765.22753300,0.19940577
765.46528203,0.20589394
765.70304144,0.21049577
765.94081124,0.21408188
766.17859142,0.21934704
766.41638197,0.22305752
766.65418291,0.22311971
766.89199422,0.22504750
767.12981590,0.21163586
767.36764795,0.20796683
767.60549036,0.20784246
767.84334314,0.20616341
768.08120628,0.20067024
768.31907977,0.19633788
768.55696362,0.19210917
768.79485782,0.18566246
769.03276238,0.18472966
769.27067727,0.18823286
769.50860251,0.18195198
769.74653809,0.18725859
769.98448401,0.19380895
770.22244027,0.18526861
770.46040685,0.19366385
770.69838377,0.19472102
770.93637101,0.19505269
771.17436858,0.19588184
771.41237647,0.20249439
771.65039468,0.20452582
771.88842320,0.20467093
772.12646204,0.20637070
772.36451118,0.20270168
772.60257064,0.20500259
772.84064039,0.19134220
773.07872045,0.18887545
773.31681081,0.18220073
773.55491147,0.17938159
773.79302242,0.18230437
774.03114366,0.18079116
774.26927519,0.17647953
774.50741700,0.16868544
774.74556910,0.16941095
774.98373147,0.17247884
775.22190413,0.17355675
775.46008705,0.17689411
775.69828025,0.17598203
775.93648372,0.18089480
776.17469745,0.18151667
776.41292145,0.18572465
776.65115570,0.17867680
776.88940022,0.18412852
777.12765499,0.17612714
777.36592001,0.17581620
777.60419528,0.16472620
777.84248079,0.16391778
778.08077655,0.15336673
778.31908256,0.15199862
778.55739879,0.14347901
778.79572527,0.14385213
779.03406198,0.13906374
779.27240891,0.13881499
779.51076608,0.13201589
779.74913346,0.13719813
779.98751107,0.12859561
780.22589890,0.14542753
780.46429695,0.12349629
780.70270520,0.12878217
780.94112367,0.12042840
781.17955235,0.13041976
781.41799123,0.11520470
781.65644031,0.12314389
781.89489959,0.11651062
782.13336907,0.11622042
782.37184874,0.11599240
782.61033861,0.11711176
782.84883866,0.12513387
783.08734890,0.11505960
783.32586931,0.11485231
783.56439991,0.11688375
783.80294069,0.11149421
784.04149164,0.12461565
784.28005276,0.12724823
784.51862406,0.14235965
784.75720551,0.14132320
784.99579713,0.14774918
785.23439891,0.15475557
785.47301085,0.15827950
785.71163295,0.16004146
785.95026519,0.16561755
786.18890759,0.16893419
786.42756013,0.16487131
786.66622282,0.16313007
786.90489564,0.16708931
787.14357861,0.15838314
787.38227171,0.15854897
787.62097494,0.14665054
787.85968831,0.15512869
788.09841180,0.14903438
788.33714541,0.14097081
788.57588915,0.13779927
788.81464301,0.13400587
789.05340698,0.13031612
789.29218106,0.13070997
789.53096526,0.12888582
789.76975956,0.12712386
790.00856397,0.12996372
790.24737848,0.13344619
790.48620309,0.12471930
790.72503780,0.13325963
790.96388260,0.13757126
791.20273749,0.13240974
791.44160247,0.12954914
791.68047754,0.12575574
791.91936269,0.12401451
792.15825792,0.12341337
792.39716323,0.12372430
792.63607861,0.11578511
792.87500406,0.11445846
793.11393958,0.12662636
793.35288517,0.11661427
793.59184082,0.11804457
793.83080653,0.11547418
794.06978230,0.11441700
794.30876813,0.12196234
794.54776401,0.11503887
794.78676993,0.11234410
795.02578591,0.12505096
795.26481193,0.12250130
795.50384798,0.12167214
795.74289408,0.12646053
795.98195022,0.12447055
796.22101638,0.12409743
796.46009258,0.11959924
796.69917880,0.12480221
796.93827505,0.11922612
797.17738132,0.12216963
797.41649761,0.12109173
797.65562392,0.13328036
797.89476024,0.13160131
798.13390657,0.13576784
798.37306290,0.13883572
798.61222925,0.13207808
798.85140559,0.13549836
799.09059194,0.13912593
799.32978828,0.15054759
799.56899462,0.13576784
799.80821094,0.14876490
800.04743726,0.14973916
800.28667356,0.14917948
800.52591985,0.14940750
800.76517611,0.15566765
801.00444236,0.15863189
801.24371857,0.16271549
801.48300476,0.16613577
801.72230092,0.17307998
801.96160705,0.17372258
802.20092314,0.18006564
802.44024919,0.17890482
802.67958519,0.18481258
802.91893116,0.18848160
803.15828707,0.19115564
803.39765294,0.19329072
803.63702875,0.20599758
803.87641450,0.19716704
804.11581020,0.20011055
804.35521584,0.20006910
804.59463141,0.19876317
804.83405692,0.19049231
805.07349235,0.19816203
805.31293772,0.19260667
805.55239300,0.18833650
805.79185821,0.18657454
806.03133334,0.18377613
806.27081839,0.17824149
806.51031335,0.17859388
806.74981822,0.17386768
806.98933300,0.16449819
807.22885768,0.16337882
807.46839227,0.15485922
807.70793675,0.14928312
807.94749114,0.14565555
808.18705542,0.13945759
808.42662959,0.13837969
808.66621364,0.13116600
808.90580759,0.12932113
809.14541141,0.13110382
809.38502512,0.12702021
809.62464871,0.12768354
809.86428217,0.12577647
810.10392550,0.12024184
810.34357870,0.11103818
810.58324177,0.11168077
810.82291470,0.10643634
811.06259749,0.09828986
811.30229015,0.10115046
811.54199265,0.09010192
811.78170501,0.08444291
812.02142722,0.07353947
812.26115928,0.07202626
812.50090118,0.06881327
812.74065292,0.06669891
812.98041450,0.06257385
813.22018592,0.06866816
813.45996717,0.05579547
813.69975825,0.05618932
813.93955916,0.05376404
814.17936989,0.05498704
814.41919045,0.04740024
814.65902083,0.05359820
814.89886102,0.04835377
815.13871102,0.05050959
815.37857084,0.05135947
815.61844047,0.05223009
815.85831990,0.05243738
816.09820913,0.05175333
816.33810817,0.05009501
816.57801700,0.05212645
816.81793562,0.04912075
817.05786404,0.05007428
817.29780225,0.03950250
817.53775024,0.03946105
817.77770801,0.03881845
818.01767557,0.03597858
818.25765290,0.03251684
818.49764001,0.03326309
818.73763689,0.03548108
818.97764354,0.02992572
819.21765996,0.02911729
819.45768614,0.02559337
819.69772209,0.02387286
819.93776779,0.02198653
820.17782324,0.02279496
820.41788845,0.02325099
820.65796341,0.01883572
820.89804812,0.01535326
821.13814257,0.01759198
821.37824677,0.02001727
821.61836070,0.01655554
821.85848437,0.01827604
822.09861777,0.02320954
822.33876090,0.02563482
822.57891376,0.02936604
822.81907635,0.03340819
823.05924866,0.03850751
823.29943069,0.04833305
823.53962243,0.06151667
823.77982389,0.07532216
824.02003506,0.08906547
824.26025594,0.10183451
824.50048652,0.12198307
824.74072681,0.12610814
824.98097680,0.14200726
825.22123648,0.15152185
825.46150586,0.17490413
825.70178493,0.17366039
825.94207369,0.17824149
826.18237214,0.18609777
826.42268027,0.19488685
826.66299808,0.20297115
826.90332557,0.20782173
827.14366273,0.20865089
827.38400957,0.21136638
827.62436608,0.20587321
827.86473225,0.20761444
828.10510809,0.20527207
828.34549359,0.20272240
828.58588874,0.20974952
828.82629356,0.20809121
829.06670802,0.21151149
829.30713214,0.21586457
829.54756590,0.21188461
829.78800931,0.20703403
830.02846236,0.21439281
830.26892505,0.22282950
830.50939738,0.21567801
830.74987934,0.22121264
830.99037093,0.21866298
831.23087215,0.21897392
831.47138299,0.21901537
831.71190346,0.22421835
831.95243355,0.21998964
832.19297325,0.21696321
832.43352257,0.21279668
832.67408150,0.20997754
832.91465003,0.20114700
833.15522818,0.20091898
833.39581592,0.20214199
833.63641327,0.20191397
833.87702022,0.19146657
834.11763676,0.18242874
834.35826289,0.17915357
834.59889861,0.17353602
834.83954392,0.16228019
835.08019881,0.15456901
835.32086328,0.15019520
835.56153733,0.15060978
835.80222095,0.13168423
836.04291415,0.12301952
836.28361692,0.11505960
836.52432926,0.11166004
836.76505116,0.10338919
837.00578262,0.10618760
837.24652364,0.09553291
837.48727421,0.08968734
837.72803434,0.08326136
837.96880402,0.08241147
838.20958325,0.07718777
838.45037202,0.08125065
838.69117033,0.07868026
838.93197819,0.08085680
839.17279558,0.07903265
839.41362250,0.08983244
839.65445896,0.08552082
839.89530494,0.09227846
840.13616045,0.09205044
840.37702548,0.09457937
840.61790003,0.10100535
840.85878410,0.10270513
841.09967768,0.09992745
841.34058078,0.10239420
841.58149338,0.10343064
841.82241549,0.10600104
842.06334710,0.10631197
842.30428821,0.10629124
842.54523883,0.10396960
842.78619893,0.10492313
843.02716853,0.09719122
843.26814762,0.09882881
843.50913619,0.09207117
843.75013425,0.09430990
843.99114179,0.09192607
844.23215881,0.09176023
844.47318530,0.08348938
844.71422127,0.09677665
844.95526670,0.08827777
845.19632161,0.08639143
845.43738597,0.07693902
845.67845980,0.08272240
845.91954309,0.08185179
846.16063584,0.07868026
846.40173803,0.07812057
846.64284968,0.08216272
846.88397078,0.07490758
847.12510132,0.07528070
847.36624130,0.07422353
847.60739073,0.07451373
847.84854959,0.07528070
848.08971788,0.07391259
848.33089561,0.07747798
848.57208276,0.07631715
848.81327934,0.08232855
849.05448534,0.08908620
849.29570076,0.09082743
849.53692560,0.10338919
849.77815986,0.10575229
850.01940353,0.11619969
850.26065660,0.11870789
850.50191908,0.12708240
850.74319097,0.13068924
850.98447225,0.13757126
851.22576294,0.13978926
851.46706301,0.14387286
851.70837248,0.14922094
851.94969135,0.15432026
852.19101959,0.15662118
852.43235722,0.17001209
852.67370424,0.17558818
852.91506063,0.17618932
853.15642640,0.18271895
853.39780154,0.18145448
853.63918605,0.19221282
853.88057992,0.19975816
854.12198317,0.19855588
854.36339577,0.20226637
854.60481773,0.20181033
854.84624905,0.20939713
855.08768973,0.21068233
855.32913975,0.20999827
855.57059912,0.20207981
855.81206784,0.21043358
856.05354590,0.20601831
856.29503330,0.20305407
856.53653004,0.19803766
856.77803611,0.19548799
857.01955151,0.18719641
857.26107624,0.21743997
857.50261030,0.18072897
857.74415367,0.18070824
857.98570637,0.16663327
858.22726839,0.17623078
858.46883972,0.16992918
858.71042037,0.17448955
858.95201032,0.17026084
859.19360958,0.16910002
859.43521814,0.17059250
859.67683601,0.16742097
859.91846317,0.17842805
860.16009963,0.15641389
860.40174538,0.15291069
860.64340042,0.15591639
860.88506474,0.15241320
861.12673835,0.14254621
861.36842125,0.14155122
861.61011342,0.14354120
861.85181487,0.13875281
862.09352559,0.13226464
862.33524558,0.12911384
862.57697484,0.12695802
862.81871336,0.12826395
863.06046114,0.12973571
863.30221819,0.12722750
863.54398449,0.12886509
863.78576004,0.12005528
864.02754485,0.11839696
864.26933890,0.11062360
864.51114220,0.11578511
864.75295474,0.11653135
864.99477653,0.12542408
865.23660755,0.11311107
865.47844780,0.11257212
865.72029728,0.11427189
865.96215600,0.10768008
866.20402394,0.10616687
866.44590110,0.10357575
866.68778748,0.09938850
866.92968308,0.10370012
867.17158790,0.10243565
867.41350193,0.09775091
867.65542516,0.09870444
867.89735761,0.10314044
868.13929926,0.10121264
868.38125011,0.10409397
868.62321015,0.10249784
868.86517940,0.10539990
869.10715783,0.10481949
869.34914546,0.10720332
869.59114227,0.10996027
869.83314827,0.11029193
870.07516344,0.11037485
870.31718780,0.10724477
870.55922133,0.11584730
870.80126404,0.11545345
871.04331592,0.10904819
871.28537696,0.10726550
871.52744717,0.10728623
871.76952655,0.10486094
872.01161508,0.10971152
872.25371277,0.10220764
872.49581961,0.09256866
872.73793560,0.09750216
872.98006075,0.09526343
873.22219503,0.09310762
873.46433846,0.08224564
873.70649103,0.08245293
873.94865274,0.07642080
874.19082358,0.07747798
874.43300356,0.08122992
874.67519266,0.07839005
874.91739089,0.06846087
875.15959824,0.06593194
875.40181471,0.05931940
875.64404031,0.06106063
875.88627501,0.05716359
876.12851883,0.05538089
876.37077176,0.05455174
876.61303379,0.04880981
876.85530493,0.04968043
877.09758517,0.04559682
877.33987451,0.04408361
877.58217294,0.04586630
877.82448047,0.04607359
878.06679709,0.05318362
878.30912279,0.05301779
878.55145758,0.05610641
878.79380145,0.05807566
879.03615440,0.05687338
879.27851643,0.06419071
879.52088753,0.06443945
879.76326770,0.06305061
880.00565694,0.07204699
880.24805524,0.07005700
880.49046260,0.07268958
880.73287903,0.06825358
880.97530451,0.07669027
881.21773905,0.07111418
881.46018264,0.06895837
881.70263527,0.07360166
881.94509695,0.07273104
882.18756768,0.07094835
882.43004744,0.07530143
882.67253625,0.07588184
882.91503409,0.07602695
883.15754095,0.07125928
883.40005685,0.07443082
883.64258178,0.07217136
883.88511573,0.07242011
884.12765869,0.07465884
884.37021068,0.06972534
884.61277168,0.07604768
884.85534170,0.06825358
885.09792072,0.06686474
885.34050876,0.06325790
885.58310579,0.06640871
885.82571183,0.06358957
886.06832686,0.05931940
886.31095090,0.06164104
886.55358392,0.05801347
886.79622594,0.05815858
887.03887694,0.05175333
887.28153693,0.05442736
887.52420589,0.05710140
887.76688384,0.05459319
888.00957077,0.05169114
888.25226667,0.04520297
888.49497154,0.05106927
888.73768537,0.04984626
888.98040818,0.04441527
889.22313994,0.04306789
889.46588067,0.04650890
889.70863035,0.04043531
889.95138899,0.04114009
890.19415657,0.03933667
890.43693311,0.03635170
890.67971859,0.03475557
890.92251302,0.03141821
891.16531639,0.03114873
891.40812869,0.02660909
891.65094993,0.02430817
891.89378010,0.02694075
892.13661920,0.02432890
892.37946723,0.02832959
892.62232418,0.02219382
892.86519005,0.02880636
893.10806484,0.02513733
893.35094854,0.03307652
893.59384116,0.02845396
893.83674269,0.03204008
894.07965312,0.03127310
894.32257246,0.03568837
894.56550070,0.03554327
894.80843784,0.04381413
895.05138388,0.04383486
895.29433881,0.04843669
895.53730263,0.04410434
895.78027533,0.04810503
896.02325692,0.04578338
896.26624740,0.05024011
896.50924675,0.05260321
896.75225498,0.05475903
896.99527208,0.05558818
897.23829806,0.05629297
897.48133290,0.05840732
897.72437661,0.05473830
897.96742918,0.05198134
898.21049061,0.05223009
898.45356090,0.05200207
898.69664005,0.05904992
898.93972804,0.05185697
899.18282488,0.05488340
899.42593057,0.05666609
899.66904511,0.05386768
899.91216848,0.05998273
900.15530069,0.05521506
900.39844174,0.06207635
900.64159162,0.05438590
900.88475033,0.05788910
901.12791786,0.06485403
901.37109422,0.06429435
901.61427940,0.06441873
901.85747340,0.07109345
902.10067621,0.07519779
902.34388784,0.07973743
902.58710827,0.07739506
902.83033752,0.07397478
903.07357557,0.07940577
903.31682242,0.07387113
903.56007807,0.07420280
903.80334251,0.07847297
904.04661575,0.07727069
904.28989778,0.08021420
904.53318860,0.08622560
904.77648820,0.08427708
905.01979659,0.08471239
905.26311375,0.08558300
905.50643969,0.08966661
905.74977441,0.09219554
905.99311789,0.09171878
906.23647015,0.09582311
906.47983117,0.09066160
906.72320095,0.08686820
906.96657950,0.09124201
907.20996680,0.08697184
907.45336285,0.09057868
907.69676766,0.09169805
907.94018122,0.09841423
908.18360352,0.09149076
908.42703457,0.09393678
908.67047435,0.08742788
908.91392288,0.08993609
909.15738014,0.08516842
909.40084613,0.07994472
909.64432085,0.08253584
909.88780430,0.08676455
910.13129648,0.08168596
910.37479737,0.07897046
910.61830699,0.07530143
910.86182531,0.07333218
911.10535236,0.06761099
911.34888811,0.07349801
911.59243257,0.06495768
911.83598573,0.06893764
912.07954760,0.06690620
912.32311816,0.06595267
912.56669743,0.07111418
912.81028538,0.06671964
913.05388203,0.06875108
913.29748736,0.06879254
913.54110138,0.07007773
913.78472408,0.06918639
914.02835547,0.07082398
914.27199552,0.07511487
914.51564426,0.07101054
914.75930166,0.07082398
915.00296774,0.07063742
915.24664247,0.07739506
915.49032588,0.07183970
915.73401794,0.07822422
915.97771866,0.07279323
916.22142803,0.08295042
916.46514606,0.08469166
916.70887274,0.08773881
916.95260806,0.08214199
917.19635202,0.09385386
917.44010463,0.09310762
917.68386588,0.09982380
917.92763576,0.09934704
918.17141427,0.11209535
918.41520141,0.11219900
918.65899718,0.11825186
918.90280158,0.12944550
919.14661459,0.13643116
919.39043623,0.13883572
919.63426648,0.14920021
919.87810534,0.15604077
920.12195281,0.16300570
920.36580890,0.15369839
920.60967358,0.16677837
920.85354687,0.16124374
921.09742876,0.16122301
921.34131924,0.15494213
921.58521832,0.16153394
921.82912599,0.15871480
922.07304225,0.15720159
922.31696709,0.15098290
922.56090052,0.15048540
922.80484252,0.14414234
923.04879310,0.13265849
923.29275226,0.12190016
923.53671999,0.11874935
923.78069629,0.10455001
924.02468115,0.10558646
924.26867458,0.09290033
924.51267656,0.08506478
924.75668711,0.08025566
925.00070621,0.07841078
925.24473386,0.07130074
925.48877006,0.06980826
925.73281481,0.06661600
925.97686810,0.06112282
926.22092994,0.05921575
926.46500031,0.05573329
926.70907921,0.04837450
926.95316665,0.05326654
927.19726262,0.04441527
927.44136712,0.04348247
927.68548014,0.03821731
927.92960168,0.04053895
928.17373175,0.03392641
928.41787032,0.03535671
928.66201741,0.03394714
928.90617302,0.03191570
929.15033713,0.02971843
929.39450974,0.02816376
929.63869086,0.02973916
929.88288047,0.03148039
930.12707859,0.03218518
930.37128520,0.03616514
930.61550029,0.03019520
930.85972388,0.03392641
931.10395595,0.03156331
931.34819651,0.03257903
931.59244554,0.03214372
931.83670306,0.02990499
932.08096904,0.03850751
932.32524350,0.04107791
932.56952643,0.04476766
932.81381782,0.04586630
933.05811768,0.04064260
933.30242600,0.04992918
933.54674278,0.04650890
933.79106801,0.05291415
934.03540169,0.05318362
934.27974382,0.05395060
934.52409440,0.05552600
934.76845343,0.06182760
935.01282089,0.05550527
935.25719680,0.05838660
935.50158114,0.05753671
935.74597391,0.05359820
935.99037511,0.05349456
936.23478474,0.05633443
936.47920279,0.05699775
936.72362927,0.06904129
936.96806417,0.06340301
937.21250748,0.06620142
937.45695920,0.06586975
937.70141934,0.06249093
937.94588788,0.06367248
938.19036483,0.06247020
938.43485019,0.06564173
938.67934394,0.06497841
938.92384608,0.06294697
939.16835663,0.06176542
939.41287556,0.06615996
939.65740288,0.06541372
939.90193859,0.05907065
940.14648268,0.05987908
940.39103515,0.05419934
940.63559600,0.05878045
940.88016523,0.05270686
941.12474282,0.05575402
941.36932879,0.05310071
941.61392312,0.05670755
941.85852581,0.05438590
942.10313687,0.05374331
942.34775628,0.04999136
942.59238405,0.04976334
942.83702017,0.04976334
943.08166464,0.05457247
943.32631746,0.05446882
943.57097862,0.05086198
943.81564813,0.05059250
944.06032597,0.05260321
944.30501215,0.05028157
944.54970666,0.05386768
944.79440950,0.05030230
945.03912067,0.04988772
945.28384016,0.05399205
945.52856798,0.04642598
945.77330412,0.04700639
946.01804857,0.04180342
946.26280133,0.03964761
946.50756241,0.04292278
946.75233179,0.04416652
946.99710948,0.04066333
947.24189548,0.04538953
947.48668977,0.03991708
947.73149236,0.04381413
947.97630324,0.03771981
948.22112242,0.03767836
948.46594988,0.04082916
948.71078563,0.03931594
948.95562966,0.04750389
949.20048198,0.03950250
949.44534257,0.03975125
949.69021144,0.04033166
949.93508857,0.04163759
950.17997398,0.04184488
950.42486766,0.03875626
950.66976959,0.04648817
950.91467979,0.04468475
951.15959825,0.04478839
951.40452496,0.04196925
951.64945993,0.04130593
951.89440314,0.04422871
952.13935461,0.03726378
952.38431431,0.03684920
952.62928226,0.03216445
952.87425845,0.03550181
953.11924287,0.03850751
953.36423553,0.03390568
953.60923642,0.03114873
953.85424553,0.03195716
954.09926287,0.03241320
954.34428843,0.02845396
954.58932222,0.02789428
954.83436421,0.03187424
955.07941443,0.02851615
955.32447285,0.02482639
955.56953948,0.02712731
955.81461432,0.02743824
956.05969736,0.02213163
956.30478860,0.02068060
956.54988803,0.01972707
956.79499567,0.02032821
957.04011149,0.01951978
957.28523550,0.01545690
957.53036770,0.01738470
957.77550808,0.01643116
958.02065664,0.01585075
958.26581338,0.01558127
958.51097830,0.01877354
958.75615139,0.01844187
959.00133264,0.02092935
959.24652207,0.01224391
959.49171965,0.01858698
959.73692540,0.01612023
959.98213931,0.01570565
960.22736137,0.01759198
960.47259159,0.02092935
960.71782995,0.05268613
960.96307647,0.02148903
961.20833112,0.02515806
961.45359392,0.02878563
961.69886486,0.02702367
961.94414394,0.02880636
962.18943115,0.02992572
962.43472648,0.02926239
962.68002995,0.03191570
962.92534154,0.03305580
963.17066126,0.02893073
963.41598909,0.03156331
963.66132504,0.03284851
963.90666911,0.03087925
964.15202128,0.03156331
964.39738157,0.03915011
964.64274996,0.03765763
964.88812645,0.04089135
965.13351104,0.03568837
965.37890374,0.03933667
965.62430452,0.03832095
965.86971340,0.03973052
966.11513036,0.04414579
966.36055542,0.04219727
966.60598855,0.04493349
966.85142977,0.04265331
967.09687907,0.04298497
967.34233644,0.04393850
967.58780188,0.04567974
967.83327539,0.04607359
968.07875697,0.05177405
968.32424661,0.05679046
968.56974432,0.05307998
968.81525008,0.05038521
969.06076390,0.05270686
969.30628577,0.05200207
969.55181570,0.05448955
969.79735367,0.05799274
970.04289968,0.05055105
970.28845374,0.05359820
970.53401583,0.05521506
970.77958597,0.05749525
971.02516413,0.05218863
971.27075033,0.05243738
971.51634455,0.05513215
971.76194680,0.06079116
972.00755708,0.05749525
972.25317537,0.06060459
972.49880168,0.05799274
972.74443600,0.05855243
972.99007834,0.05809639
973.23572868,0.06137157
973.48138703,0.06170323
973.72705338,0.06207635
973.97272774,0.06350665
974.21841009,0.06827431
974.46410043,0.07028502
974.70979877,0.06856452
974.95550510,0.06288478
975.20121941,0.06713422
975.44694171,0.06926930
975.69267199,0.06802557
975.93841024,0.06773536
976.18415647,0.07072033
976.42991068,0.06899983
976.67567285,0.06615996
976.92144299,0.05975471
977.16722110,0.06006564
977.41300717,0.06056314
977.65880119,0.05894628
977.90460317,0.05457247
978.15041311,0.06110209
978.39623099,0.05656245
978.64205683,0.06070824
978.88789061,0.05656245
979.13373233,0.05865607
979.37958199,0.05355675
979.62543958,0.05343237
979.87130511,0.05245811
980.11717857,0.05614787
980.36305996,0.05007428
980.60894928,0.05069615
980.85484651,0.04665400
981.10075167,0.04885127
981.34666475,0.04750389
981.59258573,0.04899637
981.83851463,0.04047677
982.08445144,0.04476766
982.33039616,0.04281914
982.57634878,0.03668337
982.82230930,0.03722232
983.06827771,0.04182415
983.31425403,0.03801002
983.56023823,0.03533598
983.80623032,0.03877699
984.05223031,0.03164623
984.29823817,0.03189497
984.54425391,0.03274486
984.79027754,0.02872344
985.03630904,0.03324236
985.28234841,0.03058905
985.52839565,0.03610295
985.77445076,0.03318017
986.02051374,0.03753325
986.26658457,0.03230955
986.51266327,0.04205217
986.75874982,0.03937813
987.00484422,0.04099499
987.25094647,0.04437381
987.49705658,0.04383486
987.74317452,0.04520297
987.98930031,0.04335809
988.23543394,0.04567974
988.48157541,0.04754534
988.72772471,0.04626015
988.97388184,0.05372258
989.22004680,0.04599067
989.46621959,0.05090344
989.71240020,0.04669546
989.95858862,0.04965970
990.20478487,0.04630161
990.45098893,0.05382622
990.69720080,0.04992918
990.94342048,0.04785628
991.18964797,0.04555536
991.43588326,0.04516151
991.68212635,0.04252893
991.92837724,0.04762826
992.17463593,0.04495422
992.42090240,0.04143030
992.66717667,0.03823804
992.91345872,0.03771981
993.15974856,0.03448609
993.40604618,0.03830022
993.65235158,0.03220591
993.89866475,0.03517015
994.14498570,0.03276559
994.39131441,0.03303507
994.63765090,0.03177060
994.88399515,0.03013301
995.13034716,0.03386423
995.37670693,0.03233028
995.62307445,0.02673346
995.86944973,0.02640180
996.11583276,0.02416307
996.36222354,0.02961479
996.60862206,0.02522025
996.85502833,0.02656763
997.10144233,0.02200726
997.34786408,0.01999655
997.59429355,0.02113664
997.84073076,0.01995509
998.08717570,0.01313526
998.33362836,0.01757126
998.58008875,0.01317671
998.82655685,0.01840041
999.07303267,0.02260840
999.31951621,0.01860770
999.56600746,0.01354984
999.81250642,0.01560200
1000.05901309,0.01396442
1000.30552746,0.01495941
1000.55204953,0.01236828
1000.79857929,0.01726032
1001.04511676,0.01674210
1001.29166191,0.01920884
1001.53821476,0.01124892
1001.78477529,0.01690793
1002.03134351,0.01456556
1002.27791941,0.01779927
1002.52450299,0.01929176
1002.77109424,0.01601658
1003.01769317,0.01435827
1003.26429976,0.01767490
1003.51091403,0.01504232
1003.75753596,0.01705303
1004.00416555,0.01612023
1004.25080280,0.02279496
1004.49744771,0.01875281
1004.74410027,0.01500086
1004.99076048,0.01676283
1005.23742834,0.01458628
1005.48410384,0.02246329
1005.73078699,0.01692866
1005.97747778,0.01920884
1006.22417620,0.01837969
1006.47088226,0.01599585
1006.71759595,0.01771636
1006.96431727,0.02020383
1007.21104622,0.01980998
1007.45778279,0.02007946
1007.70452698,0.01471066
1007.95127879,0.01976853
1008.19803821,0.01773709
1008.44480524,0.02161340
1008.69157988,0.02028675
1008.93836213,0.02219382
1009.18515199,0.01665918
1009.43194944,0.01931249
1009.67875450,0.01960269
1009.92556715,0.01616169
1010.17238739,0.01960269
1010.41921522,0.01931249
1010.66605064,0.01835896
1010.91289364,0.01908447
1011.15974422,0.01491795
1011.40660239,0.01597513
1011.65346813,0.01545690
1011.90034144,0.02374849
1012.14722232,0.02022456
1012.39411078,0.01858698
1012.64100679,0.02146830
1012.88791037,0.02285714
1013.13482151,0.01877354
1013.38174020,0.02366557
1013.62866645,0.02486785
1013.87560025,0.02524097
1014.12254160,0.02117810
1014.36949049,0.02596649
1014.61644693,0.02934531
1014.86341091,0.02501296
1015.11038242,0.02250475
1015.35736147,0.02584211
1015.60434805,0.02275350
1015.85134216,0.02395578
1016.09834379,0.02279496
1016.34535295,0.02130247
1016.59236963,0.02030748
1016.83939383,0.01995509
1017.08642554,0.02024529
1017.33346476,0.02022456
1017.58051150,0.01811021
1017.82756574,0.01587148
1018.07462748,0.01419243
1018.32169673,0.01829677
1018.56877347,0.01390223
1018.81585771,0.01792365
1019.06294945,0.01653481
1019.31004867,0.01017101
1019.55715538,0.01102090
1019.80426957,0.01549836
1020.05139125,0.01719813
1020.29852041,0.01603731
1020.54565704,0.01044049
1020.79280114,0.01064778
1021.03995272,0.00822249
1021.28711177,0.01549836
1021.53427828,0.01224391
1021.78145225,0.01539471
1022.02863368,0.00871999
1022.27582257,0.00988081
1022.52301891,0.01688720
1022.77022270,0.01309380
1023.01743395,0.00936258
1023.26465263,0.00942477
1023.51187876,0.00306098
1023.75911234,0.00818103
1024.00635335,0.00685438
1024.25360179,0.00602522
1024.50085766,0.00623251
1024.74812097,0.00764208
1024.99539170,0.00716531
1025.24266985,0.00716531
1025.48995543,0.00343410
1025.73724842,0.00500950
1025.98454883,0.00685438
1026.23185665,0.00386941
1026.47917188,0.00411816
1026.72649452,0.00830541
1026.97382456,0.00795301
1027.22116200,0.00231473
1027.46850685,0.00476075
1027.71585908,0.00478148
1027.96321872,0.00474002
1028.21058574,0.00351702
1028.45796014,-0.01188461
1028.70534194,-0.00964588
1028.95273111,-0.01252721
1029.20012767,-0.01163586
1029.44753160,-0.01395751
1029.69494290,-0.01149076
