199.82001468,0.00259482
200.02220309,0.00340172
200.22440896,0.00102241
200.42663230,0.00005000
200.62887310,0.00077414
200.83113136,0.00325689
201.03340708,-0.00069483
201.23570025,0.00267758
201.43801087,0.00646378
201.64033894,0.00424999
201.84268445,0.00333965
202.04504741,0.00284310
202.24742780,0.00141551
202.44982564,0.00311206
202.65224090,-0.00323965
202.85467360,0.00344310
203.05712372,0.00346379
203.25959128,-0.00100517
203.46207625,0.00253275
203.66457864,0.00187069
203.86709846,0.00458103
204.06963568,0.00648447
204.27219032,0.00164310
204.47476237,0.00226379
204.67735182,0.00073276
204.87995868,0.00900861
205.08258293,0.00439482
205.28522459,0.00135345
205.48788364,0.00187069
205.69056008,0.00242931
205.89325391,0.00681551
206.09596513,0.00151896
206.29869374,0.00505689
206.50143972,0.00702240
206.70420308,0.00356724
206.90698382,0.00160172
207.10978194,-0.00030172
207.31259742,0.00476723
207.51543027,-0.00106724
207.71828048,0.00476723
207.92114806,0.00158103
208.12403299,0.00764309
208.32693528,0.00238793
208.52985493,0.00133276
208.73279193,-0.00119138
208.93574627,0.00838792
209.13871796,0.00513965
209.34170699,0.00435344
209.54471336,-0.00050862
209.74773707,0.00472585
209.95077811,0.00338103
210.15383649,0.00089827
210.35691219,0.00216034
210.56000522,0.00222241
210.76311557,-0.00011552
210.96624324,0.00437413
211.16938823,-0.00028103
211.37255053,0.00197413
211.57573015,-0.00086034
211.77892707,0.00375344
211.98214130,0.00031896
212.18537284,0.00216034
212.38862167,0.00209827
212.59188781,0.00023621
212.79517124,0.00139483
212.99847196,0.00025690
213.20178997,0.00226379
213.40512527,0.00609137
213.60847785,0.00292586
213.81184772,0.00261551
214.01523486,-0.00015690
214.21863928,0.00213965
214.42206097,0.00532585
214.62549993,0.00304999
214.82895616,0.00162241
215.03242966,0.00362930
215.23592042,0.00027759
215.43942843,0.00294655
215.64295370,0.00331896
215.84649623,0.00422930
216.05005601,0.00590516
216.25363303,0.00220172
216.45722731,0.00354655
216.66083882,0.00071207
216.86446757,0.00259482
217.06811356,-0.00034310
217.27177679,0.00532585
217.47545724,0.00333965
217.67915493,0.00073276
217.88286984,0.00251206
218.08660198,0.00456034
218.29035133,0.00704309
218.49411790,0.00745688
218.69790169,0.00300862
218.90170269,0.00230517
219.10552090,0.00656723
219.30935632,0.00400172
219.51320894,0.00193276
219.71707876,0.00131207
219.92096578,0.00507758
220.12486999,0.00149827
220.32879140,0.00513965
220.53272999,-0.00168793
220.73668578,0.00418792
220.94065875,0.00342241
221.14464890,0.00011207
221.34865623,0.00176724
221.55268073,0.00286379
221.75672241,-0.00154310
221.96078126,0.00079483
222.16485728,-0.00193620
222.36895046,0.00106379
222.57306080,0.00447758
222.77718831,0.00046379
222.98133297,-0.00191551
223.18549478,0.00364999
223.38967375,-0.00081896
223.59386986,0.00025690
223.79808312,0.00137414
224.00231352,0.00025690
224.20656106,0.00278103
224.41082574,0.00509827
224.61510756,0.00907067
224.81940650,0.00106379
225.02372258,-0.00021897
225.22805578,0.00131207
225.43240610,-0.00100517
225.63677355,0.00247069
225.84115811,-0.00048793
226.04555979,0.00168448
226.24997858,0.00054655
226.45441448,0.00160172
226.65886748,0.00381551
226.86333759,0.00131207
227.06782480,0.00118793
227.27232911,0.00120862
227.47685052,0.00060862
227.68138902,0.00255344
227.88594461,0.00011207
228.09051728,0.00220172
228.29510704,0.00226379
228.49971389,0.00549137
228.70433781,0.00532585
228.90897881,0.00437413
229.11363688,0.00021552
229.31831202,0.00342241
229.52300423,0.00218103
229.72771350,0.00240862
229.93243984,0.00089827
230.13718324,0.00276034
230.34194369,0.00315344
230.54672120,0.00540861
230.75151576,0.00164310
230.95632737,0.00509827
231.16115602,0.00118793
231.36600172,0.00220172
231.57086446,-0.00042586
231.77574423,0.00412585
231.98064104,-0.00286724
232.18555488,0.00027759
232.39048575,0.00497413
232.59543365,0.00104310
232.80039857,-0.00162586
233.00538051,0.00367068
233.21037947,0.00383620
233.41539544,0.01504997
233.62042843,0.00027759
233.82547842,0.00125000
234.03054543,0.00604999
234.23562943,0.00023621
234.44073044,0.00201551
234.64584845,0.00530516
234.85098345,0.00081552
235.05613545,0.00245000
235.26130444,0.00458103
235.46649041,0.00058793
235.67169337,0.00555344
235.87691331,0.00650516
236.08215023,-0.00003276
236.28740413,0.00427068
236.49267500,0.00141551
236.69796284,-0.00017759
236.90326765,0.00336034
237.10858942,0.00162241
237.31392816,0.00547068
237.51928386,0.00540861
237.72465651,0.00261551
237.93004612,0.00062931
238.13545268,0.00205689
238.34087619,0.00582240
238.54631664,0.00218103
238.75177404,0.00007069
238.95724838,-0.00179138
239.16273965,0.00230517
239.36824786,0.00532585
239.57377300,0.00158103
239.77931508,0.00497413
239.98487407,0.00418792
240.19045000,0.00174655
240.39604284,0.00342241
240.60165260,-0.00158448
240.80727928,0.00319482
241.01292287,0.00247069
241.21858337,0.00367068
241.42426077,0.00259482
241.62995508,0.00414654
241.83566630,-0.00052931
242.04139441,0.00336034
242.24713941,0.00029828
242.45290131,0.00160172
242.65868010,0.00207758
242.86447578,0.00046379
243.07028835,0.00404310
243.27611779,0.00617413
243.48196412,0.00269827
243.68782732,0.00091896
243.89370739,0.00162241
244.09960434,-0.00017759
244.30551816,0.00441551
244.51144884,0.00280172
244.71739638,0.00317413
244.92336078,0.00226379
245.12934204,0.00116724
245.33534016,0.00145689
245.54135512,-0.00007414
245.74738694,0.00089827
245.95343560,0.00249138
246.15950110,0.00513965
246.36558345,0.00098103
246.57168263,0.00185000
246.77779865,0.00139483
246.98393150,0.00638102
247.19008118,0.00164310
247.39624769,0.00404310
247.60243102,0.00203620
247.80863117,0.00664999
248.01484814,0.00354655
248.22108192,0.00307068
248.42733252,-0.00001207
248.63359993,0.00042241
248.83988415,-0.00046724
249.04618517,0.00607068
249.25250299,0.00054655
249.45883761,-0.00104655
249.66518903,0.00054655
249.87155724,0.00162241
250.07794224,0.00408448
250.28434403,0.00315344
250.49076260,0.00681551
250.69719796,-0.00131551
250.90365009,-0.00272241
251.11011901,-0.00096379
251.31660469,0.00540861
251.52310715,0.00249138
251.72962638,0.00400172
251.93616237,0.00267758
252.14271513,0.00029828
252.34928464,0.00242931
252.55587091,0.00085690
252.76247394,0.00276034
252.96909372,0.00168448
253.17573025,0.00203620
253.38238352,0.00110517
253.58905354,0.00350517
253.79574030,0.00036034
254.00244380,0.00307068
254.20916403,0.00691895
254.41590099,0.00553275
254.62265469,0.00125000
254.82942511,0.00282241
255.03621225,0.00036034
255.24301612,0.00242931
255.44983670,0.00211896
255.65667400,0.00375344
255.86352802,0.00170517
256.07039874,-0.00050862
256.27728617,0.00081552
256.48419031,0.00375344
256.69111115,0.00346379
256.89804868,0.00203620
257.10500292,0.00021552
257.31197384,0.00317413
257.51896146,0.00497413
257.72596577,-0.00117069
257.93298676,0.00278103
258.14002443,0.00507758
258.34707878,0.00079483
258.55414981,0.00178793
258.76123752,0.00083621
258.96834190,0.00594654
259.17546294,-0.00115000
259.38260065,-0.00061207
259.58975502,0.00042241
259.79692606,0.00193276
260.00411375,0.00298793
260.21131810,-0.00301206
260.41853909,0.00331896
260.62577674,0.00166379
260.83303103,0.00342241
261.04030197,-0.00088103
261.24758955,0.00091896
261.45489377,0.00230517
261.66221462,0.00377413
261.86955210,0.00420861
262.07690622,0.00342241
262.28427696,-0.00013621
262.49166433,-0.00179138
262.69906831,0.00460172
262.90648892,-0.00092241
263.11392614,-0.00046724
263.32137998,0.00234655
263.52885042,0.00360861
263.73633747,0.00646378
263.94384113,-0.00096379
264.15136139,0.00385689
264.35889825,0.00739481
264.56645171,0.00470516
264.77402176,0.00236724
264.98160840,0.00276034
265.18921163,0.00017414
265.39683144,-0.00139827
265.60446784,0.00712585
265.81212081,-0.00177069
266.01979037,0.00526378
266.22747650,0.00005000
266.43517920,0.00327758
266.64289847,-0.00117069
266.85063430,0.00087758
267.05838670,-0.00135689
267.26615566,0.00315344
267.47394117,-0.00042586
267.68174324,-0.00096379
267.88956187,0.00441551
268.09739704,0.00377413
268.30524876,0.00402241
268.51311702,0.00530516
268.72100183,-0.00104655
268.92890317,-0.00127414
269.13682105,-0.00110862
269.34475546,-0.00158448
269.55270640,0.00087758
269.76067387,0.00238793
269.96865786,-0.00019828
270.17665838,-0.00011552
270.38467541,-0.00001207
270.59270896,0.00240862
270.80075902,0.00089827
271.00882560,0.00290517
271.21690868,0.00141551
271.42500826,0.00247069
271.63312435,-0.00011552
271.84125694,0.00220172
272.04940602,0.00760171
272.25757160,0.00193276
272.46575367,0.00240862
272.67395223,0.00112586
272.88216727,0.00189138
273.09039880,0.00797412
273.29864681,0.00038103
273.50691129,0.00060862
273.71519225,0.00170517
273.92348968,-0.00052931
274.13180358,0.00056724
274.34013395,0.00038103
274.54848077,0.00265689
274.75684406,0.00176724
274.96522381,0.00245000
275.17362001,-0.00067414
275.38203267,0.00487068
275.59046177,0.00441551
275.79890732,0.00182931
276.00736932,0.00050517
276.21584776,-0.00210172
276.42434263,0.00168448
276.63285394,-0.00342586
276.84138169,0.00019483
277.04992586,0.00317413
277.25848646,0.00160172
277.46706349,0.00131207
277.67565694,-0.00301206
277.88426680,0.00023621
278.09289309,0.00116724
278.30153578,-0.00143965
278.51019489,0.00385689
278.71887041,0.00151896
278.92756233,0.00298793
279.13627065,0.00276034
279.34499537,0.00431206
279.55373649,0.00238793
279.76249401,0.00803619
279.97126791,0.00240862
280.18005820,0.00125000
280.38886488,0.00147758
280.59768795,-0.00197758
280.80652739,0.00182931
281.01538321,0.00062931
281.22425540,0.00218103
281.43314397,0.00143620
281.64204891,-0.00057069
281.85097021,0.00391896
282.05990788,0.00317413
282.26886190,0.00077414
282.47783229,-0.00156379
282.68681903,0.00476723
282.89582212,0.00065000
283.10484156,0.00149827
283.31387735,0.00073276
283.52292949,0.00187069
283.73199796,0.00156034
283.94108277,0.00458103
284.15018392,0.00038103
284.35930141,0.00093965
284.56843522,0.00282241
284.77758536,0.00493275
284.98675183,-0.00017759
285.19593461,0.00739481
285.40513372,0.00544999
285.61434914,0.00371206
285.82358088,-0.00226724
286.03282893,0.00116724
286.24209328,0.00453965
286.45137395,0.00125000
286.66067091,0.00069138
286.86998417,0.00213965
287.07931373,0.00352586
287.28865959,0.00424999
287.49802174,0.00108448
287.70740017,0.00062931
287.91679489,0.00149827
288.12620590,0.00145689
288.33563318,-0.00069483
288.54507675,0.00437413
288.75453658,-0.00098448
288.96401269,0.00166379
289.17350507,-0.00001207
289.38301372,0.00424999
289.59253863,0.00056724
289.80207980,0.00391896
290.01163723,0.00276034
290.22121091,0.00323620
290.43080085,0.00321551
290.64040703,0.00247069
290.85002947,0.00329827
291.05966815,0.00340172
291.26932307,0.00400172
291.47899422,0.00093965
291.68868162,0.00429137
291.89838525,0.00164310
292.10810511,0.00586378
292.31784119,0.00247069
292.52759350,-0.00197758
292.73736204,0.00207758
292.94714679,0.00259482
293.15694776,0.00120862
293.36676494,0.00052586
293.57659834,0.00143620
293.78644794,-0.00139827
293.99631375,0.00127069
294.20619576,0.00511896
294.41609397,0.00600861
294.62600838,0.00065000
294.83593898,0.00220172
295.04588578,0.00116724
295.25584876,-0.00311551
295.46582793,0.00042241
295.67582328,0.00168448
295.88583481,0.00042241
296.09586253,-0.00044655
296.30590641,0.00348448
296.51596647,0.00060862
296.72604270,-0.00156379
296.93613509,0.00383620
297.14624365,-0.00402586
297.35636837,0.00033965
297.56650925,0.00213965
297.77666629,0.00038103
297.98683947,-0.00026034
298.19702881,0.00350517
298.40723429,0.00193276
298.61745592,0.00309137
298.82769369,0.00358792
299.03794760,0.00617413
299.24821765,-0.00245344
299.45850383,0.00480861
299.66880614,0.00151896
299.87912458,-0.00131551
300.08945914,-0.00172931
300.29980983,0.00234655
300.51017663,0.00342241
300.72055955,0.00729137
300.93095859,0.00127069
301.14137374,0.00141551
301.35180499,-0.00057069
301.56225235,0.00313275
301.77271582,-0.00334310
301.98319538,0.00960860
302.19369105,-0.00274310
302.40420280,-0.00001207
302.61473065,0.00435344
302.82527459,0.00342241
303.03583461,-0.00199827
303.24641072,-0.00133620
303.45700291,0.00158103
303.66761117,0.00284310
303.87823552,0.00445689
304.08887593,0.00170517
304.29953241,-0.00007414
304.51020496,-0.00131551
304.72089358,0.00282241
304.93159825,0.00456034
305.14231899,0.00015345
305.35305578,0.00224310
305.56380862,0.00247069
305.77457752,0.00185000
305.98536246,0.00259482
306.19616344,0.00257413
306.40698047,0.00187069
306.61781354,-0.00005345
306.82866264,0.00259482
307.03952778,0.00259482
307.25040895,0.00143620
307.46130614,0.00216034
307.67221937,0.00067069
307.88314861,0.00077414
308.09409387,0.00232586
308.30505515,0.00336034
308.51603245,0.00491206
308.72702576,-0.00154310
308.93803507,-0.00030172
309.14906039,0.00323620
309.36010172,0.00259482
309.57115904,0.00307068
309.78223236,0.00168448
309.99332168,0.00158103
310.20442699,0.00302931
310.41554829,-0.00067414
310.62668557,-0.00191551
310.83783884,0.00240862
311.04900809,-0.00338448
311.26019332,-0.00015690
311.47139452,0.00071207
311.68261169,0.00234655
311.89384484,0.00265689
312.10509395,0.00406379
312.31635903,0.00265689
312.52764007,0.00114655
312.73893706,-0.00030172
312.95025002,0.00019483
313.16157892,-0.00100517
313.37292378,0.00352586
313.58428458,0.00191207
313.79566133,-0.00028103
314.00705402,0.00164310
314.21846266,0.00125000
314.42988722,-0.00232931
314.64132772,0.00296724
314.85278416,0.00002931
315.06425652,0.00876033
315.27574480,-0.00143965
315.48724901,0.00408448
315.69876914,0.00058793
315.91030518,0.00185000
316.12185715,-0.00050862
316.33342502,0.00025690
316.54500880,0.00284310
316.75660848,0.00431206
316.96822407,0.00240862
317.17985556,-0.00077758
317.39150295,0.00069138
317.60316624,0.00096034
317.81484541,-0.00009483
318.02654048,0.00187069
318.23825143,0.00304999
318.44997826,0.00147758
318.66172098,0.00547068
318.87347957,0.00468447
319.08525404,0.00197413
319.29704439,0.00249138
319.50885060,0.00098103
319.72067268,0.00458103
319.93251063,0.00240862
320.14436443,0.00108448
320.35623410,0.00538792
320.56811962,0.00484999
320.78002100,-0.00139827
320.99193822,-0.00011552
321.20387130,0.00145689
321.41582021,0.00083621
321.62778498,0.00412585
321.83976558,0.00329827
322.05176201,0.00224310
322.26377428,0.00065000
322.47580239,0.00501551
322.68784632,0.00342241
322.89990607,-0.00172931
323.11198165,0.00000862
323.32407305,0.00344310
323.53618027,0.00348448
323.74830330,0.00036034
323.96044215,0.00259482
324.17259680,0.00524309
324.38476726,0.00582240
324.59695352,-0.00038448
324.80915558,0.00147758
325.02137344,0.00025690
325.23360710,0.00220172
325.44585655,0.00338103
325.65812178,0.00265689
325.87040281,-0.00162586
326.08269962,0.00189138
326.29501221,-0.00075690
326.50734058,0.00344310
326.71968472,-0.00208103
326.93204464,0.00561551
327.14442032,0.00418792
327.35681178,0.00439482
327.56921900,-0.00065345
327.78164198,0.00069138
327.99408072,-0.00150172
328.20653522,0.00046379
328.41900547,-0.00110862
328.63149147,0.00340172
328.84399322,0.00019483
329.05651071,0.00220172
329.26904395,0.00149827
329.48159293,0.00412585
329.69415764,-0.00063276
329.90673809,0.00164310
330.11933427,0.00151896
330.33194617,0.00164310
330.54457381,0.00075345
330.75721716,-0.00284655
330.96987624,0.00141551
331.18255104,0.00135345
331.39524154,0.00530516
331.60794777,-0.00026034
331.82066970,-0.00026034
332.03340733,0.00065000
332.24616067,0.00458103
332.45892971,0.00160172
332.67171445,0.00077414
332.88451489,0.00143620
333.09733102,0.00170517
333.31016283,0.00073276
333.52301034,-0.00160517
333.73587352,-0.00253620
333.94875239,-0.00261896
334.16164694,-0.00065345
334.37455717,-0.00319827
334.58748306,0.00193276
334.80042463,0.00484999
335.01338187,-0.00216379
335.22635477,0.00331896
335.43934333,-0.00011552
335.65234755,0.00532585
335.86536743,0.00418792
336.07840296,0.00069138
336.29145415,-0.00023965
336.50452098,0.00296724
336.71760345,0.00193276
336.93070157,0.00300862
337.14381533,-0.00040517
337.35694473,0.00036034
337.57008976,0.00427068
337.78325042,0.00141551
337.99642671,0.00085690
338.20961863,0.00203620
338.42282617,0.00261551
338.63604933,0.00048448
338.84928810,0.00114655
339.06254250,0.00311206
339.27581250,-0.00003276
339.48909812,0.00182931
339.70239934,0.00431206
339.91571616,0.00077414
340.12904859,0.00170517
340.34239661,-0.00241206
340.55576023,0.00261551
340.76913945,0.00449827
340.98253425,0.00304999
341.19594464,0.00058793
341.40937061,-0.00046724
341.62281217,0.00238793
341.83626930,0.00787068
342.04974201,0.00044310
342.26323030,-0.00224655
342.47673415,0.00307068
342.69025357,0.00696033
342.90378856,-0.00092241
343.11733911,0.00532585
343.33090522,0.00158103
343.54448688,0.00168448
343.75808410,-0.00127414
343.97169687,0.00447758
344.18532519,-0.00017759
344.39896906,0.00325689
344.61262847,-0.00017759
344.82630341,0.00269827
345.03999390,0.00265689
345.25369992,0.00497413
345.46742147,0.00584309
345.68115855,0.00288448
345.89491115,0.00232586
346.10867928,-0.00050862
346.32246293,0.00375344
346.53626210,-0.00133620
346.75007679,0.00013276
346.96390698,0.00189138
347.17775269,0.00276034
347.39161390,0.00052586
347.60549061,0.00350517
347.81938283,0.00174655
348.03329055,0.00445689
348.24721376,0.00182931
348.46115246,0.00336034
348.67510665,0.00046379
348.88907634,0.00156034
349.10306150,-0.00212241
349.31706215,-0.00129483
349.53107828,0.00269827
349.74510988,0.00093965
349.95915696,0.00205689
350.17321950,0.00284310
350.38729752,0.00631895
350.60139100,0.00083621
350.81549994,0.00042241
351.02962435,-0.00235000
351.24376421,0.00273965
351.45791952,0.00077414
351.67209028,0.00077414
351.88627650,0.00058793
352.10047816,0.00071207
352.31469526,0.00319482
352.52892780,0.00373275
352.74317578,0.00278103
352.95743919,0.00193276
353.17171804,0.00211896
353.38601232,0.00189138
353.60032202,-0.00098448
353.81464714,0.00584309
354.02898769,-0.00146034
354.24334365,-0.00003276
354.45771503,-0.00127414
354.67210182,0.00273965
354.88650403,0.00466379
355.10092164,0.00278103
355.31535465,-0.00007414
355.52980306,0.00784999
355.74426687,0.00197413
355.95874608,0.00251206
356.17324069,0.00263620
356.38775068,-0.00177069
356.60227606,0.00197413
356.81681682,-0.00220517
357.03137297,-0.00110862
357.24594449,0.00292586
357.46053139,0.00410517
357.67513367,0.00588447
357.88975132,0.00160172
358.10438433,0.00073276
358.31903271,0.00100172
358.53369645,0.00098103
358.74837556,-0.00268103
358.96307002,0.00251206
359.17777983,-0.00268103
359.39250499,0.00191207
359.60724551,0.00298793
359.82200137,0.00304999
360.03677257,-0.00131551
360.25155911,-0.00143965
360.46636100,0.00114655
360.68117821,-0.00115000
360.89601076,-0.00007414
361.11085864,0.00197413
361.32572184,-0.00346724
361.54060037,0.00257413
361.75549422,0.00288448
361.97040338,0.00375344
362.18532786,0.00369137
362.40026766,0.00031896
362.61522276,0.00333965
362.83019318,0.00507758
363.04517889,0.00118793
363.26017991,0.00197413
363.47519623,0.00060862
363.69022784,0.00325689
363.90527474,0.00135345
364.12033694,0.00660861
364.33541442,-0.00023965
364.55050719,0.00087758
364.76561524,-0.00121207
364.98073857,0.00120862
365.19587718,-0.00274310
365.41103106,0.00162241
365.62620021,-0.00125345
365.84138463,0.00222241
366.05658432,0.00323620
366.27179927,0.00358792
366.48702948,0.00207758
366.70227494,0.00011207
366.91753566,0.00052586
367.13281163,0.00133276
367.34810285,-0.00224655
367.56340932,0.00147758
367.77873103,0.00151896
367.99406798,0.00300862
368.20942017,-0.00034310
368.42478759,0.00143620
368.64017025,0.00067069
368.85556813,0.00321551
369.07098125,0.00178793
369.28640958,0.00031896
369.50185314,0.00166379
369.71731191,0.00263620
369.93278590,-0.00377758
370.14827511,0.00193276
370.36377952,-0.00210172
370.57929914,0.00081552
370.79483397,0.00524309
371.01038400,0.00104310
371.22594922,0.00087758
371.44152965,0.00191207
371.65712526,0.00207758
371.87273607,0.00019483
372.08836206,0.00247069
372.30400324,0.00387758
372.51965960,-0.00104655
372.73533114,0.00590516
372.95101786,-0.00193620
373.16671976,0.00230517
373.38243682,0.00226379
373.59816905,0.00143620
373.81391645,-0.00305344
374.02967901,0.00317413
374.24545673,-0.00121207
374.46124961,-0.00305344
374.67705764,0.00091896
374.89288082,-0.00100517
375.10871916,-0.00079827
375.32457264,0.00224310
375.54044126,-0.00059138
375.75632503,0.00466379
375.97222393,0.00098103
376.18813797,-0.00088103
376.40406713,0.00069138
376.62001143,-0.00073621
376.83597086,-0.00288793
377.05194541,-0.00052931
377.26793508,0.00284310
377.48393987,0.00207758
377.69995978,0.00346379
377.91599480,-0.00048793
378.13204493,0.00079483
378.34811016,0.00236724
378.56419050,0.00470516
378.78028595,0.00389827
378.99639649,-0.00106724
379.21252213,-0.00003276
379.42866286,0.00060862
379.64481868,0.00019483
379.86098960,0.00422930
380.07717559,0.00153965
380.29337667,0.00162241
380.50959283,-0.00044655
380.72582407,0.00257413
380.94207038,0.00300862
381.15833176,-0.00123276
381.37460821,0.00149827
381.59089972,0.00122931
381.80720630,0.00331896
382.02352794,0.00083621
382.23986464,0.00209827
382.45621639,0.00193276
382.67258319,0.00218103
382.88896505,-0.00032241
383.10536195,0.00410517
383.32177389,-0.00015690
383.53820087,0.00331896
383.75464289,0.00118793
383.97109995,0.00205689
384.18757204,-0.00123276
384.40405916,0.00054655
384.62056131,-0.00276379
384.83707848,0.00033965
385.05361067,0.00131207
385.27015788,0.00189138
385.48672011,0.00435344
385.70329735,0.00439482
385.91988960,0.00385689
386.13649686,0.00089827
386.35311912,0.00282241
386.56975639,0.00309137
386.78640865,0.00054655
387.00307592,0.00286379
387.21975817,-0.00092241
387.43645542,0.00232586
387.65316765,0.00185000
387.86989487,0.00236724
388.08663707,0.00065000
388.30339426,0.00118793
388.52016641,0.00336034
388.73695355,0.00441551
388.95375565,0.00280172
389.17057273,0.00000862
389.38740477,0.00565689
389.60425177,0.00220172
389.82111374,-0.00251551
390.03799066,0.00396034
390.25488253,0.00114655
390.47178936,0.00005000
390.68871114,0.00284310
390.90564787,0.00065000
391.12259954,-0.00042586
391.33956614,-0.00009483
391.55654769,0.00069138
391.77354418,0.00104310
391.99055559,0.00060862
392.20758194,0.00116724
392.42462321,0.00143620
392.64167941,0.00358792
392.85875053,0.00373275
393.07583657,-0.00046724
393.29293752,0.00230517
393.51005339,0.00544999
393.72718417,0.00321551
393.94432986,0.00267758
394.16149045,0.00249138
394.37866594,0.00153965
394.59585634,0.00480861
394.81306163,0.00195344
395.03028181,0.00449827
395.24751689,0.00801550
395.46476685,0.00298793
395.68203170,0.00276034
395.89931143,0.00464310
396.11660604,0.00360861
396.33391553,0.00476723
396.55123990,0.00230517
396.76857913,0.00304999
396.98593324,0.00228448
397.20330221,-0.00073621
397.42068604,0.00247069
397.63808474,-0.00206034
397.85549829,0.00381551
398.07292670,0.00389827
398.29036996,0.00242931
398.50782807,0.00451896
398.72530103,0.00675344
398.94278883,0.00416723
399.16029147,0.00497413
399.37780895,0.00170517
399.59534127,0.00650516
399.81288841,0.00611206
400.03045039,0.00745688
400.24802720,0.00656723
400.46561883,0.00288448
400.68322529,0.00093965
400.90084656,0.00211896
401.11848265,0.00493275
401.33613355,0.00216034
401.55379926,0.00296724
401.77147978,0.00400172
401.98917511,0.00691895
402.20688524,0.00276034
402.42461017,0.00245000
402.64234989,0.00257413
402.86010441,0.00085690
403.07787372,0.00549137
403.29565782,0.00542930
403.51345670,0.00356724
403.73127037,0.00474654
403.94909882,0.00292586
404.16694205,0.00462241
404.38480005,0.00240862
404.60267282,0.00271896
404.82056036,0.00106379
405.03846267,0.00638102
405.25637974,0.00983619
405.47431157,0.00596723
405.69225816,0.00106379
405.91021951,0.00404310
406.12819561,0.00127069
406.34618645,0.00309137
406.56419205,0.00304999
406.78221239,0.00296724
407.00024747,0.00720861
407.21829729,-0.00034310
407.43636184,0.00693964
407.65444113,0.00617413
407.87253515,0.00700171
408.09064390,0.00532585
408.30876737,0.00400172
408.52690556,0.00784999
408.74505847,0.00207758
408.96322610,0.00447758
409.18140844,0.00352586
409.39960550,0.00354655
409.61781726,0.00762240
409.83604372,0.00304999
410.05428489,0.00791206
410.27254076,0.00180862
410.49081133,0.00557413
410.70909659,0.00513965
410.92739654,0.00439482
411.14571118,0.00925688
411.36404051,0.00286379
411.58238452,0.00687757
411.80074321,0.00449827
412.01911658,0.00722930
412.23750462,0.00764309
412.45590734,0.00441551
412.67432472,0.00402241
412.89275677,0.00658792
413.11120349,0.00468447
413.32966486,0.00234655
413.54814090,0.00389827
413.76663159,0.00600861
413.98513693,0.00108448
414.20365692,0.00112586
414.42219156,0.00520172
414.64074084,0.00213965
414.85930477,0.00489137
415.07788333,0.00185000
415.29647653,0.00429137
415.51508437,0.00168448
415.73370683,0.00406379
415.95234392,0.00468447
416.17099564,0.00565689
416.38966198,0.00586378
416.60834294,0.00520172
416.82703851,0.00652585
417.04574870,0.00143620
417.26447350,0.00404310
417.48321291,0.00437413
417.70196692,0.00168448
417.92073554,0.00472585
418.13951875,0.00770516
418.35831657,0.00005000
418.57712898,0.00203620
418.79595598,0.00766378
419.01479757,0.00890516
419.23365374,0.00464310
419.45252450,0.00358792
419.67140984,0.00712585
419.89030975,0.01031205
420.10922425,0.01010515
420.32815331,0.00420861
420.54709694,0.00677413
420.76605514,0.00623620
420.98502791,0.00590516
421.20401523,0.00091896
421.42301712,0.00631895
421.64203356,0.00636033
421.86106455,0.00406379
422.08011009,0.00422930
422.29917018,0.00772585
422.51824482,0.00609137
422.73733399,0.00323620
422.95643771,0.00650516
423.17555596,0.00538792
423.39468875,0.00406379
423.61383606,0.00689826
423.83299790,0.00536723
424.05217427,0.00484999
424.27136516,0.00787068
424.49057057,0.00447758
424.70979050,0.00656723
424.92902494,0.00629827
425.14827390,0.00553275
425.36753736,0.00594654
425.58681532,0.01041550
425.80610779,0.00724999
426.02541476,0.00962929
426.24473623,0.00598792
426.46407219,0.00727068
426.68342265,0.00578102
426.90278759,0.00704309
427.12216702,0.00683620
427.34156093,0.00561551
427.56096933,0.00834654
427.78039220,0.01202929
427.99982955,0.00921550
428.21928137,0.00772585
428.43874766,0.00362930
428.65822841,0.00762240
428.87772363,0.00840861
429.09723331,0.00509827
429.31675745,0.00433275
429.53629605,0.00513965
429.75584910,0.00650516
429.97541660,0.00902929
430.19499854,0.00489137
430.41459494,0.01093274
430.63420577,0.00836723
430.85383104,0.00822240
431.07347075,0.00873964
431.29312489,0.01064309
431.51279347,0.00962929
431.73247647,0.00491206
431.95217390,0.00667068
432.17188574,0.00925688
432.39161201,0.00729137
432.61135270,0.00604999
432.83110780,0.00923619
433.05087731,0.01116033
433.27066123,0.00571896
433.49045956,0.00731206
433.71027229,0.00540861
433.93009942,0.00894654
434.14994095,0.00789137
434.36979687,0.00851205
434.58966718,0.00865688
434.80955189,0.00704309
435.02945098,0.01000171
435.24936445,0.01459480
435.46929230,0.00900861
435.68923454,0.00981550
435.90919115,0.01184308
436.12916213,0.00714654
436.34914748,0.01136722
436.56914720,0.00989826
436.78916128,0.00797412
437.00918972,0.01070515
437.22923252,0.00933964
437.44928968,0.01213274
437.66936119,0.00969136
437.88944706,0.01302239
438.10954727,0.01318791
438.32966182,0.01217412
438.54979072,0.01089136
438.76993395,0.01676721
438.99009153,0.01337411
439.21026343,0.01322929
439.43044967,0.01583618
439.65065024,0.01668445
439.87086513,0.01293963
440.09109434,0.01004309
440.31133788,0.00933964
440.53159573,0.01370515
440.75186789,0.01064309
440.97215437,0.01169826
441.19245516,0.01370515
441.41277025,0.00927757
441.63309964,0.01087067
441.85344334,0.01287756
442.07380133,0.00981550
442.29417362,0.00956722
442.51456020,0.00971205
442.73496107,0.01387067
442.95537623,0.01080860
443.17580567,0.01285687
443.39624939,0.01347756
443.61670739,0.01087067
443.83717967,0.01103619
444.05766622,0.01314653
444.27816704,0.01542239
444.49868212,0.00853274
444.71921147,0.01012584
444.93975509,0.01318791
445.16031296,0.01310515
445.38088508,0.01502928
445.60147147,0.01287756
445.82207210,0.00772585
446.04268698,0.01296032
446.26331610,0.01608446
446.48395947,0.00844999
446.70461707,0.01101550
446.92528892,0.00933964
447.14597499,0.01252584
447.36667530,0.00780861
447.58738984,0.01335343
447.80811860,0.01287756
448.02886158,0.00902929
448.24961879,0.01022929
448.47039021,0.01434653
448.69117585,0.01972583
448.91197570,0.01575342
449.13278975,0.00855343
449.35361802,0.01107757
449.57446049,0.01264998
449.79531715,0.00820171
450.01618802,0.01120170
450.23707308,0.00797412
450.45797234,0.01517411
450.67888578,0.01068446
450.89981341,0.00787068
451.12075522,0.01589825
451.34171122,0.01562928
451.56268139,0.01767756
451.78366574,0.01564997
452.00466426,0.01476032
452.22567696,0.00880171
452.44670382,0.01103619
452.66774484,0.00731206
452.88880003,0.01732583
453.10986938,0.01111895
453.33095288,0.01399480
453.55205053,0.01076722
453.77316234,0.00654654
453.99428830,0.01221550
454.21542840,0.01132584
454.43658264,0.01316722
454.65775102,0.01116033
454.87893354,0.01432584
455.10013019,0.01372584
455.32134098,0.01484308
455.54256589,0.01656032
455.76380493,0.01144998
455.98505809,0.01306377
456.20632537,0.01517411
456.42760677,0.01358101
456.64890229,0.01124308
456.87021191,0.01817411
457.09153565,0.01310515
457.31287349,0.01486377
457.53422544,0.01939479
457.75559149,0.01699480
457.97697163,0.01329136
458.19836587,0.01755342
458.41977420,0.01616721
458.64119663,0.01908445
458.86263313,0.01480170
459.08408373,0.02013962
459.30554840,0.01674652
459.52702716,0.02177410
459.74851999,0.01178101
459.97002689,0.02173272
460.19154786,0.01600170
460.41308290,0.01823618
460.63463201,0.01564997
460.85619518,0.01451204
461.07777241,0.01867066
461.29936369,0.01966376
461.52096903,0.02094652
461.74258841,0.01960169
461.96422185,0.01906376
462.18586933,0.01883617
462.40753086,0.02396720
462.62920642,0.02088445
462.85089602,0.01763618
463.07259966,0.01910514
463.29431733,0.01416032
463.51604902,0.02061548
463.73779475,0.01958100
463.95955449,0.02282927
464.18132826,0.02524996
464.40311604,0.02136031
464.62491784,0.01862928
464.84673365,0.02158789
465.06856347,0.02320168
465.29040730,0.02177410
465.51226513,0.02167065
465.73413696,0.01693273
465.95602279,0.02293272
466.17792261,0.02063617
466.39983643,0.02607754
466.62176424,0.02477410
466.84370603,0.02651202
467.06566181,0.02320168
467.28763157,0.02450513
467.50961531,0.02224996
467.73161303,0.02320168
467.95362472,0.02121548
468.17565038,0.02547754
468.39769001,0.02140169
468.61974360,0.02289134
468.84181116,0.02235341
469.06389267,0.02930512
469.28598814,0.02605685
469.50809757,0.02998788
469.73022094,0.02843616
469.95235827,0.02663616
470.17450954,0.02183617
470.39667475,0.02220858
470.61885390,0.02496030
470.84104699,0.02767064
471.06325402,0.03164305
471.28547498,0.02638789
471.50770986,0.02907754
471.72995867,0.02491892
471.95222141,0.02378099
472.17449806,0.02404996
472.39678864,0.02392582
472.61909313,0.02551892
472.84141153,0.02214651
473.06374384,0.03137408
473.28609005,0.02895340
473.50845017,0.02845685
473.73082420,0.02779478
473.95321212,0.02653271
474.17561393,0.02986374
474.39802964,0.02620168
474.62045924,0.02570513
474.84290273,0.02164996
475.06536010,0.02891202
475.28783136,0.02676030
475.51031649,0.02736030
475.73281550,0.02210513
475.95532838,0.02044996
476.17785513,0.02164996
476.40039575,0.02572582
476.62295024,0.02293272
476.84551859,0.02214651
477.06810080,0.02663616
477.29069686,0.02349134
477.51330678,0.02342927
477.73593055,0.02659478
477.95856817,0.02678099
478.18121963,0.02671892
478.40388494,0.02841547
478.62656409,0.03156029
478.84925707,0.02822926
479.07196389,0.02806374
479.29468455,0.02903616
479.51741903,0.03133270
479.74016733,0.02777409
479.96292946,0.02632582
480.18570542,0.02938788
480.40849519,0.02502237
480.63129877,0.02824995
480.85411617,0.02634651
481.07694738,0.02543616
481.29979239,0.02669823
481.52265121,0.02729823
481.74552383,0.02616030
481.96841025,0.02754650
482.19131046,0.02967754
482.41422447,0.02752581
482.63715227,0.03038098
482.86009385,0.02636720
483.08304922,0.02415341
483.30601837,0.02551892
483.52900130,0.03052581
483.75199801,0.02578789
483.97500849,0.02628444
484.19803274,0.02849823
484.42107076,0.02280858
484.64412255,0.02978098
484.86718810,0.02824995
485.09026741,0.02082238
485.31336047,0.02231203
485.53646729,0.02587065
485.75958786,0.02146376
485.98272218,0.02347065
486.20587024,0.02185686
486.42903205,0.02305686
486.65220760,0.02367755
486.87539689,0.02816719
487.09859991,0.02543616
487.32181666,0.02628444
487.54504715,0.02777409
487.76829136,0.02800168
487.99154929,0.02965685
488.21482094,0.02640858
488.43810631,0.02411203
488.66140540,0.02897409
488.88471820,0.02642926
489.10804471,0.02702926
489.33138493,0.02806374
489.55473885,0.02963616
489.77810647,0.02626375
490.00148780,0.03060857
490.22488281,0.02920167
490.44829153,0.03178788
490.67171393,0.03137408
490.89515002,0.03271891
491.11859979,0.03329822
491.34206325,0.03195339
491.56554038,0.02878788
491.78903120,0.03240856
492.01253568,0.02638789
492.23605384,0.03145684
492.45958567,0.03075340
492.68313116,0.03129133
492.90669031,0.02845685
493.13026312,0.02421548
493.35384960,0.02353272
493.57744972,0.02256031
493.80106350,0.02303617
494.02469092,0.02417410
494.24833200,0.02427754
494.47198671,0.02591202
494.69565507,0.02063617
494.91933706,0.02856030
495.14303269,0.02527065
495.36674195,0.02245686
495.59046484,0.02427754
495.81420136,0.02301548
496.03795150,0.02146376
496.26171526,0.01881548
496.48549264,0.01976721
496.70928364,0.02030514
496.93308825,0.02121548
497.15690647,0.02485685
497.38073830,0.02270513
497.60458373,0.02781547
497.82844276,0.03573959
498.05231539,0.02665685
498.27620162,0.02489823
498.50010144,0.02711202
498.72401485,0.02839478
498.94794185,0.03259477
499.17188244,0.02736030
499.39583661,0.02984305
499.61980435,0.02686375
499.84378568,0.02911892
500.06778058,0.02965685
500.29178904,0.02951202
500.51581108,0.02386375
500.73984668,0.02754650
500.96389585,0.02539478
501.18795858,0.02365686
501.41203486,0.02971891
501.63612470,0.02243617
501.86022809,0.02982236
502.08434503,0.03143615
502.30847551,0.02866374
502.53261954,0.02725685
502.75677711,0.02694651
502.98094822,0.02864305
503.20513286,0.02878788
503.42933104,0.03031891
503.65354274,0.02860167
503.87776797,0.02669823
504.10200673,0.02491892
504.32625901,0.02831202
504.55052480,0.02711202
504.77480411,0.02539478
504.99909694,0.02127755
505.22340327,0.02529134
505.44772312,0.02313962
505.67205646,0.02202238
505.89640331,0.02444306
506.12076366,0.01945686
506.34513750,0.02177410
506.56952484,0.01982928
506.79392567,0.02129824
507.01833999,0.02313962
507.24276779,0.02433961
507.46720907,0.02318099
507.69166384,0.02316030
507.91613208,0.02189824
508.14061380,0.02322237
508.36510898,0.02340858
508.58961764,0.02767064
508.81413976,0.02669823
509.03867534,0.02676030
509.26322439,0.02843616
509.48778689,0.02624306
509.71236285,0.03137408
509.93695226,0.02767064
510.16155512,0.02922236
510.38617142,0.02901547
510.61080117,0.03222236
510.83544436,0.03404304
511.06010099,0.03104305
511.28477105,0.03714649
511.50945454,0.03520166
511.73415147,0.02963616
511.95886182,0.02673961
512.18358560,0.02934650
512.40832280,0.02326375
512.63307341,0.02889133
512.85783745,0.02895340
513.08261489,0.02837409
513.30740575,0.02684306
513.53221001,0.02847754
513.75702768,0.03073271
513.98185875,0.02804306
514.20670322,0.02806374
514.43156109,0.02808443
514.65643235,0.02773271
514.88131700,0.02822926
515.10621504,0.03458097
515.33112647,0.02990512
515.55605128,0.03261546
515.78098946,0.03137408
516.00594103,0.02872581
516.23090597,0.03052581
516.45588428,0.03532580
516.68087596,0.02634651
516.90588100,0.03087753
517.13089941,0.02957409
517.35593118,0.03069133
517.58097631,0.02748444
517.80603479,0.03029822
518.03110663,0.02512582
518.25619181,0.02659478
518.48129034,0.02237410
518.70640222,0.02969822
518.93152743,0.02866374
519.15666598,0.03187063
519.38181787,0.02707064
519.60698310,0.03102236
519.83216165,0.02845685
520.05735353,0.02454651
520.28255873,0.02663616
520.50777726,0.02833271
520.73300910,0.03056719
520.95825426,0.03271891
521.18351273,0.03449822
521.40878452,0.03675338
521.63406961,0.03443615
521.85936801,0.03350511
522.08467971,0.03197408
522.31000471,0.02827064
522.53534300,0.03292581
522.76069459,0.03623614
522.98605947,0.03867752
523.21143764,0.03731200
523.43682910,0.04033269
523.66223383,0.03737407
523.88765185,0.03822235
524.11308315,0.03931890
524.33852772,0.04314648
524.56398556,0.04004303
524.78945667,0.04515337
525.01494104,0.04449130
525.24043868,0.04515337
525.46594959,0.04629130
525.69147374,0.05419473
525.91701116,0.04838095
526.14256182,0.04742923
526.36812574,0.04701544
526.59370290,0.04755337
526.81929331,0.04682923
527.04489696,0.04904302
527.27051384,0.04836026
527.49614396,0.04898095
527.72178732,0.04796716
527.94744390,0.04862923
528.17311372,0.04761544
528.39879675,0.05357405
528.62449301,0.04893957
528.85020249,0.05473266
529.07592518,0.05423611
529.30166109,0.05307749
529.52741021,0.05903611
529.75317254,0.06358782
529.97894807,0.05504301
530.20473680,0.06100162
530.43053874,0.06168438
530.65635387,0.06809816
530.88218219,0.06156024
531.10802371,0.06507747
531.33387841,0.06764299
531.55974630,0.06356713
531.78562738,0.06309127
532.01152163,0.06416713
532.23742906,0.05858093
532.46334967,0.05951197
532.68928344,0.05754645
532.91523039,0.05678094
533.14119051,0.06145679
533.36716378,0.05522922
533.59315022,0.05704990
533.81914982,0.05316025
534.04516257,0.06383610
534.27118847,0.05690507
534.49722752,0.05371887
534.72327973,0.05562232
534.94934507,0.05651197
535.17542356,0.05994645
535.40151518,0.05949128
535.62761994,0.05233267
535.85373784,0.05204301
536.07986886,0.06071196
536.30601301,0.05138095
536.53217029,0.05692576
536.75834069,0.05117405
536.98452420,0.05516715
537.21072084,0.05996714
537.43693059,0.06067059
537.66315345,0.05858093
537.88938941,0.06344299
538.11563848,0.06396023
538.34190066,0.06484989
538.56817593,0.06358782
538.79446431,0.06596713
539.02076577,0.06778781
539.24708033,0.07242229
539.47340798,0.07293953
539.69974871,0.07186367
539.92610252,0.07134643
540.15246942,0.06962919
540.37884939,0.07411884
540.60524244,0.08260158
540.83164856,0.07666366
541.05806775,0.08009814
541.28450001,0.07989124
541.51094533,0.08291193
541.73740371,0.08150503
541.96387515,0.07914642
542.19035965,0.07291884
542.41685719,0.07978779
542.64336779,0.08001538
542.86989144,0.08247744
543.09642813,0.06944298
543.32297786,0.07455332
543.54954063,0.07173953
543.77611643,0.07796711
544.00270527,0.07606366
544.22930714,0.07987055
544.45592204,0.07511194
544.68254996,0.07606366
544.90919091,0.07459470
545.13584487,0.07618780
545.36251185,0.07045678
545.58919184,0.06946367
545.81588485,0.07020850
546.04259086,0.06828437
546.26930988,0.06424989
546.49604191,0.07004298
546.72278693,0.06472575
546.94954495,0.06516023
547.17631596,0.06913264
547.40309997,0.06722919
547.62989696,0.06516023
547.85670694,0.07031195
548.08352991,0.07380849
548.31036585,0.06222231
548.53721477,0.06520161
548.76407667,0.06954643
548.99095154,0.06660851
549.21783938,0.06427058
549.44474018,0.06329817
549.67165395,0.06716713
549.89858069,0.06714644
550.12552038,0.06292575
550.35247302,0.06218093
550.57943862,0.06180851
550.80641717,0.06091886
551.03340866,0.06484989
551.26041310,0.06741540
551.48743048,0.06962919
551.71446081,0.07236022
551.94150406,0.07465677
552.16856025,0.07734642
552.39562937,0.08229124
552.62271142,0.07678780
552.84980640,0.08191882
553.07691429,0.08086365
553.30403511,0.08032572
553.53116884,0.08702916
553.75831549,0.08376020
553.98547505,0.08930502
554.21264752,0.08833261
554.43983289,0.08882916
554.66703116,0.09019467
554.89424234,0.09187053
555.12146641,0.09218088
555.34870338,0.08773261
555.57595324,0.09393949
555.80321599,0.09478777
556.03049162,0.09232570
556.25778014,0.08957398
556.48508154,0.09429122
556.71239582,0.09747742
556.93972297,0.09257398
557.16706300,0.08837399
557.39441589,0.08609813
557.62178165,0.09007053
557.84916028,0.08007745
558.07655177,0.08243606
558.30395611,0.08001538
558.53137331,0.08245675
558.75880337,0.08607744
558.98624627,0.08351192
559.21370202,0.07718090
559.44117062,0.07486366
559.66865206,0.07740849
559.89614634,0.06979471
560.12365345,0.06927747
560.35117340,0.06749816
560.57870618,0.06789126
560.80625179,0.06255334
561.03381022,0.06534644
561.26138148,0.06352575
561.48896555,0.06522230
561.71656244,0.06191196
561.94417215,0.06197403
562.17179467,0.05895335
562.39942999,0.05791887
562.62707812,0.05895335
562.85473906,0.06371196
563.08241279,0.06267748
563.31009933,0.05696714
563.53779866,0.06480851
563.76551078,0.06071196
563.99323568,0.05940852
564.22097338,0.06290506
564.44872386,0.06054645
564.67648712,0.06855333
564.90426316,0.06667057
565.13205197,0.06470506
565.35985356,0.06602920
565.58766792,0.07039471
565.81549504,0.07434642
566.04333493,0.07457401
566.27118758,0.06633954
566.49905298,0.06892574
566.72693115,0.06900850
566.95482207,0.07238091
567.18272573,0.06689816
567.41064215,0.07213263
567.63857131,0.07186367
567.86651321,0.07618780
568.09446785,0.07037402
568.32243523,0.07513263
568.55041534,0.07430504
568.77840819,0.07732573
569.00641376,0.07583608
569.23443206,0.07492573
569.46246308,0.07689125
569.69050682,0.07749125
569.91856327,0.08328434
570.14663244,0.07966366
570.37471433,0.08167055
570.60280892,0.08301537
570.83091622,0.08146365
571.05903622,0.08556020
571.28716892,0.08928433
571.51531432,0.09036019
571.74347241,0.09261536
571.97164320,0.08802226
572.19982667,0.08899467
572.42802284,0.08930502
572.65623168,0.09093950
572.88445321,0.09536708
573.11268742,0.08963605
573.34093430,0.09156019
573.56919385,0.09528432
573.79746608,0.09847052
574.02575097,0.10250500
574.25404853,0.10473947
574.48235874,0.10624982
574.71068162,0.10519465
574.93901715,0.10447051
575.16736534,0.10823602
575.39572618,0.10800843
575.62409966,0.10695326
575.85248579,0.10856705
576.08088456,0.10612568
576.30929597,0.10982912
576.53772002,0.11104981
576.76615671,0.11183601
576.99460602,0.11351187
577.22306796,0.11678083
577.45154253,0.11918083
577.68002972,0.11944979
577.90852953,0.11682221
578.13704196,0.11303601
578.36556700,0.11713256
578.59410465,0.12124979
578.82265492,0.12520151
579.05121779,0.12410496
579.27979326,0.11856014
579.50838133,0.12460151
579.73698201,0.11934635
579.96559527,0.12408427
580.19422113,0.12240841
580.42285958,0.11665670
580.65151062,0.11893255
580.88017424,0.11342911
581.10885044,0.10984981
581.33753922,0.11547739
581.56624057,0.10908429
581.79495450,0.10924981
582.02368100,0.10364292
582.25242007,0.10413948
582.48117170,0.10972567
582.70993589,0.11164981
582.93871264,0.11123602
583.16750195,0.11007740
583.39630381,0.09952569
583.62511822,0.10267051
583.85394518,0.10304293
584.08278469,0.10759464
584.31163674,0.10720154
584.54050133,0.10424292
584.76937845,0.11129808
584.99826811,0.11384291
585.22717030,0.11181532
585.45608502,0.11049119
585.68501226,0.12336013
585.91395203,0.12418772
586.14290432,0.12487047
586.37186912,0.12232565
586.60084644,0.12590496
586.82983628,0.12954633
587.05883862,0.12942219
587.28785347,0.13279460
587.51688082,0.13881528
587.74592067,0.12969116
587.97497302,0.13000150
588.20403787,0.12360841
588.43311520,0.13341529
588.66220503,0.13649804
588.89130735,0.14020148
589.12042215,0.13691183
589.34954943,0.14429803
589.57868919,0.13664287
589.80784142,0.14084286
590.03700613,0.14140148
590.26618331,0.14313941
590.49537296,0.14204286
590.72457507,0.13484287
590.95378964,0.13509115
591.18301667,0.13362218
591.41225616,0.14332561
591.64150811,0.13811183
591.87077250,0.14363596
592.10004934,0.13840149
592.32933863,0.13898079
592.55864036,0.13370494
592.78795453,0.12911185
593.01728114,0.13308425
593.24662018,0.13411873
593.47597165,0.13782218
593.70533555,0.13718080
593.93471188,0.13854631
594.16410063,0.13641528
594.39350180,0.13360149
594.62291539,0.13093253
594.85234140,0.13476011
595.08177981,0.13956010
595.31123064,0.13217391
595.54069387,0.12782909
595.77016951,0.13459460
595.99965755,0.13053943
596.22915798,0.12967047
596.45867081,0.12387737
596.68819604,0.12704288
596.91773365,0.11781531
597.14728365,0.12058772
597.37684603,0.12133255
597.60642080,0.12027738
597.83600795,0.12880150
598.06560747,0.13399460
598.29521936,0.13233943
598.52484363,0.14204286
598.75448026,0.13916700
598.98412926,0.13984976
599.21379062,0.13153253
599.44346434,0.13724287
599.67315042,0.13049805
599.90284885,0.12967047
600.13255963,0.13182219
600.36228276,0.12567737
600.59201824,0.12491185
600.82176606,0.12151876
601.05152622,0.12898771
601.28129871,0.12120841
601.51108354,0.12739461
601.74088070,0.12230496
601.97069019,0.12847047
602.20051201,0.12915323
602.43034615,0.13496701
602.66019261,0.13395322
602.89005139,0.14425665
603.11992249,0.13937390
603.34980589,0.15106353
603.57970161,0.14891181
603.80960963,0.15205663
604.03952996,0.15232560
604.26946259,0.16331179
604.49940751,0.16492558
604.72936474,0.16084972
604.95933425,0.16097386
605.18931606,0.16087041
605.41931015,0.16161524
605.64931653,0.16769799
605.87933519,0.16546351
606.10936612,0.16898074
606.33940934,0.17287039
606.56946483,0.18722899
606.79953259,0.19451173
607.02961261,0.20347034
607.25970490,0.21238756
607.48980946,0.22461513
607.71992627,0.22645651
607.95005534,0.24007028
608.18019667,0.25355991
608.41035024,0.26487713
608.64051607,0.27677366
608.87069414,0.29181501
609.10088445,0.29891155
609.33108700,0.31401498
609.56130179,0.32117358
609.79152882,0.34616664
610.02176808,0.35628387
610.25201956,0.35615973
610.48228328,0.36340110
610.71255921,0.36621489
610.94284737,0.38471141
611.17314775,0.38183555
611.40346034,0.36640109
611.63378514,0.36524247
611.86412215,0.34577354
612.09447137,0.33698045
612.32483280,0.33054598
612.55520642,0.31370463
612.78559225,0.29276674
613.01599027,0.27195298
613.24640048,0.26378058
613.47682288,0.25651852
613.70725747,0.24969095
613.93770425,0.22827719
614.16816321,0.22345651
614.39863434,0.21929790
614.62911766,0.21733238
614.85961314,0.21449791
615.09012080,0.21338067
615.32064063,0.20802206
615.55117262,0.20630482
615.78171677,0.20342896
616.01227308,0.19442898
616.24284156,0.18799450
616.47342218,0.18253244
616.70401496,0.18513934
616.93461988,0.17136005
617.16523695,0.16604282
617.39586617,0.15404284
617.62650752,0.15189112
617.85716101,0.14510492
618.08782664,0.13757390
618.31850440,0.12958771
618.54919429,0.12683599
618.77989630,0.12151876
619.01061044,0.11262222
619.24133670,0.10769809
619.47207508,0.10587740
619.70282557,0.09925673
619.93358818,0.09818087
620.16436289,0.09029812
620.39514972,0.09383605
620.62594864,0.08036710
620.85675967,0.08026365
621.08758280,0.07974641
621.31841802,0.07186367
621.54926534,0.07200850
621.78012475,0.06909126
622.01099624,0.06445679
622.24187982,0.06547058
622.47277549,0.06323610
622.70368323,0.06418782
622.93460305,0.05686370
623.16553494,0.05940852
623.39647890,0.05253956
623.62743493,0.05591197
623.85840303,0.05253956
624.08938319,0.05102922
624.32037541,0.05396715
624.55137968,0.05580852
624.78239602,0.04833957
625.01342440,0.04788440
625.24446483,0.04651889
625.47551731,0.04811199
625.70658183,0.04606371
625.93765839,0.05026371
626.16874699,0.05429818
626.39984763,0.04612578
626.63096029,0.05016026
626.86208499,0.05413267
627.09322171,0.05258094
627.32437046,0.05996714
627.55553123,0.06199472
627.78670401,0.06640161
628.01788882,0.07153264
628.24908563,0.07637401
628.48029446,0.07455332
628.71151529,0.07875331
628.94274813,0.08394641
629.17399296,0.09304984
629.40524980,0.09193260
629.63651863,0.09797397
629.86779946,0.10351879
630.09909228,0.10807050
630.33039709,0.11320153
630.56171388,0.12247048
630.79304265,0.12244979
631.02438340,0.12143600
631.25573613,0.13006357
631.48710084,0.13204977
631.71847751,0.13972562
631.94986615,0.15127043
632.18126676,0.15917386
632.41267933,0.16960143
632.64410387,0.16989109
632.87554035,0.17971866
633.10698880,0.18002900
633.33844919,0.17942900
633.56992154,0.19008416
633.80140583,0.19250484
634.03290207,0.19182208
634.26441024,0.18524278
634.49593035,0.18762209
634.72746240,0.19434622
634.95900638,0.19709794
635.19056229,0.20411172
635.42213013,0.21656687
635.65370989,0.22736685
635.88530158,0.22889788
636.11690518,0.23276684
636.34852069,0.24356682
636.58014812,0.26111162
636.81178746,0.27404263
637.04343871,0.28238055
637.27510187,0.28130469
637.50677692,0.28788399
637.73846387,0.28856674
637.97016272,0.30093914
638.20187347,0.31159429
638.43359610,0.29378053
638.66533062,0.28207020
638.89707703,0.28118055
639.12883532,0.27369091
639.36060549,0.27791159
639.59238754,0.28128547
639.82418146,0.28635451
640.05598725,0.27675353
640.28780491,0.26195825
640.51963444,0.26798980
640.75147583,0.25246279
640.98332908,0.25595600
641.21519419,0.25501338
641.44707115,0.24756799
641.67895997,0.24001910
641.91086063,0.23008204
642.14277314,0.22522794
642.37469750,0.21789942
642.60663369,0.22017201
642.83858172,0.21275762
643.07054159,0.21061237
643.30251329,0.20005181
643.53449683,0.19988788
643.76649218,0.19847519
643.99849937,0.19504222
644.23051837,0.19879615
644.46254919,0.18925771
644.69459183,0.19321382
644.92664628,0.18643066
645.15871254,0.18501508
645.39079061,0.17600063
645.62288049,0.17849947
645.85498217,0.16616115
646.08709564,0.16356889
646.31922091,0.15874395
646.55135798,0.15687064
646.78350684,0.15690495
647.01566748,0.15350970
647.24783991,0.14478233
647.48002413,0.14757367
647.71222012,0.15347805
647.94442789,0.15352082
648.17664744,0.15697237
648.40887875,0.15444609
648.64112184,0.14956784
648.87337669,0.14628614
649.10564331,0.13977330
649.33792168,0.14762884
649.57021181,0.14589759
649.80251370,0.14333632
650.03482734,0.14056254
650.26715273,0.14188308
650.49948987,0.13772149
650.73183875,0.13674807
650.96419937,0.13315899
651.19657173,0.12914276
651.42895582,0.12640028
651.66135165,0.12960958
651.89375921,0.12429270
652.12617849,0.13622058
652.35860950,0.13911601
652.59105224,0.13785547
652.82350669,0.13978151
653.05597285,0.14287763
653.28845073,0.14202215
653.52094032,0.14217359
653.75344162,0.14878088
653.98595462,0.15281829
654.21847933,0.14899245
654.45101573,0.14694768
654.68356383,0.15751783
654.91612363,0.15715605
655.14869511,0.15030278
655.38127829,0.15984518
655.61387315,0.15720256
655.84647969,0.15252327
656.07909792,0.15728047
656.31172782,0.15852797
656.54436939,0.14997161
656.77702264,0.15378972
657.00968756,0.15909400
657.24236414,0.16089376
657.47505238,0.17163610
657.70775229,0.16152929
657.94046385,0.16722268
658.17318707,0.16568652
658.40592195,0.16190358
658.63866847,0.16223714
658.87142663,0.16584268
659.10419645,0.16249750
659.33697790,0.16018333
659.56977099,0.16628485
659.80257572,0.16429207
660.03539208,0.16431634
660.26822007,0.16417615
660.50105969,0.16423379
660.73391093,0.16779303
660.96677380,0.16289337
661.19964828,0.16418388
661.43253438,0.16355022
661.66543209,0.15808146
661.89834142,0.16317102
662.13126235,0.15872031
662.36419489,0.15969027
662.59713903,0.17430152
662.83009477,0.16878153
663.06306210,0.16705457
663.29604103,0.18041629
663.52903155,0.18284698
663.76203367,0.17648587
663.99504736,0.17442800
664.22807264,0.17666159
664.46110950,0.17064266
664.69415794,0.17506591
664.92721795,0.17099508
665.16028953,0.16736190
665.39337269,0.17162681
665.62646740,0.16933254
665.85957369,0.16743826
666.09269153,0.16131695
666.32582093,0.16441747
666.55896189,0.16701160
666.79211440,0.16887730
667.02527846,0.17212557
667.25845406,0.16418075
667.49164121,0.15991869
667.72483991,0.15886352
667.95805014,0.16548420
668.19127190,0.16444972
668.42450520,0.15793249
668.65775003,0.15482904
668.89100639,0.16022903
669.12427427,0.16188420
669.35755368,0.15888421
669.59084460,0.15511870
669.82414704,0.16564971
670.05746099,0.16269110
670.29078646,0.15983593
670.52412343,0.15416698
670.75747191,0.15503594
670.99083189,0.15753938
671.22420337,0.15576008
671.45758635,0.15917386
671.69098082,0.15917386
671.92438678,0.15751869
672.15780424,0.16082903
672.39123317,0.15592559
672.62467360,0.15580146
672.85812550,0.15174629
673.09158888,0.15702214
673.32506373,0.14419458
673.55855006,0.14516699
673.79204785,0.14030493
674.02555712,0.13918769
674.25907784,0.14018079
674.49261003,0.14535320
674.72615367,0.14206355
674.95970878,0.14905664
675.19327533,0.14839457
675.42685333,0.15646352
675.66044278,0.15228422
675.89404368,0.16074627
676.12765601,0.15822214
676.36127979,0.16213248
676.59491500,0.16571178
676.82856165,0.16039455
677.06221972,0.15617387
677.29588922,0.15931869
677.52957015,0.15393939
677.76326250,0.15584283
677.99696627,0.15325663
678.23068146,0.15617387
678.46440806,0.16248420
678.69814607,0.14916009
678.93189549,0.14804285
679.16565631,0.15445663
679.39942854,0.14109114
679.63321217,0.15048422
679.86700720,0.14717388
680.10081361,0.14287044
680.33463143,0.14078079
680.56846063,0.14177389
680.80230121,0.14384286
681.03615318,0.14793940
681.27001653,0.14969802
681.50389126,0.15718766
681.73777736,0.15762214
681.97167484,0.14940836
682.20558368,0.15513939
682.43950390,0.15838766
682.67343547,0.15683594
682.90737841,0.16149110
683.14133270,0.15739456
683.37529836,0.15244974
683.60927536,0.15085664
683.84326371,0.15468422
684.07726341,0.15693938
684.31127446,0.15484973
684.54529685,0.16142903
684.77933057,0.16496696
685.01337564,0.16908419
685.24743203,0.18050486
685.48149976,0.19217381
685.71557881,0.20587033
685.94966919,0.21536687
686.18377090,0.22575306
686.41788392,0.23373925
686.65200826,0.23733925
686.88614391,0.24160131
687.12029088,0.24520130
687.35444915,0.23551856
687.58861873,0.23928407
687.82279961,0.22767719
688.05699179,0.22314617
688.29119527,0.21046343
688.52541004,0.21404273
688.75963611,0.20882895
688.99387346,0.21180826
689.22812210,0.20967722
689.46238203,0.21406342
689.69665323,0.21137377
689.93093571,0.22147031
690.16522947,0.22587720
690.39953450,0.22401513
690.63385080,0.22869099
690.86817837,0.23779442
691.10251720,0.24720819
691.33686730,0.24607027
691.57122865,0.24973233
691.80560125,0.25144957
692.03998511,0.25062198
692.27438023,0.25738749
692.50878658,0.25095302
692.74320419,0.24981509
692.97763303,0.25248405
693.21207312,0.25873231
693.44652444,0.25724266
693.68098699,0.26510472
693.91546077,0.26469092
694.14994579,0.26119438
694.38444203,0.25867024
694.61894949,0.27000816
694.85346817,0.28103572
695.08799806,0.28473916
695.32253918,0.27375298
695.55709150,0.27813918
695.79165503,0.28529778
696.02622977,0.29071846
696.26081571,0.28418054
696.49541285,0.27689780
696.73002119,0.27009091
696.96464072,0.27081505
697.19927145,0.27321505
697.43391336,0.26042886
697.66856647,0.25378749
697.90323075,0.25010474
698.13790622,0.24567716
698.37259286,0.25198750
698.60729068,0.25153232
698.84199967,0.25960128
699.07671984,0.26549782
699.31145117,0.27081505
699.54619366,0.28225641
699.78094731,0.27884262
700.01571213,0.29967707
700.25048810,0.30909085
700.48527522,0.32833219
700.72007349,0.32824943
700.95488292,0.33702183
701.18970348,0.34447010
701.42453519,0.34415975
701.65937804,0.34436665
701.89423202,0.34577354
702.12909714,0.34544251
702.36397339,0.34908388
702.59886077,0.34318734
702.83375927,0.33085633
703.06866889,0.32469082
703.30358964,0.31864945
703.53852150,0.30311155
703.77346448,0.29318053
704.00841857,0.27569780
704.24338376,0.27257367
704.47836007,0.26500127
704.71334748,0.25488404
704.94834598,0.24300820
705.18335559,0.23241512
705.41837629,0.22749099
705.65340808,0.22970478
705.88845096,0.22964271
706.12350493,0.24685647
706.35856998,0.24381510
706.59364612,0.24855302
706.82873333,0.25802887
707.06383161,0.26808402
707.29894097,0.27435298
707.53406141,0.29349087
707.76919290,0.30592533
708.00433546,0.32551840
708.23948909,0.33784942
708.47465377,0.34422182
708.70982951,0.34579423
708.94501630,0.36075283
709.18021414,0.34846319
709.41542303,0.35036664
709.65064297,0.34008390
709.88587395,0.33604942
710.12111597,0.32193910
710.35636902,0.30991843
710.59163311,0.30149776
710.82690823,0.29502191
711.06219437,0.28442882
711.29749155,0.27838745
711.53279974,0.26642885
711.76811896,0.27073229
712.00344920,0.26438058
712.23879044,0.27056677
712.47414270,0.27263574
712.70950597,0.27048402
712.94488025,0.27323574
713.18026553,0.28800812
713.41566181,0.28215296
713.65106908,0.28935295
713.88648736,0.30040121
714.12191662,0.29394604
714.35735688,0.28298055
714.59280812,0.29059433
714.82827034,0.29040812
715.06374355,0.28819433
715.29922774,0.29347018
715.53472290,0.29313915
715.77022903,0.28064262
716.00574614,0.28548399
716.24127421,0.28014607
716.47681324,0.26940816
716.71236324,0.26622195
716.94792420,0.25935300
717.18349611,0.24805647
717.41907898,0.24673233
717.65467280,0.22984960
717.89027757,0.23435994
718.12589328,0.22885650
718.36151993,0.21387722
718.59715752,0.21300825
718.83280605,0.20897378
719.06846552,0.19910483
719.30413591,0.20423585
719.53981724,0.20171172
719.77550949,0.20100827
720.01121266,0.20558068
720.24692676,0.20642895
720.48265177,0.21002895
720.71838769,0.21530480
720.95413453,0.20704964
721.18989228,0.21528411
721.42566093,0.20982205
721.66144049,0.21327722
721.89723095,0.20965654
722.13303231,0.21851169
722.36884456,0.21985652
722.60466770,0.22867030
722.84050173,0.22910478
723.07634666,0.23353236
723.31220246,0.23189788
723.54806915,0.22364272
723.78394671,0.22022893
724.01983515,0.21724963
724.25573447,0.21213929
724.49164465,0.21669101
724.72756571,0.21416687
724.96349762,0.21714618
725.19944040,0.22279444
725.43539404,0.22620823
725.67135854,0.21753928
725.90733388,0.22267031
726.14332008,0.22802892
726.37931713,0.22480134
726.61532503,0.22482203
726.85134376,0.22324962
727.08737334,0.21991859
727.32341375,0.21830480
727.55946500,0.21619445
727.79552708,0.22204962
728.03159998,0.22461513
728.26768372,0.22089100
728.50377827,0.23183581
728.73988365,0.23198063
728.97599985,0.22811168
729.21212686,0.24321510
729.44826468,0.24232544
729.68441331,0.24671164
729.92057275,0.24482889
730.15674299,0.24909095
730.39292403,0.26204265
730.62911587,0.25076681
730.86531851,0.24118752
731.10153194,0.23078064
731.33775616,0.21652549
731.57399117,0.20212551
731.81023696,0.18062900
732.04649353,0.17746349
732.28276088,0.16389110
732.51903901,0.15944283
732.75532791,0.15369111
732.99162758,0.15085664
733.22793802,0.14812561
733.46425923,0.14444285
733.70059119,0.13956010
733.93693392,0.13204977
734.17328740,0.13022909
734.40965164,0.13058081
734.64602662,0.12263600
734.88241236,0.12853254
735.11880884,0.12898771
735.35521607,0.12944288
735.59163403,0.13250494
735.82806273,0.13976700
736.06450217,0.14779457
736.30095234,0.15300836
736.53741323,0.16289800
736.77388486,0.18780830
737.01036720,0.19651863
737.24686027,0.21027722
737.48336406,0.21998066
737.71987856,0.24106338
737.95640377,0.26667713
738.19293969,0.27540815
738.42948632,0.28618744
738.66604365,0.29191846
738.90261169,0.29587018
739.13919042,0.30673223
739.37577985,0.31473911
739.61237997,0.31924945
739.84899078,0.31291843
740.08561228,0.31600118
740.32224446,0.30482878
740.55888732,0.29477363
740.79554087,0.28198744
741.03220509,0.27495297
741.26887998,0.26034610
741.50556555,0.25403577
741.74226178,0.23965648
741.97896868,0.23407029
742.21568624,0.21600825
742.45241446,0.20516689
742.68915333,0.20315999
742.92590286,0.19864966
743.16266304,0.19262898
743.39943387,0.18787037
743.63621535,0.19004278
743.87300747,0.18191176
744.10981023,0.17930486
744.34662363,0.17736004
744.58344766,0.18727037
744.82028232,0.18273934
745.05712761,0.18087727
745.29398353,0.17818762
745.53085007,0.17320143
745.76772724,0.18182900
746.00461502,0.16794626
746.24151341,0.16277386
746.47842242,0.15538766
746.71534204,0.16027041
746.95227227,0.16016697
747.18921310,0.16060145
747.42616453,0.16498765
747.66312656,0.17173246
747.90009918,0.16711868
748.13708240,0.17065660
748.37407621,0.17659452
748.61108061,0.18182900
748.84809559,0.18489106
749.08512115,0.18522209
749.32215730,0.17934624
749.55920401,0.18079452
749.79626131,0.18636002
750.03332917,0.18689795
750.27040760,0.18640140
750.50749660,0.19382898
750.74459616,0.18880140
750.98170628,0.18938071
751.21882695,0.18784968
751.45595818,0.18640140
751.69309997,0.19707725
751.93025230,0.19767725
752.16741517,0.20593240
752.40458859,0.21031860
752.64177256,0.20417379
752.87896705,0.21302894
753.11617209,0.22213238
753.35338765,0.22022893
753.59061374,0.23069788
753.82785037,0.23164960
754.06509751,0.23924269
754.30235518,0.24385648
754.53962336,0.24604958
754.77690206,0.25393232
755.01419127,0.25664266
755.25149099,0.26409092
755.48880122,0.26396679
755.72612195,0.26458747
755.96345319,0.25482197
756.20079492,0.24931854
756.43814715,0.24011165
756.67550987,0.24414613
756.91288309,0.24029786
757.15026679,0.23764959
757.38766097,0.23357374
757.62506564,0.23578752
757.86248079,0.23146339
758.09990641,0.21991859
758.33734251,0.22233927
758.57478908,0.22122203
758.81224612,0.23135995
759.04971362,0.22256686
759.28719159,0.21298756
759.52468001,0.19215312
759.76217889,0.19500828
759.99968823,0.18083590
760.23720802,0.17438073
760.47473826,0.16538075
760.71227894,0.16593937
760.94983007,0.15727042
761.18739164,0.15323594
761.42496364,0.14338768
761.66254608,0.14831181
761.90013895,0.14717388
762.13774226,0.15573939
762.37535598,0.15178767
762.61298014,0.14742216
762.85061471,0.14903595
763.08825970,0.16293937
763.32591511,0.16130489
763.56358093,0.15580146
763.80125716,0.16742902
764.03894380,0.17175315
764.27664084,0.17742211
764.51434829,0.17876693
764.75206613,0.18002900
764.98979437,0.17576694
765.22753300,0.17260143
765.46528203,0.17895314
765.70304144,0.18207727
765.94081124,0.18124969
766.17859142,0.18582209
766.41638197,0.19147036
766.65418291,0.18476692
766.89199422,0.19006347
767.12981590,0.18513934
767.36764795,0.18327727
767.60549036,0.18509796
767.84334314,0.19128415
768.08120628,0.18474623
768.31907977,0.17978072
768.55696362,0.18528416
768.79485782,0.18019452
769.03276238,0.17355315
769.27067727,0.17347039
769.50860251,0.16492558
769.74653809,0.16976695
769.98448401,0.17448418
770.22244027,0.17154626
770.46040685,0.18093934
770.69838377,0.18213934
770.93637101,0.18933933
771.17436858,0.19093243
771.41237647,0.20251862
771.65039468,0.21578066
771.88842320,0.21184963
772.12646204,0.21315308
772.36451118,0.21114619
772.60257064,0.20446344
772.84064039,0.19761518
773.07872045,0.19889793
773.31681081,0.19364277
773.55491147,0.19111864
773.79302242,0.19157381
774.03114366,0.18522209
774.26927519,0.17618073
774.50741700,0.17750487
774.74556910,0.17018074
774.98373147,0.17078074
775.22190413,0.17001522
775.46008705,0.17160832
775.69828025,0.17164970
775.93648372,0.17938762
776.17469745,0.17297384
776.41292145,0.17847728
776.65115570,0.18553244
776.88940022,0.19310484
777.12765499,0.18344279
777.36592001,0.19395311
777.60419528,0.19130484
777.84248079,0.19533932
778.08077655,0.19275312
778.31908256,0.19645656
778.55739879,0.19273243
778.79572527,0.19949793
779.03406198,0.20295310
779.27240891,0.19927035
779.51076608,0.19322898
779.74913346,0.19887724
779.98751107,0.18950485
780.22589890,0.20541516
780.46429695,0.19316691
780.70270520,0.18089796
780.94112367,0.18023590
781.17955235,0.18524278
781.41799123,0.17783590
781.65644031,0.17717383
781.89489959,0.16893936
782.13336907,0.16668420
782.37184874,0.16000145
782.61033861,0.16138765
782.84883866,0.16604282
783.08734890,0.15435318
783.32586931,0.15586352
783.56439991,0.15336008
783.80294069,0.14777388
784.04149164,0.16016697
784.28005276,0.15710490
784.51862406,0.17218763
784.75720551,0.16798764
784.99579713,0.16411868
785.23439891,0.16320834
785.47301085,0.16209110
785.71163295,0.15898766
785.95026519,0.16000145
786.18890759,0.15143595
786.42756013,0.14733940
786.66622282,0.13862907
786.90489564,0.13637390
787.14357861,0.12491185
787.38227171,0.12418772
787.62097494,0.11754635
787.85968831,0.11798083
788.09841180,0.11510497
788.33714541,0.11636704
788.57588915,0.11673945
788.81464301,0.11593256
789.05340698,0.11746359
789.29218106,0.12100152
789.53096526,0.12480841
789.76975956,0.12516013
790.00856397,0.12838771
790.24737848,0.13883597
790.48620309,0.13931183
790.72503780,0.15604973
790.96388260,0.15443594
791.20273749,0.15962904
791.44160247,0.15660835
791.68047754,0.15487042
791.91936269,0.15718766
792.15825792,0.15942214
792.39716323,0.15549111
792.63607861,0.14980147
792.87500406,0.14918078
793.11393958,0.15586352
793.35288517,0.15576008
793.59184082,0.15352560
793.83080653,0.15304974
794.06978230,0.14944974
794.30876813,0.15747731
794.54776401,0.15145664
794.78676993,0.14618078
795.02578591,0.15441525
795.26481193,0.15731180
795.50384798,0.15400146
795.74289408,0.15002905
795.98195022,0.14742216
796.22101638,0.14746354
796.46009258,0.14473251
796.69917880,0.14328424
796.93827505,0.13937390
797.17738132,0.13527735
797.41649761,0.13548425
797.65562392,0.14353251
797.89476024,0.13995321
798.13390657,0.13976700
798.37306290,0.14148424
798.61222925,0.13542218
798.85140559,0.13583597
799.09059194,0.12768426
799.32978828,0.13964286
799.56899462,0.12735323
799.80821094,0.13347736
800.04743726,0.12673254
800.28667356,0.12696013
800.52591985,0.12611185
800.76517611,0.12482910
801.00444236,0.12662909
801.24371857,0.12143600
801.48300476,0.12437392
801.72230092,0.12007048
801.96160705,0.12064979
802.20092314,0.12654633
802.44024919,0.13182219
802.67958519,0.14328424
802.91893116,0.14061527
803.15828707,0.15031871
803.39765294,0.16068421
803.63702875,0.17214625
803.87641450,0.16836005
804.11581020,0.17818762
804.35521584,0.17976003
804.59463141,0.18296693
804.83405692,0.18253244
805.07349235,0.18416692
805.31293772,0.19128415
805.55239300,0.18720830
805.79185821,0.19285656
806.03133334,0.20555999
806.27081839,0.19840138
806.51031335,0.20142207
806.74981822,0.21222205
806.98933300,0.21338067
807.22885768,0.21375308
807.46839227,0.22027031
807.70793675,0.22287720
807.94749114,0.22130479
808.18705542,0.21635997
808.42662959,0.22215307
808.66621364,0.22192548
808.90580759,0.22262893
809.14541141,0.21551170
809.38502512,0.20479447
809.62464871,0.20299448
809.86428217,0.19670483
810.10392550,0.19426346
810.34357870,0.17971866
810.58324177,0.17138074
810.82291470,0.16056007
811.06259749,0.15131181
811.30229015,0.14291182
811.54199265,0.13004288
811.78170501,0.12017393
812.02142722,0.10792568
812.26115928,0.09956707
812.50090118,0.08874640
812.74065292,0.08156710
812.98041450,0.07571194
813.22018592,0.07724297
813.45996717,0.06609127
813.69975825,0.06621540
813.93955916,0.06259472
814.17936989,0.05971886
814.41919045,0.05365680
814.65902083,0.05891197
814.89886102,0.05016026
815.13871102,0.05115336
815.37857084,0.04852578
815.61844047,0.05311887
815.85831990,0.04966371
816.09820913,0.04916716
816.33810817,0.04728440
816.57801700,0.04809130
816.81793562,0.04800854
817.05786404,0.04962233
817.29780225,0.04360165
817.53775024,0.04500854
817.77770801,0.04864992
818.01767557,0.04482234
818.25765290,0.04875336
818.49764001,0.04898095
818.73763689,0.05214646
818.97764354,0.05440163
819.21765996,0.05659473
819.45768614,0.05396715
819.69772209,0.05591197
819.93776779,0.06100162
820.17782324,0.05907748
820.41788845,0.06276024
820.65796341,0.05692576
820.89804812,0.06036024
821.13814257,0.06290506
821.37824677,0.06745678
821.61836070,0.06431196
821.85848437,0.06942229
822.09861777,0.07922917
822.33876090,0.08601537
822.57891376,0.09017398
822.81907635,0.09532570
823.05924866,0.10492568
823.29943069,0.12046359
823.53962243,0.13656011
823.77982389,0.15238767
824.02003506,0.16968419
824.26025594,0.19345656
824.50048652,0.21797376
824.74072681,0.22273237
824.98097680,0.24691854
825.22123648,0.26088403
825.46150586,0.28794606
825.70178493,0.28922881
825.94207369,0.29723569
826.18237214,0.30818050
826.42268027,0.32053221
826.66299808,0.33021495
826.90332557,0.33201494
827.14366273,0.32320117
827.38400957,0.32334599
827.62436608,0.31649773
827.86473225,0.31633221
828.10510809,0.30563568
828.34549359,0.29390467
828.58588874,0.29127708
828.82629356,0.28289779
829.06670802,0.26564265
829.30713214,0.26562196
829.54756590,0.25256681
829.78800931,0.24979440
830.02846236,0.25920817
830.26892505,0.25618749
830.50939738,0.24911164
830.74987934,0.24416682
830.99037093,0.23398753
831.23087215,0.23411167
831.47138299,0.23390477
831.71190346,0.23262201
831.95243355,0.22440823
832.19297325,0.21782893
832.43352257,0.20655309
832.67408150,0.20889102
832.91465003,0.19722207
833.15522818,0.18416692
833.39581592,0.17924279
833.63641327,0.18069107
833.87702022,0.16769799
834.11763676,0.15518077
834.35826289,0.14911871
834.59889861,0.14531182
834.83954392,0.12830495
835.08019881,0.11771187
835.32086328,0.11129808
835.56153733,0.11140153
835.80222095,0.10180155
836.04291415,0.08841536
836.28361692,0.08477399
836.52432926,0.08049124
836.76505116,0.07757400
837.00578262,0.07773952
837.24652364,0.07356022
837.48727421,0.06520161
837.72803434,0.06383610
837.96880402,0.06385679
838.20958325,0.06145679
838.45037202,0.06019472
838.69117033,0.06191196
838.93197819,0.06408437
839.17279558,0.06329817
839.41362250,0.07058091
839.65445896,0.07053953
839.89530494,0.07740849
840.13616045,0.07405677
840.37702548,0.07668435
840.61790003,0.07854642
840.85878410,0.08473261
841.09967768,0.07796711
841.34058078,0.07807056
841.58149338,0.07324987
841.82241549,0.07635332
842.06334710,0.07031195
842.30428821,0.06855333
842.54523883,0.06801540
842.78619893,0.06609127
843.02716853,0.05980162
843.26814762,0.06166369
843.50913619,0.05537404
843.75013425,0.05899473
843.99114179,0.05671887
844.23215881,0.06050507
844.47318530,0.05450508
844.71422127,0.06352575
844.95526670,0.05762921
845.19632161,0.05971886
845.43738597,0.05196026
845.67845980,0.05895335
845.91954309,0.05858093
846.16063584,0.05849818
846.40173803,0.05827059
846.64284968,0.06592575
846.88397078,0.05994645
847.12510132,0.06706368
847.36624130,0.06923609
847.60739073,0.07269125
847.84854959,0.07509125
848.08971788,0.08007745
848.33089561,0.07960159
848.57208276,0.08541537
848.81327934,0.09640156
849.05448534,0.09925673
849.29570076,0.10161534
849.53692560,0.11018084
849.77815986,0.11390498
850.01940353,0.12338082
850.26065660,0.11862221
850.50191908,0.12671185
850.74319097,0.12869805
850.98447225,0.12927736
851.22576294,0.12766357
851.46706301,0.13519459
851.70837248,0.13716011
851.94969135,0.14502216
852.19101959,0.14251872
852.43235722,0.16000145
852.67370424,0.16668420
852.91506063,0.17357384
853.15642640,0.17814624
853.39780154,0.17866349
853.63918605,0.18458072
853.88057992,0.18141520
854.12198317,0.18331865
854.36339577,0.18127038
854.60481773,0.17930486
854.84624905,0.17853935
855.08768973,0.17584970
855.32913975,0.16755316
855.57059912,0.16755316
855.81206784,0.16473937
856.05354590,0.15689801
856.29503330,0.15625663
856.53653004,0.15236698
856.77803611,0.14928423
857.01955151,0.14107045
857.26107624,0.16403592
857.50261030,0.13356011
857.74415367,0.12975322
857.98570637,0.11491877
858.22726839,0.11518773
858.46883972,0.10889809
858.71042037,0.11206360
858.95201032,0.10442913
859.19360958,0.10058086
859.43521814,0.09664983
859.67683601,0.09276018
859.91846317,0.10912567
860.16009963,0.09213950
860.40174538,0.08862226
860.64340042,0.09067053
860.88506474,0.08986364
861.12673835,0.08971881
861.36842125,0.08344986
861.61011342,0.08849812
861.85181487,0.08733950
862.09352559,0.09062915
862.33524558,0.09290501
862.57697484,0.08800157
862.81871336,0.08949123
863.06046114,0.09484984
863.30221819,0.09222225
863.54398449,0.09623604
863.78576004,0.09544984
864.02754485,0.09402225
864.26933890,0.09474639
864.51114220,0.09549121
864.75295474,0.09631880
864.99477653,0.10531878
865.23660755,0.09847052
865.47844780,0.09427053
865.72029728,0.09182915
865.96215600,0.09031881
866.20402394,0.08725675
866.44590110,0.08775330
866.68778748,0.08063607
866.92968308,0.07862917
867.17158790,0.08040848
867.41350193,0.08239469
867.65542516,0.08107055
867.89735761,0.08173262
868.13929926,0.07898090
868.38125011,0.08216710
868.62321015,0.07947745
868.86517940,0.08094641
869.10715783,0.07639470
869.34914546,0.07883607
869.59114227,0.08574640
869.83314827,0.08276710
870.07516344,0.08407054
870.31718780,0.07492573
870.55922133,0.08593261
870.80126404,0.08953260
871.04331592,0.08796019
871.28537696,0.08402917
871.52744717,0.07972572
871.76952655,0.07910504
872.01161508,0.08822916
872.25371277,0.08959467
872.49581961,0.09135329
872.73793560,0.08980157
872.98006075,0.08485675
873.22219503,0.08746364
873.46433846,0.09263605
873.70649103,0.09381536
873.94865274,0.08634640
874.19082358,0.09004984
874.43300356,0.09029812
874.67519266,0.09255329
874.91739089,0.09114639
875.15959824,0.08580847
875.40181471,0.07796711
875.64404031,0.07989124
875.88627501,0.07368436
876.12851883,0.07631194
876.37077176,0.07622918
876.61303379,0.06749816
876.85530493,0.06971195
877.09758517,0.06549127
877.33987451,0.06586368
877.58217294,0.06762230
877.82448047,0.07016712
878.06679709,0.07453263
878.30912279,0.07128436
878.55145758,0.07496711
878.79380145,0.07796711
879.03615440,0.07682918
879.27851643,0.08024297
879.52088753,0.08158779
879.76326770,0.07823607
880.00565694,0.08632571
880.24805524,0.08485675
880.49046260,0.08808433
880.73287903,0.08709123
880.97530451,0.09236708
881.21773905,0.09009122
881.46018264,0.08676020
881.70263527,0.09594639
881.94509695,0.09201536
882.18756768,0.09286363
882.43004744,0.09691880
882.67253625,0.09869811
882.91503409,0.09102226
883.15754095,0.09009122
883.40005685,0.08882916
883.64258178,0.09100157
883.88511573,0.08785675
884.12765869,0.08961536
884.37021068,0.08539468
884.61277168,0.08266365
884.85534170,0.07724297
885.09792072,0.07335332
885.34050876,0.06789126
885.58310579,0.06983609
885.82571183,0.06516023
886.06832686,0.06160162
886.31095090,0.06468437
886.55358392,0.06199472
886.79622594,0.05373956
887.03887694,0.05102922
887.28153693,0.05049129
887.52420589,0.05361542
887.76688384,0.04927060
888.00957077,0.04527751
888.25226667,0.04149131
888.49497154,0.04461544
888.73768537,0.04411889
888.98040818,0.04076717
889.22313994,0.04020855
889.46588067,0.04343613
889.70863035,0.03789131
889.95138899,0.03733269
890.19415657,0.03958786
890.43693311,0.03753959
890.67971859,0.03716718
890.92251302,0.03286374
891.16531639,0.03611201
891.40812869,0.03327753
891.65094993,0.03139477
891.89378010,0.03673270
892.13661920,0.03406373
892.37946723,0.03803614
892.62232418,0.03470511
892.86519005,0.04064303
893.10806484,0.04126372
893.35094854,0.04426372
893.59384116,0.03832580
893.83674269,0.04571199
894.07965312,0.04596027
894.32257246,0.04958095
894.56550070,0.04765681
894.80843784,0.05618094
895.05138388,0.05032578
895.29433881,0.05570508
895.53730263,0.05338784
895.78027533,0.05649128
896.02325692,0.05454646
896.26624740,0.05450508
896.50924675,0.05884990
896.75225498,0.05973955
896.99527208,0.05806369
897.23829806,0.05909817
897.48133290,0.06158093
897.72437661,0.05957404
897.96742918,0.05603611
898.21049061,0.05591197
898.45356090,0.05653266
898.69664005,0.06000852
898.93972804,0.05382232
899.18282488,0.06019472
899.42593057,0.06029817
899.66904511,0.05514646
899.91216848,0.05909817
900.15530069,0.05725680
900.39844174,0.05920162
900.64159162,0.05502232
900.88475033,0.05736025
901.12791786,0.06391886
901.37109422,0.06329817
901.61427940,0.06331886
901.85747340,0.06911195
902.10067621,0.07031195
902.34388784,0.07593952
902.58710827,0.07391194
902.83033752,0.07622918
903.07357557,0.08318089
903.31682242,0.08121538
903.56007807,0.08138089
903.80334251,0.08630502
904.04661575,0.08498089
904.28989778,0.08773261
904.53318860,0.09338087
904.77648820,0.08988433
905.01979659,0.09921535
905.26311375,0.09871880
905.50643969,0.09989810
905.74977441,0.10687051
905.99311789,0.10397396
906.23647015,0.10842223
906.47983117,0.10502913
906.72320095,0.10343603
906.96657950,0.10337396
907.20996680,0.10264982
907.45336285,0.10618775
907.69676766,0.09979466
907.94018122,0.10556706
908.18360352,0.10041534
908.42703457,0.10538085
908.67047435,0.09557397
908.91392288,0.09367053
909.15738014,0.09172570
909.40084613,0.09025674
909.64432085,0.09151881
909.88780430,0.09439466
910.13129648,0.09036019
910.37479737,0.08651192
910.61830699,0.08901536
910.86182531,0.08336710
911.10535236,0.07927055
911.34888811,0.08616020
911.59243257,0.07734642
911.83598573,0.07689125
912.07954760,0.07751194
912.32311816,0.08038779
912.56669743,0.08796019
912.81028538,0.08218779
913.05388203,0.08167055
913.29748736,0.08638778
913.54110138,0.07902228
913.78472408,0.08332572
914.02835547,0.08198089
914.27199552,0.08388434
914.51564426,0.07854642
914.75930166,0.07817400
915.00296774,0.07846366
915.24664247,0.08318089
915.49032588,0.07738780
915.73401794,0.07726366
915.97771866,0.07649814
916.22142803,0.08013952
916.46514606,0.08580847
916.70887274,0.08750502
916.95260806,0.07956021
917.19635202,0.08949123
917.44010463,0.08963605
917.68386588,0.09410501
917.92763576,0.09689811
918.17141427,0.10525672
918.41520141,0.11274636
918.65899718,0.11713256
918.90280158,0.12294634
919.14661459,0.12642220
919.39043623,0.12516013
919.63426648,0.12772564
919.87810534,0.13039460
920.12195281,0.13991183
920.36580890,0.13451184
920.60967358,0.14665664
920.85354687,0.14593251
921.09742876,0.14436010
921.34131924,0.13848424
921.58521832,0.14229113
921.82912599,0.13387046
922.07304225,0.13051874
922.31696709,0.12164289
922.56090052,0.11353256
922.80484252,0.11088429
923.04879310,0.10372568
923.29275226,0.09615328
923.53671999,0.09176708
923.78069629,0.08160848
924.02468115,0.08311882
924.26867458,0.07277401
924.51267656,0.06588437
924.75668711,0.05944990
925.00070621,0.05591197
925.24473386,0.05264301
925.48877006,0.04953957
925.73281481,0.04496716
925.97686810,0.04213269
926.22092994,0.03633959
926.46500031,0.03516028
926.70907921,0.02665685
926.95316665,0.03042236
927.19726262,0.02715340
927.44136712,0.02572582
927.68548014,0.02129824
927.92960168,0.02423617
928.17373175,0.02016031
928.41787032,0.01773962
928.66201741,0.01966376
928.90617302,0.01788445
929.15033713,0.01571204
929.39450974,0.01691204
929.63869086,0.01740859
929.88288047,0.01624997
930.12707859,0.02136031
930.37128520,0.02359479
930.61550029,0.01757411
930.85972388,0.02446375
931.10395595,0.02293272
931.34819651,0.02506375
931.59244554,0.02824995
931.83670306,0.02895340
932.08096904,0.03197408
932.32524350,0.03468442
932.56952643,0.03869821
932.81381782,0.04289820
933.05811768,0.03977407
933.30242600,0.04993267
933.54674278,0.04366372
933.79106801,0.05175336
934.03540169,0.04666371
934.27974382,0.04945681
934.52409440,0.05392577
934.76845343,0.06108438
935.01282089,0.05384301
935.25719680,0.05572577
935.50158114,0.05936714
935.74597391,0.05504301
935.99037511,0.05349129
936.23478474,0.05413267
936.47920279,0.05164991
936.72362927,0.06290506
936.96806417,0.05514646
937.21250748,0.06069127
937.45695920,0.05876714
937.70141934,0.05104991
937.94588788,0.04960164
938.19036483,0.04569130
938.43485019,0.05355336
938.67934394,0.04567061
938.92384608,0.04753268
939.16835663,0.04796716
939.41287556,0.05034646
939.65740288,0.05636714
939.90193859,0.04854647
940.14648268,0.04875336
940.39103515,0.04428441
940.63559600,0.04693268
940.88016523,0.04116027
941.12474282,0.04296027
941.36932879,0.04411889
941.61392312,0.05100853
941.85852581,0.04711888
942.10313687,0.04341544
942.34775628,0.04283613
942.59238405,0.04120165
942.83702017,0.04227751
943.08166464,0.04318786
943.32631746,0.04504992
943.57097862,0.04347751
943.81564813,0.04405682
944.06032597,0.04389130
944.30501215,0.04459475
944.54970666,0.04711888
944.79440950,0.04262924
945.03912067,0.04144993
945.28384016,0.04864992
945.52856798,0.04058096
945.77330412,0.04043614
946.01804857,0.03497408
946.26280133,0.04012579
946.50756241,0.03873959
946.75233179,0.03704304
946.99710948,0.03458097
947.24189548,0.03735338
947.48668977,0.03315339
947.73149236,0.03909131
947.97630324,0.03296718
948.22112242,0.03747752
948.46594988,0.03367063
948.71078563,0.03199477
948.95562966,0.04064303
949.20048198,0.03377408
949.44534257,0.03201546
949.69021144,0.03292581
949.93508857,0.03495339
950.17997398,0.03427063
950.42486766,0.03083615
950.66976959,0.03497408
950.91467979,0.03344305
951.15959825,0.03269822
951.40452496,0.02868443
951.64945993,0.02864305
951.89440314,0.03193270
952.13935461,0.02609823
952.38431431,0.02698788
952.62928226,0.02082238
952.87425845,0.02123617
953.11924287,0.02496030
953.36423553,0.02049134
953.60923642,0.02024307
953.85424553,0.02133962
954.09926287,0.01684997
954.34428843,0.01631204
954.58932222,0.01347756
954.83436421,0.01664307
955.07941443,0.01511204
955.32447285,0.01171895
955.56953948,0.01643618
955.81461432,0.01871204
956.05969736,0.01451204
956.30478860,0.00776723
956.54988803,0.01109826
956.79499567,0.01196722
957.04011149,0.01302239
957.28523550,0.00886378
957.53036770,0.01035343
957.77550808,0.01157412
958.02065664,0.01176032
958.26581338,0.01142929
958.51097830,0.01289825
958.75615139,0.01244308
959.00133264,0.01645687
959.24652207,0.01306377
959.49171965,0.01809135
959.73692540,0.01521549
959.98213931,0.01798790
960.22736137,0.01898100
960.47259159,0.02338789
960.71782995,0.05082233
960.96307647,0.02568444
961.20833112,0.02448444
961.45359392,0.03052581
961.69886486,0.02847754
961.94414394,0.02901547
962.18943115,0.02911892
962.43472648,0.03052581
962.68002995,0.03338098
962.92534154,0.03530511
963.17066126,0.03172581
963.41598909,0.03340167
963.66132504,0.03524304
963.90666911,0.03462235
964.15202128,0.03321546
964.39738157,0.04184303
964.64274996,0.03809821
964.88812645,0.04393268
965.13351104,0.03724994
965.37890374,0.04031200
965.62430452,0.04111889
965.86971340,0.04138786
966.11513036,0.04507061
966.36055542,0.04130510
966.60598855,0.04200855
966.85142977,0.04006372
967.09687907,0.03838786
967.34233644,0.03799476
967.58780188,0.03993959
967.83327539,0.03998097
968.07875697,0.04076717
968.32424661,0.04815337
968.56974432,0.04229820
968.81525008,0.04227751
969.06076390,0.03933959
969.30628577,0.04134648
969.55181570,0.04291889
969.79735367,0.04473958
970.04289968,0.03629821
970.28845374,0.03998097
970.53401583,0.03967062
970.77958597,0.04620854
971.02516413,0.04029131
971.27075033,0.03944304
971.51634455,0.03683614
971.76194680,0.04176027
972.00755708,0.03675338
972.25317537,0.03996028
972.49880168,0.04024993
972.74443600,0.03917407
972.99007834,0.03933959
973.23572868,0.04147062
973.48138703,0.04250510
973.72705338,0.04231889
973.97272774,0.04569130
974.21841009,0.04676716
974.46410043,0.04989129
974.70979877,0.04550509
974.95550510,0.04167751
975.20121941,0.04238096
975.44694171,0.04070510
975.69267199,0.03681545
975.93841024,0.03770511
976.18415647,0.04227751
976.42991068,0.03998097
976.67567285,0.03921545
976.92144299,0.03586373
977.16722110,0.03356718
977.41300717,0.04064303
977.65880119,0.03952579
977.90460317,0.03507753
978.15041311,0.04258786
978.39623099,0.03731200
978.64205683,0.03753959
978.88789061,0.03799476
979.13373233,0.03840855
979.37958199,0.03441546
979.62543958,0.03646373
979.87130511,0.04093269
980.11717857,0.03950510
980.36305996,0.03518097
980.60894928,0.03445684
980.85484651,0.03435339
981.10075167,0.03607063
981.34666475,0.03222236
981.59258573,0.03236719
981.83851463,0.02694651
982.08445144,0.03102236
982.33039616,0.02560168
982.57634878,0.02344996
982.82230930,0.02171203
983.06827771,0.02704995
983.31425403,0.02547754
983.56023823,0.02382237
983.80623032,0.02897409
984.05223031,0.01931204
984.29823817,0.01949824
984.54425391,0.01883617
984.79027754,0.01542239
985.03630904,0.01935341
985.28234841,0.01649825
985.52839565,0.02156720
985.77445076,0.01867066
986.02051374,0.02160858
986.26658457,0.01552584
986.51266327,0.02562237
986.75874982,0.02200169
987.00484422,0.02527065
987.25094647,0.02661547
987.49705658,0.02361548
987.74317452,0.02324306
987.98930031,0.02700857
988.23543394,0.02533271
988.48157541,0.02305686
988.72772471,0.02754650
988.97388184,0.03420856
989.22004680,0.02462927
989.46621959,0.03060857
989.71240020,0.02764995
989.95858862,0.02998788
990.20478487,0.02725685
990.45098893,0.03458097
990.69720080,0.02862236
990.94342048,0.02589133
991.18964797,0.02162927
991.43588326,0.02479478
991.68212635,0.02117410
991.92837724,0.02291203
992.17463593,0.02355341
992.42090240,0.02235341
992.66717667,0.01945686
992.91345872,0.01864997
993.15974856,0.01583618
993.40604618,0.01978790
993.65235158,0.01422239
993.89866475,0.01875342
994.14498570,0.01794652
994.39131441,0.01459480
994.63765090,0.01786376
994.88399515,0.01459480
995.13034716,0.01786376
995.37670693,0.01728445
995.62307445,0.01455342
995.86944973,0.01093274
996.11583276,0.01252584
996.36222354,0.01639480
996.60862206,0.01449135
996.85502833,0.01622928
997.10144233,0.01459480
997.34786408,0.01291894
997.59429355,0.01103619
997.84073076,0.01420170
998.08717570,0.00749826
998.33362836,0.01217412
998.58008875,0.00876033
998.82655685,0.01256722
999.07303267,0.02018100
999.31951621,0.01751204
999.56600746,0.01124308
999.81250642,0.01358101
1000.05901309,0.01289825
1000.30552746,0.01327067
1000.55204953,0.01227757
1000.79857929,0.01558790
1001.04511676,0.01684997
1001.29166191,0.01736721
1001.53821476,0.01029136
1001.78477529,0.01538101
1002.03134351,0.01405687
1002.27791941,0.01726376
1002.52450299,0.01691204
1002.77109424,0.01713963
1003.01769317,0.01411894
1003.26429976,0.01540170
1003.51091403,0.01372584
1003.75753596,0.01517411
1004.00416555,0.01314653
1004.25080280,0.01842238
1004.49744771,0.01641549
1004.74410027,0.01353963
1004.99076048,0.01200860
1005.23742834,0.01333274
1005.48410384,0.01641549
1005.73078699,0.01099481
1005.97747778,0.01438791
1006.22417620,0.01167757
1006.47088226,0.01190515
1006.71759595,0.01399480
1006.96431727,0.01631204
1007.21104622,0.01093274
1007.45778279,0.01492584
1007.70452698,0.00832585
1007.95127879,0.01180170
1008.19803821,0.01405687
1008.44480524,0.01440860
1008.69157988,0.01684997
1008.93836213,0.01728445
1009.18515199,0.00998102
1009.43194944,0.01331205
1009.67875450,0.01308446
1009.92556715,0.01107757
1010.17238739,0.01484308
1010.41921522,0.01608446
1010.66605064,0.01480170
1010.91289364,0.01142929
1011.15974422,0.00998102
1011.40660239,0.01256722
1011.65346813,0.01374653
1011.90034144,0.02154651
1012.14722232,0.01430515
1012.39411078,0.01293963
1012.64100679,0.01560859
1012.88791037,0.01744997
1013.13482151,0.01405687
1013.38174020,0.01742928
1013.62866645,0.02123617
1013.87560025,0.01922928
1014.12254160,0.01891893
1014.36949049,0.02309824
1014.61644693,0.02659478
1014.86341091,0.02179479
1015.11038242,0.01982928
1015.35736147,0.02233272
1015.60434805,0.02090514
1015.85134216,0.01811204
1016.09834379,0.02146376
1016.34535295,0.02040859
1016.59236963,0.02080169
1016.83939383,0.02007755
1017.08642554,0.02117410
1017.33346476,0.02109134
1017.58051150,0.02171203
1017.82756574,0.01666376
1018.07462748,0.01656032
1018.32169673,0.01910514
1018.56877347,0.01591894
1018.81585771,0.02073962
1019.06294945,0.01560859
1019.31004867,0.01186377
1019.55715538,0.00801550
1019.80426957,0.01436722
1020.05139125,0.01658101
1020.29852041,0.01471894
1020.54565704,0.00964998
1020.79280114,0.01039481
1021.03995272,0.00615344
1021.28711177,0.01244308
1021.53427828,0.01000171
1021.78145225,0.01157412
1022.02863368,0.00739481
1022.27582257,0.00644309
1022.52301891,0.01260860
1022.77022270,0.00971205
1023.01743395,0.00853274
1023.26465263,0.00751895
1023.51187876,0.00255344
1023.75911234,0.00662930
1024.00635335,0.00602930
1024.25360179,0.00787068
1024.50085766,0.00532585
1024.74812097,0.00921550
1024.99539170,0.00636033
1025.24266985,0.00758102
1025.48995543,0.00422930
1025.73724842,0.00576033
1025.98454883,0.00830516
1026.23185665,0.00462241
1026.47917188,0.00362930
1026.72649452,0.00849136
1026.97382456,0.00867757
1027.22116200,0.00472585
1027.46850685,0.00652585
1027.71585908,0.00770516
1027.96321872,0.00673275
1028.21058574,0.00325689
1028.45796014,-0.01132929
1028.70534194,-0.01217757
1028.95273111,-0.01170170
1029.20012767,-0.01149481
1029.44753160,-0.01153619
1029.69494290,-0.01143274
