198.80933475,0.00776024
199.01143578,0.00717978
199.21355429,0.00351042
199.41569028,0.00162392
199.61784374,0.00114711
199.82001468,0.00160318
200.02220309,0.00197634
200.22440896,0.00259826
200.42663230,0.00232876
200.62887310,0.00195561
200.83113136,0.00462989
201.03340708,0.00100199
201.23570025,0.00380065
201.43801087,0.00626762
201.64033894,0.00591520
201.84268445,0.00477500
202.04504741,0.00276411
202.24742780,0.00160318
202.44982564,0.00340677
202.65224090,-0.00094671
202.85467360,0.00645420
203.05712372,0.00384211
203.25959128,0.00067030
203.46207625,0.00419454
203.66457864,0.00127149
203.86709846,0.00651639
204.06963568,0.00684808
204.27219032,0.00309580
204.47476237,0.00195561
204.67735182,0.00195561
204.87995868,0.01105644
205.08258293,0.00552131
205.28522459,0.00363481
205.48788364,0.00214219
205.69056008,0.00102272
205.89325391,0.00645420
206.09596513,0.00228730
206.29869374,0.00722124
206.50143972,0.00498231
206.70420308,0.00353115
206.90698382,0.00266046
207.10978194,0.00234949
207.31259742,0.00581154
207.51543027,-0.00030405
207.71828048,0.00371773
207.92114806,0.00332384
208.12403299,0.01060036
208.32693528,0.00373846
208.52985493,0.00597739
208.73279193,-0.00158936
208.93574627,0.01012356
209.13871796,0.00506523
209.34170699,0.00411161
209.54471336,0.00081541
209.74773707,0.00355188
209.95077811,0.00083614
210.15383649,0.00322019
210.35691219,0.00170684
210.56000522,0.00562497
210.76311557,0.00011056
210.96624324,0.00506523
211.16938823,-0.00001382
211.37255053,0.00311653
211.57573015,-0.00026259
211.77892707,0.00550058
211.98214130,0.00423600
212.18537284,0.00380065
212.38862167,0.00147880
212.59188781,0.00040080
212.79517124,0.00104345
212.99847196,-0.00046990
213.20178997,0.00336530
213.40512527,0.00541766
213.60847785,0.00210072
213.81184772,0.00214219
214.01523486,-0.00009674
214.21863928,0.00274338
214.42206097,0.00547985
214.62549993,0.00375919
214.82895616,0.00120930
215.03242966,0.00427746
215.23592042,-0.00015894
215.43942843,0.00417381
215.64295370,0.00295069
215.84649623,0.00446404
216.05005601,0.00697247
216.25363303,0.00442258
216.45722731,0.00367627
216.66083882,0.00000691
216.86446757,0.00290923
217.06811356,0.00050445
217.27177679,0.00873459
217.47545724,0.00446404
217.67915493,0.00348969
217.88286984,0.00305434
218.08660198,0.00523108
218.29035133,0.00819559
218.49411790,0.00927359
218.69790169,0.00274338
218.90170269,0.00311653
219.10552090,0.00693101
219.30935632,0.00487866
219.51320894,0.00203853
219.71707876,0.00152026
219.92096578,0.00543839
220.12486999,-0.00011747
220.32879140,0.00527254
220.53272999,-0.00125767
220.73668578,0.00440185
220.94065875,0.00587374
221.14464890,0.00176903
221.34865623,0.00284703
221.55268073,0.00220438
221.75672241,-0.00071867
221.96078126,0.00193488
222.16485728,-0.00161009
222.36895046,0.00170684
222.57306080,0.00467135
222.77718831,0.00272265
222.98133297,-0.00320637
223.18549478,0.00462989
223.38967375,0.00098126
223.59386986,0.00040080
223.79808312,0.00044226
224.00231352,0.00257753
224.20656106,0.00662005
224.41082574,0.00415308
224.61510756,0.00861021
224.81940650,-0.00038698
225.02372258,0.00040080
225.22805578,0.00133368
225.43240610,-0.00082232
225.63677355,0.00396650
225.84115811,-0.00183813
226.04555979,0.00218365
226.24997858,0.00114711
226.45441448,0.00129222
226.65886748,0.00612251
226.86333759,0.00259826
227.06782480,0.00120930
227.27232911,0.00353115
227.47685052,0.00166538
227.68138902,0.00523108
227.88594461,0.00087761
228.09051728,0.00313727
228.29510704,0.00477500
228.49971389,0.00676516
228.70433781,0.00624689
228.90897881,0.00608104
229.11363688,0.00054591
229.31831202,0.00433965
229.52300423,0.00361407
229.72771350,0.00247388
229.93243984,0.00114711
230.13718324,0.00183122
230.34194369,0.00239096
230.54672120,0.00778097
230.75151576,0.00149953
230.95632737,0.00655785
231.16115602,0.00143734
231.36600172,0.00160318
231.57086446,0.00044226
231.77574423,0.00394577
231.98064104,-0.00127840
232.18555488,0.00183122
232.39048575,0.00601885
232.59543365,0.00069103
232.80039857,-0.00123694
233.00538051,0.00429819
233.21037947,0.00599812
233.41539544,0.01880977
233.62042843,0.00168611
233.82547842,0.00305434
234.03054543,0.00790536
234.23562943,0.00263973
234.44073044,0.00102272
234.64584845,0.00475427
234.85098345,0.00326165
235.05613545,0.00365554
235.26130444,0.00446404
235.46649041,0.00247388
235.67169337,0.00508596
235.87691331,0.00919067
236.08215023,0.00011056
236.28740413,0.00433965
236.49267500,0.00245315
236.69796284,-0.00061501
236.90326765,0.00572862
237.10858942,0.00305434
237.31392816,0.00562497
237.51928386,0.00606031
237.72465651,0.00108491
237.93004612,0.00176903
238.13545268,0.00303361
238.34087619,0.00678589
238.54631664,0.00091907
238.75177404,-0.00030405
238.95724838,-0.00036624
239.16273965,0.00377992
239.36824786,0.00641274
239.57377300,0.00317873
239.77931508,0.00537620
239.98487407,0.00508596
240.19045000,0.00550058
240.39604284,0.00334457
240.60165260,-0.00107109
240.80727928,0.00257753
241.01292287,0.00286776
241.21858337,0.00686882
241.42426077,0.00398723
241.62995508,0.00450550
241.83566630,0.00046299
242.04139441,0.00564570
242.24713941,0.00398723
242.45290131,0.00100199
242.65868010,0.00444331
242.86447578,0.00106418
243.07028835,0.00583227
243.27611779,0.00649566
243.48196412,0.00500304
243.68782732,0.00040080
243.89370739,0.00108491
244.09960434,0.00058737
244.30551816,0.00732489
244.51144884,0.00305434
244.71739638,0.00257753
244.92336078,0.00247388
245.12934204,0.00131295
245.33534016,0.00216292
245.54135512,-0.00053209
245.74738694,0.00224584
245.95343560,0.00270192
246.15950110,0.00684808
246.36558345,0.00081541
246.57168263,0.00386284
246.77779865,0.00035933
246.98393150,0.00467135
247.19008118,0.00197634
247.39624769,0.00475427
247.60243102,0.00373846
247.80863117,0.00475427
248.01484814,0.00247388
248.22108192,0.00216292
248.42733252,-0.00098817
248.63359993,0.00044226
248.83988415,-0.00202471
249.04618517,0.00626762
249.25250299,0.00102272
249.45883761,-0.00123694
249.66518903,0.00193488
249.87155724,0.00019349
250.07794224,0.00554204
250.28434403,0.00404942
250.49076260,0.00827851
250.69719796,-0.00190033
250.90365009,0.00013130
251.11011901,-0.00007601
251.31660469,0.00363481
251.52310715,0.00170684
251.72962638,0.00404942
251.93616237,0.00272265
252.14271513,0.00143734
252.34928464,0.00079468
252.55587091,0.00230803
252.76247394,0.00384211
252.96909372,0.00164465
253.17573025,0.00230803
253.38238352,0.00251534
253.58905354,0.00326165
253.79574030,0.00087761
254.00244380,0.00322019
254.20916403,0.00914921
254.41590099,0.00554204
254.62265469,0.00278484
254.82942511,0.00073249
255.03621225,0.00098126
255.24301612,0.00131295
255.44983670,0.00139588
255.65667400,0.00313727
255.86352802,0.00226657
256.07039874,0.00083614
256.27728617,0.00075322
256.48419031,0.00496158
256.69111115,0.00282630
256.89804868,0.00201780
257.10500292,0.00035933
257.31197384,0.00303361
257.51896146,0.01043452
257.72596577,-0.00009674
257.93298676,0.00218365
258.14002443,0.00452623
258.34707878,0.00191415
258.55414981,0.00218365
258.76123752,0.00102272
258.96834190,0.00927359
259.17546294,-0.00015894
259.38260065,-0.00100890
259.58975502,0.00006910
259.79692606,0.00328238
260.00411375,0.00319946
260.21131810,-0.00260517
260.41853909,0.00259826
260.62577674,0.00328238
260.83303103,0.00475427
261.04030197,-0.00003455
261.24758955,0.00048372
261.45489377,0.00181049
261.66221462,0.00309580
261.86955210,0.00421527
262.07690622,0.00237022
262.28427696,-0.00179667
262.49166433,-0.00214910
262.69906831,0.00496158
262.90648892,-0.00142352
263.11392614,0.00178976
263.32137998,0.00632981
263.52885042,0.00417381
263.73633747,0.00552131
263.94384113,0.00062884
264.15136139,0.00407015
264.35889825,0.00887971
264.56645171,0.00523108
264.77402176,0.00201780
264.98160840,0.00127149
265.18921163,0.00193488
265.39683144,-0.00148571
265.60446784,0.00730416
265.81212081,-0.00020040
266.01979037,0.00448477
266.22747650,0.00116784
266.43517920,0.00357261
266.64289847,-0.00061501
266.85063430,0.00118857
267.05838670,0.00062884
267.26615566,0.00382138
267.47394117,-0.00165156
267.68174324,0.00029714
267.88956187,0.00527254
268.09739704,0.00400796
268.30524876,0.00506523
268.51311702,0.00684808
268.72100183,-0.00165156
268.92890317,0.00120930
269.13682105,-0.00084305
269.34475546,-0.00049063
269.55270640,0.00193488
269.76067387,0.00187269
269.96865786,-0.00109182
270.17665838,-0.00136132
270.38467541,0.00081541
270.59270896,0.00278484
270.80075902,0.00197634
271.00882560,0.00309580
271.21690868,0.00091907
271.42500826,0.00322019
271.63312435,0.00178976
271.84125694,0.00239096
272.04940602,0.00825778
272.25757160,0.00282630
272.46575367,0.00525181
272.67395223,0.00324092
272.88216727,0.00160318
273.09039880,0.00829924
273.29864681,0.00125076
273.50691129,0.00394577
273.71519225,0.00292996
273.92348968,0.00008983
274.13180358,0.00193488
274.34013395,0.00064957
274.54848077,0.00272265
274.75684406,0.00247388
274.96522381,0.00305434
275.17362001,-0.00111255
275.38203267,0.00529327
275.59046177,0.00195561
275.79890732,0.00226657
276.00736932,0.00110564
276.21584776,0.00056664
276.42434263,0.00129222
276.63285394,-0.00293687
276.84138169,-0.00113329
277.04992586,0.00257753
277.25848646,0.00357261
277.46706349,0.00075322
277.67565694,-0.00260517
277.88426680,0.00011056
278.09289309,-0.00131986
278.30153578,-0.00175521
278.51019489,0.00400796
278.71887041,0.00301288
278.92756233,0.00475427
279.13627065,0.00498231
279.34499537,0.00226657
279.55373649,0.00483719
279.76249401,0.01012356
279.97126791,0.00270192
280.18005820,0.00129222
280.38886488,0.00307507
280.59768795,-0.00190033
280.80652739,0.00237022
281.01538321,-0.00022113
281.22425540,0.00334457
281.43314397,0.00093980
281.64204891,0.00006910
281.85097021,0.00261899
282.05990788,0.00454696
282.26886190,0.00129222
282.47783229,-0.00113329
282.68681903,0.00400796
282.89582212,0.00123003
283.10484156,0.00274338
283.31387735,0.00056664
283.52292949,0.00249461
283.73199796,0.00052518
283.94108277,0.00367627
284.15018392,-0.00059428
284.35930141,0.00210072
284.56843522,0.00527254
284.77758536,0.00409088
284.98675183,0.00048372
285.19593461,0.00682735
285.40513372,0.00541766
285.61434914,0.00552131
285.82358088,-0.00349660
286.03282893,0.00116784
286.24209328,0.00272265
286.45137395,0.00176903
286.66067091,0.00166538
286.86998417,0.00152026
287.07931373,0.00375919
287.28865959,0.00556277
287.49802174,0.00295069
287.70740017,-0.00076013
287.91679489,0.00222511
288.12620590,0.00174830
288.33563318,0.00075322
288.54507675,0.00556277
288.75453658,0.00081541
288.96401269,0.00081541
289.17350507,0.00141661
289.38301372,0.00444331
289.59253863,0.00187269
289.80207980,0.00485792
290.01163723,0.00276411
290.22121091,0.00411161
290.43080085,0.00334457
290.64040703,0.00127149
290.85002947,0.00311653
291.05966815,0.00465062
291.26932307,0.00442258
291.47899422,0.00205926
291.68868162,0.00552131
291.89838525,0.00230803
292.10810511,0.00583227
292.31784119,0.00203853
292.52759350,-0.00183813
292.73736204,0.00386284
292.94714679,0.00168611
293.15694776,0.00044226
293.36676494,0.00201780
293.57659834,0.00158245
293.78644794,-0.00171375
293.99631375,0.00062884
294.20619576,0.00407015
294.41609397,0.00684808
294.62600838,0.00152026
294.83593898,0.00359334
295.04588578,0.00035933
295.25584876,-0.00190033
295.46582793,0.00178976
295.67582328,0.00299215
295.88583481,-0.00042844
296.09586253,0.00108491
296.30590641,0.00170684
296.51596647,0.00176903
296.72604270,-0.00030405
296.93613509,0.00518962
297.14624365,-0.00341368
297.35636837,-0.00003455
297.56650925,0.00160318
297.77666629,0.00263973
297.98683947,-0.00001382
298.19702881,0.00263973
298.40723429,0.00176903
298.61745592,0.00336530
298.82769369,0.00448477
299.03794760,0.00666151
299.24821765,-0.00163083
299.45850383,0.00423600
299.66880614,0.00139588
299.87912458,-0.00080159
300.08945914,-0.00121621
300.29980983,0.00326165
300.51017663,0.00251534
300.72055955,0.00744928
300.93095859,0.00280557
301.14137374,0.00042153
301.35180499,0.00073249
301.56225235,0.00154099
301.77271582,-0.00254298
301.98319538,0.00914921
302.19369105,-0.00418072
302.40420280,0.00096053
302.61473065,0.00492012
302.82527459,0.00247388
303.03583461,-0.00063575
303.24641072,-0.00032478
303.45700291,0.00384211
303.66761117,0.00365554
303.87823552,0.00460915
304.08887593,0.00129222
304.29953241,0.00098126
304.51020496,-0.00096744
304.72089358,0.00672370
304.93159825,0.00589447
305.14231899,0.00147880
305.35305578,0.00458842
305.56380862,0.00363481
305.77457752,0.00174830
305.98536246,0.00257753
306.19616344,0.00340677
306.40698047,0.00373846
306.61781354,0.00118857
306.82866264,0.00355188
307.03952778,0.00311653
307.25040895,0.00237022
307.46130614,0.00465062
307.67221937,0.00129222
307.88314861,0.00141661
308.09409387,0.00353115
308.30505515,0.00363481
308.51603245,0.00475427
308.72702576,0.00062884
308.93803507,-0.00187960
309.14906039,0.00125076
309.36010172,0.00257753
309.57115904,0.00390431
309.78223236,0.00270192
309.99332168,0.00214219
310.20442699,0.00469208
310.41554829,0.00044226
310.62668557,-0.00142352
310.83783884,0.00270192
311.04900809,-0.00266737
311.26019332,0.00116784
311.47139452,0.00189342
311.68261169,0.00222511
311.89384484,0.00392504
312.10509395,0.00295069
312.31635903,0.00228730
312.52764007,0.00284703
312.73893706,-0.00069794
312.95025002,0.00044226
313.16157892,-0.00051136
313.37292378,0.00500304
313.58428458,0.00083614
313.79566133,0.00054591
314.00705402,0.00442258
314.21846266,0.00083614
314.42988722,-0.00169302
314.64132772,0.00245315
314.85278416,0.00100199
315.06425652,0.01118083
315.27574480,-0.00216983
315.48724901,0.00282630
315.69876914,-0.00001382
315.91030518,0.00214219
316.12185715,-0.00013821
316.33342502,0.00286776
316.54500880,0.00197634
316.75660848,0.00417381
316.96822407,0.00044226
317.17985556,0.00224584
317.39150295,0.00071176
317.60316624,0.00369700
317.81484541,0.00168611
318.02654048,0.00348969
318.23825143,0.00382138
318.44997826,0.00114711
318.66172098,0.00243242
318.87347957,0.00707612
319.08525404,0.00125076
319.29704439,0.00212146
319.50885060,0.00152026
319.72067268,0.00301288
319.93251063,0.00266046
320.14436443,0.00106418
320.35623410,0.00674443
320.56811962,0.00550058
320.78002100,0.00004837
320.99193822,-0.00144425
321.20387130,-0.00121621
321.41582021,0.00048372
321.62778498,0.00707612
321.83976558,0.00245315
322.05176201,0.00390431
322.26377428,-0.00038698
322.47580239,0.00635054
322.68784632,0.00344823
322.89990607,0.00249461
323.11198165,0.00058737
323.32407305,0.00230803
323.53618027,0.00253607
323.74830330,-0.00028332
323.96044215,0.00417381
324.17259680,0.00630908
324.38476726,0.00489939
324.59695352,-0.00017967
324.80915558,0.00158245
325.02137344,-0.00073940
325.23360710,0.00176903
325.44585655,0.00508596
325.65812178,0.00541766
325.87040281,-0.00065648
326.08269962,0.00214219
326.29501221,-0.00125767
326.50734058,0.00446404
326.71968472,0.00031787
326.93204464,0.00705539
327.14442032,0.00280557
327.35681178,0.00284703
327.56921900,0.00004837
327.78164198,0.00149953
327.99408072,-0.00011747
328.20653522,0.00183122
328.41900547,-0.00032478
328.63149147,0.00282630
328.84399322,0.00197634
329.05651071,0.00340677
329.26904395,0.00280557
329.48159293,0.00216292
329.69415764,-0.00088452
329.90673809,0.00290923
330.11933427,0.00218365
330.33194617,0.00460915
330.54457381,0.00272265
330.75721716,-0.00221129
330.96987624,0.00114711
331.18255104,0.00241169
331.39524154,0.00680662
331.60794777,0.00241169
331.82066970,-0.00034551
332.03340733,0.00218365
332.24616067,0.00614324
332.45892971,0.00322019
332.67171445,0.00438112
332.88451489,0.00201780
333.09733102,0.00237022
333.31016283,0.00172757
333.52301034,0.00060810
333.73587352,-0.00113329
333.94875239,-0.00078086
334.16164694,0.00048372
334.37455717,-0.00345514
334.58748306,0.00241169
334.80042463,0.00355188
335.01338187,0.00002764
335.22635477,0.00234949
335.43934333,0.00185195
335.65234755,0.00572862
335.86536743,0.00392504
336.07840296,0.00330311
336.29145415,-0.00154790
336.50452098,0.00133368
336.71760345,0.00220438
336.93070157,0.00147880
337.14381533,0.00118857
337.35694473,-0.00111255
337.57008976,0.00550058
337.78325042,0.00147880
337.99642671,0.00081541
338.20961863,0.00324092
338.42282617,0.00357261
338.63604933,-0.00007601
338.84928810,-0.00007601
339.06254250,0.00232876
339.27581250,0.00359334
339.48909812,0.00147880
339.70239934,0.00601885
339.91571616,0.00127149
340.12904859,0.00141661
340.34239661,-0.00080159
340.55576023,0.00388358
340.76913945,0.00558350
340.98253425,0.00263973
341.19594464,0.00199707
341.40937061,-0.00094671
341.62281217,0.00243242
341.83626930,0.00881751
342.04974201,0.00259826
342.26323030,0.00033860
342.47673415,0.00423600
342.69025357,0.00798828
342.90378856,0.00158245
343.11733911,0.00504450
343.33090522,0.00407015
343.54448688,0.00270192
343.75808410,0.00207999
343.97169687,0.00276411
344.18532519,0.00102272
344.39896906,0.00496158
344.61262847,-0.00065648
344.82630341,0.00477500
345.03999390,0.00421527
345.25369992,0.00419454
345.46742147,0.00950163
345.68115855,0.00396650
345.89491115,0.00071176
346.10867928,0.00237022
346.32246293,0.00266046
346.53626210,-0.00140279
346.75007679,0.00000691
346.96390698,0.00224584
347.17775269,0.00253607
347.39161390,0.00075322
347.60549061,0.00141661
347.81938283,0.00081541
348.03329055,0.00365554
348.24721376,0.00224584
348.46115246,0.00351042
348.67510665,-0.00020040
348.88907634,0.00197634
349.10306150,-0.00086378
349.31706215,-0.00003455
349.53107828,0.00131295
349.74510988,0.00160318
349.95915696,0.00375919
350.17321950,0.00467135
350.38729752,0.00662005
350.60139100,0.00259826
350.81549994,0.00317873
351.02962435,0.00048372
351.24376421,0.00301288
351.45791952,0.00232876
351.67209028,0.00199707
351.88627650,-0.00040771
352.10047816,0.00212146
352.31469526,0.00442258
352.52892780,0.00348969
352.74317578,0.00348969
352.95743919,0.00241169
353.17171804,0.00351042
353.38601232,0.00367627
353.60032202,-0.00144425
353.81464714,0.00556277
354.02898769,-0.00335148
354.24334365,-0.00067721
354.45771503,-0.00237714
354.67210182,0.00330311
354.88650403,0.00419454
355.10092164,0.00324092
355.31535465,0.00073249
355.52980306,0.00863094
355.74426687,0.00390431
355.95874608,0.00334457
356.17324069,0.00324092
356.38775068,0.00110564
356.60227606,0.00214219
356.81681682,-0.00158936
357.03137297,0.00013130
357.24594449,0.00419454
357.46053139,0.00595666
357.67513367,0.00496158
357.88975132,0.00417381
358.10438433,0.00044226
358.31903271,0.00301288
358.53369645,0.00139588
358.74837556,-0.00405633
358.96307002,0.00303361
359.17777983,-0.00080159
359.39250499,0.00351042
359.60724551,0.00266046
359.82200137,0.00199707
360.03677257,-0.00013821
360.25155911,-0.00107109
360.46636100,0.00170684
360.68117821,-0.00405633
360.89601076,-0.00001382
361.11085864,0.00402869
361.32572184,-0.00179667
361.54060037,0.00494085
361.75549422,0.00292996
361.97040338,0.00688955
362.18532786,0.00647493
362.40026766,0.00191415
362.61522276,0.00415308
362.83019318,0.00603958
363.04517889,0.00038007
363.26017991,0.00069103
363.47519623,0.00040080
363.69022784,0.00365554
363.90527474,0.00104345
364.12033694,0.00438112
364.33541442,-0.00096744
364.55050719,0.00033860
364.76561524,-0.00011747
364.98073857,0.00266046
365.19587718,0.00118857
365.41103106,0.00214219
365.62620021,0.00008983
365.84138463,0.00073249
366.05658432,0.00152026
366.27179927,0.00353115
366.48702948,0.00162392
366.70227494,0.00158245
366.91753566,0.00044226
367.13281163,0.00129222
367.34810285,-0.00125767
367.56340932,0.00207999
367.77873103,0.00108491
367.99406798,0.00232876
368.20942017,-0.00163083
368.42478759,0.00143734
368.64017025,0.00067030
368.85556813,0.00564570
369.07098125,0.00176903
369.28640958,0.00234949
369.50185314,0.00015203
369.71731191,0.00498231
369.93278590,-0.00384902
370.14827511,0.00203853
370.36377952,-0.00065648
370.57929914,0.00050445
370.79483397,0.00452623
371.01038400,0.00203853
371.22594922,-0.00038698
371.44152965,0.00114711
371.65712526,0.00158245
371.87273607,-0.00148571
372.08836206,0.00462989
372.30400324,0.00440185
372.51965960,-0.00196252
372.73533114,0.00518962
372.95101786,-0.00044917
373.16671976,0.00415308
373.38243682,0.00537620
373.59816905,0.00210072
373.81391645,-0.00308198
374.02967901,0.00334457
374.24545673,0.00181049
374.46124961,0.00017276
374.67705764,0.00064957
374.89288082,0.00081541
375.10871916,0.00044226
375.32457264,0.00245315
375.54044126,0.00166538
375.75632503,0.00525181
375.97222393,0.00052518
376.18813797,-0.00142352
376.40406713,0.00168611
376.62001143,0.00081541
376.83597086,-0.00221129
377.05194541,0.00052518
377.26793508,0.00135441
377.48393987,0.00230803
377.69995978,0.00477500
377.91599480,-0.00015894
378.13204493,0.00081541
378.34811016,0.00562497
378.56419050,0.00392504
378.78028595,0.00525181
378.99639649,0.00064957
379.21252213,-0.00011747
379.42866286,0.00326165
379.64481868,-0.00080159
379.86098960,0.00695174
380.07717559,0.00216292
380.29337667,0.00187269
380.50959283,0.00077395
380.72582407,0.00357261
380.94207038,0.00249461
381.15833176,0.00143734
381.37460821,0.00330311
381.59089972,0.00098126
381.80720630,0.00243242
382.02352794,0.00112638
382.23986464,0.00222511
382.45621639,0.00301288
382.67258319,0.00062884
382.88896505,0.00123003
383.10536195,0.00317873
383.32177389,0.00326165
383.53820087,0.00133368
383.75464289,0.00112638
383.97109995,0.00261899
384.18757204,-0.00034551
384.40405916,0.00222511
384.62056131,-0.00192106
384.83707848,0.00247388
385.05361067,0.00290923
385.27015788,0.00301288
385.48672011,0.00498231
385.70329735,0.00641274
385.91988960,0.00334457
386.13649686,0.00027641
386.35311912,0.00494085
386.56975639,0.00216292
386.78640865,0.00365554
387.00307592,0.00112638
387.21975817,-0.00057355
387.43645542,0.00353115
387.65316765,0.00218365
387.86989487,0.00305434
388.08663707,0.00087761
388.30339426,-0.00121621
388.52016641,0.00255680
388.73695355,0.00521035
388.95375565,0.00456769
389.17057273,0.00044226
389.38740477,0.00593593
389.60425177,0.00344823
389.82111374,-0.00088452
390.03799066,0.00711759
390.25488253,0.00160318
390.47178936,0.00077395
390.68871114,0.00411161
390.90564787,0.00137515
391.12259954,0.00143734
391.33956614,0.00207999
391.55654769,0.00060810
391.77354418,0.00292996
391.99055559,0.00226657
392.20758194,0.00359334
392.42462321,0.00365554
392.64167941,0.00353115
392.85875053,0.00465062
393.07583657,-0.00156863
393.29293752,0.00500304
393.51005339,0.00390431
393.72718417,0.00423600
393.94432986,0.00554204
394.16149045,0.00230803
394.37866594,0.00274338
394.59585634,0.00394577
394.81306163,0.00210072
395.03028181,0.00479573
395.24751689,0.00981259
395.46476685,0.00311653
395.68203170,0.00319946
395.89931143,0.00662005
396.11660604,0.00514816
396.33391553,0.00375919
396.55123990,0.00239096
396.76857913,0.00407015
396.98593324,0.00297142
397.20330221,-0.00003455
397.42068604,0.00564570
397.63808474,-0.00154790
397.85549829,0.00560423
398.07292670,0.00570789
398.29036996,0.00508596
398.50782807,0.00535546
398.72530103,0.00763586
398.94278883,0.00367627
399.16029147,0.00678589
399.37780895,0.00104345
399.59534127,0.00500304
399.81288841,0.00603958
400.03045039,0.00525181
400.24802720,0.00784316
400.46561883,0.00419454
400.68322529,0.00353115
400.90084656,0.00201780
401.11848265,0.00541766
401.33613355,0.00239096
401.55379926,0.00234949
401.77147978,0.00925286
401.98917511,0.00881751
402.20688524,0.00390431
402.42461017,0.00367627
402.64234989,0.00651639
402.86010441,-0.00015894
403.07787372,0.00717978
403.29565782,0.00384211
403.51345670,0.00324092
403.73127037,0.00643347
403.94909882,0.00295069
404.16694205,0.00668224
404.38480005,0.00429819
404.60267282,0.00272265
404.82056036,0.00259826
405.03846267,0.00755293
405.25637974,0.00738709
405.47431157,0.00655785
405.69225816,0.00396650
405.91021951,0.00523108
406.12819561,0.00189342
406.34618645,0.00369700
406.56419205,0.00386284
406.78221239,0.00438112
407.00024747,0.00628835
407.21829729,0.00019349
407.43636184,0.00834070
407.65444113,0.00788463
407.87253515,0.00761513
408.09064390,0.00550058
408.30876737,0.00541766
408.52690556,0.00744928
408.74505847,0.00212146
408.96322610,0.00711759
409.18140844,0.00541766
409.39960550,0.00402869
409.61781726,0.00726270
409.83604372,0.00427746
410.05428489,0.00861021
410.27254076,0.00282630
410.49081133,0.01031013
410.70909659,0.00751147
410.92739654,0.00547985
411.14571118,0.01101498
411.36404051,0.00682735
411.58238452,0.01230029
411.80074321,0.00703466
412.01911658,0.00869313
412.23750462,0.01105644
412.45590734,0.00635054
412.67432472,0.00807120
412.89275677,0.00612251
413.11120349,0.00512743
413.32966486,0.00382138
413.54814090,0.00492012
413.76663159,0.00688955
413.98513693,0.00392504
414.20365692,0.00334457
414.42219156,0.00657858
414.64074084,0.00483719
414.85930477,0.00608104
415.07788333,0.00239096
415.29647653,0.00664078
415.51508437,0.00278484
415.73370683,0.00521035
415.95234392,0.00587374
416.17099564,0.00608104
416.38966198,0.00811267
416.60834294,0.00771878
416.82703851,0.00852728
417.04574870,0.00195561
417.26447350,0.00682735
417.48321291,0.00574935
417.70196692,0.00309580
417.92073554,0.00836144
418.13951875,0.00674443
418.35831657,0.00125076
418.57712898,0.00255680
418.79595598,0.00983332
419.01479757,0.00852728
419.23365374,0.00705539
419.45252450,0.00475427
419.67140984,0.00890044
419.89030975,0.00962602
420.10922425,0.01159544
420.32815331,0.00498231
420.54709694,0.00798828
420.76605514,0.00641274
420.98502791,0.00558350
421.20401523,0.00299215
421.42301712,0.00419454
421.64203356,0.00993698
421.86106455,0.00554204
422.08011009,0.00481646
422.29917018,0.00989552
422.51824482,0.00632981
422.73733399,0.00380065
422.95643771,0.00759439
423.17555596,0.00628835
423.39468875,0.00537620
423.61383606,0.00713832
423.83299790,0.00367627
424.05217427,0.00620543
424.27136516,0.00724197
424.49057057,0.00547985
424.70979050,0.00641274
424.92902494,0.00541766
425.14827390,0.00583227
425.36753736,0.00852728
425.58681532,0.01155398
425.80610779,0.00827851
426.02541476,0.01304660
426.24473623,0.00492012
426.46407219,0.00912848
426.68342265,0.00336530
426.90278759,0.00892117
427.12216702,0.00713832
427.34156093,0.00568716
427.56096933,0.01103571
427.78039220,0.01271491
427.99982955,0.00898336
428.21928137,0.00626762
428.43874766,0.00346896
428.65822841,0.00722124
428.87772363,0.00800901
429.09723331,0.00529327
429.31675745,0.00415308
429.53629605,0.00436038
429.75584910,0.00628835
429.97541660,0.00836144
430.19499854,0.00562497
430.41459494,0.00879678
430.63420577,0.00798828
430.85383104,0.00736636
431.07347075,0.00902482
431.29312489,0.01153325
431.51279347,0.00666151
431.73247647,0.00407015
431.95217390,0.00589447
432.17188574,0.00929432
432.39161201,0.00574935
432.61135270,0.00693101
432.83110780,0.00863094
433.05087731,0.01219664
433.27066123,0.00641274
433.49045956,0.00970894
433.71027229,0.00823705
433.93009942,0.00991625
434.14994095,0.00896263
434.36979687,0.00819559
434.58966718,0.00954309
434.80955189,0.00825778
435.02945098,0.00831997
435.24936445,0.01586600
435.46929230,0.00852728
435.68923454,0.00943944
435.90919115,0.01188568
436.12916213,0.00898336
436.34914748,0.01296368
436.56914720,0.01111864
436.78916128,0.00968821
437.00918972,0.01078694
437.22923252,0.00815413
437.44928968,0.01008209
437.66936119,0.00987479
437.88944706,0.01281856
438.10954727,0.01064183
438.32966182,0.01213445
438.54979072,0.00948090
438.76993395,0.01617696
438.99009153,0.01482945
439.21026343,0.01426972
439.43044967,0.01532699
439.65065024,0.01775250
439.87086513,0.01211372
440.09109434,0.01248687
440.31133788,0.01014429
440.53159573,0.01887197
440.75186789,0.00987479
440.97215437,0.01288076
441.19245516,0.01609404
441.41277025,0.01302587
441.63309964,0.01294295
441.85344334,0.01563796
442.07380133,0.01368926
442.29417362,0.01420753
442.51456020,0.01487092
442.73496107,0.01410388
442.95537623,0.01572088
443.17580567,0.01464288
443.39624939,0.01582453
443.61670739,0.01553430
443.83717967,0.01451849
444.05766622,0.01514042
444.27816704,0.01907927
444.49868212,0.01026867
444.71921147,0.01312953
444.93975509,0.01333683
445.16031296,0.01727569
445.38088508,0.01507822
445.60147147,0.01464288
445.82207210,0.01325391
446.04268698,0.01661231
446.26331610,0.02017801
446.48395947,0.01062110
446.70461707,0.01308806
446.92528892,0.01076621
447.14597499,0.01648792
447.36667530,0.01080767
447.58738984,0.01856100
447.80811860,0.01418680
448.02886158,0.01321245
448.24961879,0.01559650
448.47039021,0.01613550
448.69117585,0.02268644
448.91197570,0.01866466
449.13278975,0.00943944
449.35361802,0.01410388
449.57446049,0.01435265
449.79531715,0.01022721
450.01618802,0.01219664
450.23707308,0.01006136
450.45797234,0.01856100
450.67888578,0.01410388
450.89981341,0.01296368
451.12075522,0.01841589
451.34171122,0.01829150
451.56268139,0.01997070
451.78366574,0.01733788
452.00466426,0.01916220
452.22567696,0.01211372
452.44670382,0.01370999
452.66774484,0.00958455
452.88880003,0.01990851
453.10986938,0.01503676
453.33095288,0.01692327
453.55205053,0.01304660
453.77316234,0.01246614
453.99428830,0.01441484
454.21542840,0.01360634
454.43658264,0.01431118
454.65775102,0.01298441
454.87893354,0.01493311
455.10013019,0.01692327
455.32134098,0.01930731
455.54256589,0.02044751
455.76380493,0.01540992
455.98505809,0.01677815
456.20632537,0.01970120
456.42760677,0.01625988
456.64890229,0.01586600
456.87021191,0.01895489
457.09153565,0.01638427
457.31287349,0.01657084
457.53422544,0.02135967
457.75559149,0.01947316
457.97697163,0.01331610
458.19836587,0.01928658
458.41977420,0.01914147
458.64119663,0.02393029
458.86263313,0.01945243
459.08408373,0.02546437
459.30554840,0.02026093
459.52702716,0.02929957
459.74851999,0.01889270
459.97002689,0.02683261
460.19154786,0.02187794
460.41308290,0.02623141
460.63463201,0.01949389
460.85619518,0.01930731
461.07777241,0.02127674
461.29936369,0.02067555
461.52096903,0.02291448
461.74258841,0.02419979
461.96422185,0.02214744
462.18586933,0.02133894
462.40753086,0.02513268
462.62920642,0.02343275
462.85089602,0.02272790
463.07259966,0.01970120
463.29431733,0.01710985
463.51604902,0.01980485
463.73779475,0.01912074
463.95955449,0.02256205
464.18132826,0.02805572
464.40311604,0.02260352
464.62491784,0.02241694
464.84673365,0.02100724
465.06856347,0.02592045
465.29040730,0.02320471
465.51226513,0.02343275
465.73413696,0.02395102
465.95602279,0.02446929
466.17792261,0.02668749
466.39983643,0.02822157
466.62176424,0.02762038
466.84370603,0.03442009
467.06566181,0.02772403
467.28763157,0.02878130
467.50961531,0.02753745
467.73161303,0.02793134
467.95362472,0.02708138
468.17565038,0.02990077
468.39769001,0.02664603
468.61974360,0.02585826
468.84181116,0.02728868
469.06389267,0.03296893
469.28598814,0.02633507
469.50809757,0.02934104
469.73022094,0.03274089
469.95235827,0.02942396
470.17450954,0.02674968
470.39667475,0.02459368
470.61885390,0.02942396
470.84104699,0.02886423
471.06325402,0.03141412
471.28547498,0.02772403
471.50770986,0.03068854
471.72995867,0.02662530
471.95222141,0.02359860
472.17449806,0.02660457
472.39678864,0.02357787
472.61909313,0.02583753
472.84141153,0.02478025
473.06374384,0.03317624
473.28609005,0.02867765
473.50845017,0.02645945
473.73082420,0.02703991
473.95321212,0.02378517
474.17561393,0.02826303
474.39802964,0.02480098
474.62045924,0.02585826
474.84290273,0.02048897
475.06536010,0.03075073
475.28783136,0.02981785
475.51031649,0.02730941
475.73281550,0.02181574
475.95532838,0.02053043
476.17785513,0.02326690
476.40039575,0.02573387
476.62295024,0.02488391
476.84551859,0.02538145
477.06810080,0.02618995
477.29069686,0.02504975
477.51330678,0.02540218
477.73593055,0.03008735
477.95856817,0.02610703
478.18121963,0.02571314
478.40388494,0.02782769
478.62656409,0.03321770
478.84925707,0.02623141
479.07196389,0.02791061
479.29468455,0.02637653
479.51741903,0.03170435
479.74016733,0.02563022
479.96292946,0.02585826
480.18570542,0.02718503
480.40849519,0.02187794
480.63129877,0.02751672
480.85411617,0.02546437
481.07694738,0.02515341
481.29979239,0.02828376
481.52265121,0.02592045
481.74552383,0.02668749
481.96841025,0.02550583
482.19131046,0.02677041
482.41422447,0.02517414
482.63715227,0.02583753
482.86009385,0.02310106
483.08304922,0.02314252
483.30601837,0.02171209
483.52900130,0.02706064
483.75199801,0.02488391
483.97500849,0.02631433
484.19803274,0.02755818
484.42107076,0.02461441
484.64412255,0.03017027
484.86718810,0.02706064
485.09026741,0.02115236
485.31336047,0.02299740
485.53646729,0.02424125
485.75958786,0.02260352
485.98272218,0.02146332
486.20587024,0.01951462
486.42903205,0.02345348
486.65220760,0.02231328
486.87539689,0.02780695
487.09859991,0.02422052
487.32181666,0.02836669
487.54504715,0.02871911
487.76829136,0.02592045
487.99154929,0.03128973
488.21482094,0.02672895
488.43810631,0.02913373
488.66140540,0.03568467
488.88471820,0.03245066
489.10804471,0.03305185
489.33138493,0.03744679
489.55473885,0.03570540
489.77810647,0.03811018
490.00148780,0.03848333
490.22488281,0.03479324
490.44829153,0.03885649
490.67171393,0.03875283
490.89515002,0.04262950
491.11859979,0.04092957
491.34206325,0.04074299
491.56554038,0.03852479
491.78903120,0.04153076
492.01253568,0.03558102
492.23605384,0.03773702
492.45958567,0.04012107
492.68313116,0.04157223
492.90669031,0.03779921
493.13026312,0.03336282
493.35384960,0.03406767
493.57744972,0.03421278
493.80106350,0.03383963
494.02469092,0.03332136
494.24833200,0.03587125
494.47198671,0.03726021
494.69565507,0.03128973
494.91933706,0.03879429
495.14303269,0.03272016
495.36674195,0.03120681
495.59046484,0.03518713
495.81420136,0.03010808
496.03795150,0.02973492
496.26171526,0.03079219
496.48549264,0.03075073
496.70928364,0.03255431
496.93308825,0.03338355
497.15690647,0.03715656
497.38073830,0.03236774
497.60458373,0.03655537
497.82844276,0.04497208
498.05231539,0.04115761
498.27620162,0.03860772
498.50010144,0.04219415
498.72401485,0.04151003
498.94794185,0.04714882
499.17188244,0.04097103
499.39583661,0.04090884
499.61980435,0.03609929
499.84378568,0.04517939
500.06778058,0.04488916
500.29178904,0.04513793
500.51581108,0.04238073
500.73984668,0.04679640
500.96389585,0.04345873
501.18795858,0.04294046
501.41203486,0.04669274
501.63612470,0.04030765
501.86022809,0.04588424
502.08434503,0.04748051
502.30847551,0.04567693
502.53261954,0.04368677
502.75677711,0.04005888
502.98094822,0.04352092
503.20513286,0.04347946
503.42933104,0.04036984
503.65354274,0.04001741
503.87776797,0.03777848
504.10200673,0.03549809
504.32625901,0.03643098
504.55052480,0.03417132
504.77480411,0.03234701
504.99909694,0.02981785
505.22340327,0.03657610
505.44772312,0.03435790
505.67205646,0.03118608
505.89640331,0.03236774
506.12076366,0.03128973
506.34513750,0.03116535
506.56952484,0.02971419
506.79392567,0.03000442
507.01833999,0.02886423
507.24276779,0.03319697
507.46720907,0.03201531
507.69166384,0.02940323
507.91613208,0.03172508
508.14061380,0.03245066
508.36510898,0.03162143
508.58961764,0.03674194
508.81413976,0.03597490
509.03867534,0.03632733
509.26322439,0.03323843
509.48778689,0.03371524
509.71236285,0.03974791
509.93695226,0.03632733
510.16155512,0.03985157
510.38617142,0.03860772
510.61080117,0.03665902
510.83544436,0.03657610
511.06010099,0.03462740
511.28477105,0.04265023
511.50945454,0.04061861
511.73415147,0.03715656
511.95886182,0.03562248
512.18358560,0.03603709
512.40832280,0.02697772
512.63307341,0.03618221
512.85783745,0.03471032
513.08261489,0.03104096
513.30740575,0.03251285
513.53221001,0.03448228
513.75702768,0.03377743
513.98185875,0.03050196
514.20670322,0.03311405
514.43156109,0.03357013
514.65643235,0.02917519
514.88131700,0.03064708
515.10621504,0.03709437
515.33112647,0.03354939
515.55605128,0.03280308
515.78098946,0.03415059
516.00594103,0.03180800
516.23090597,0.03193239
516.45588428,0.03593344
516.68087596,0.02770330
516.90588100,0.03172508
517.13089941,0.02743380
517.35593118,0.02851180
517.58097631,0.02712284
517.80603479,0.03102023
518.03110663,0.02645945
518.25619181,0.02701918
518.48129034,0.02650091
518.70640222,0.02861546
518.93152743,0.02674968
519.15666598,0.02907154
519.38181787,0.02536072
519.60698310,0.03110316
519.83216165,0.02799353
520.05735353,0.02542291
520.28255873,0.02125601
520.50777726,0.02322544
520.73300910,0.02745453
520.95825426,0.02478025
521.18351273,0.02770330
521.40878452,0.02932031
521.63406961,0.02490464
521.85936801,0.02631433
522.08467971,0.02189867
522.31000471,0.02432417
522.53534300,0.02405467
522.76069459,0.03099950
522.98605947,0.03145558
523.21143764,0.02954834
523.43682910,0.03232628
523.66223383,0.03184947
523.88765185,0.02940323
524.11308315,0.03153850
524.33852772,0.03589198
524.56398556,0.03278235
524.78945667,0.03686633
525.01494104,0.03541517
525.24043868,0.03419205
525.46594959,0.03852479
525.69147374,0.04677566
525.91701116,0.03842114
526.14256182,0.03489690
526.36812574,0.03377743
526.59370290,0.03670048
526.81929331,0.03518713
527.04489696,0.03819310
527.27051384,0.03506275
527.49614396,0.03558102
527.72178732,0.03361159
527.94744390,0.03019100
528.17311372,0.03556029
528.39879675,0.03587125
528.62449301,0.03444082
528.85020249,0.03732241
529.07592518,0.03738460
529.30166109,0.03572613
529.52741021,0.04275388
529.75317254,0.04725247
529.97894807,0.03968572
530.20473680,0.04528304
530.43053874,0.04335508
530.65635387,0.05676793
530.88218219,0.04567693
531.10802371,0.05396926
531.33387841,0.05498507
531.55974630,0.05794958
531.78562738,0.05882028
532.01152163,0.05886174
532.23742906,0.05660208
532.46334967,0.05900685
532.68928344,0.05938001
532.91523039,0.06066532
533.14119051,0.06012632
533.36716378,0.05790812
533.59315022,0.05544115
533.81914982,0.05197910
534.04516257,0.06112140
534.27118847,0.05438388
534.49722752,0.05452900
534.72327973,0.05722400
534.94934507,0.05639477
535.17542356,0.05834347
535.40151518,0.06022997
535.62761994,0.05303638
535.85373784,0.05465338
536.07986886,0.06184698
536.30601301,0.06000193
536.53217029,0.05998120
536.75834069,0.05243518
536.98452420,0.05809470
537.21072084,0.06213721
537.43693059,0.06317375
537.66315345,0.05336807
537.88938941,0.05620819
538.11563848,0.05844712
538.34190066,0.05940074
538.56817593,0.05749350
538.79446431,0.05674719
539.02076577,0.05658135
539.24708033,0.06267621
539.47340798,0.06174332
539.69974871,0.06477003
539.92610252,0.06033363
540.15246942,0.06000193
540.37884939,0.06255183
540.60524244,0.07032589
540.83164856,0.06333960
541.05806775,0.06955885
541.28450001,0.06694676
541.51094533,0.07241970
541.73740371,0.07314528
541.96387515,0.06731992
542.19035965,0.06727846
542.41685719,0.07698049
542.64336779,0.07173559
542.86989144,0.07629637
543.09642813,0.06226160
543.32297786,0.07326967
543.54954063,0.06429322
543.77611643,0.07154901
544.00270527,0.06748576
544.22930714,0.07322820
544.45592204,0.06398225
544.68254996,0.06491514
544.90919091,0.06462491
545.13584487,0.06624191
545.36251185,0.06103848
545.58919184,0.06319448
545.81588485,0.05977390
546.04259086,0.06321521
546.26930988,0.06039582
546.49604191,0.06568218
546.72278693,0.06356764
546.94954495,0.06356764
547.17631596,0.06634557
547.40309997,0.07053320
547.62989696,0.06773453
547.85670694,0.07434767
548.08352991,0.08423628
548.31036585,0.07629637
548.53721477,0.07604760
548.76407667,0.08498259
548.99095154,0.08040107
549.21783938,0.07660733
549.44474018,0.07434767
549.67165395,0.07789264
549.89858069,0.07899138
550.12552038,0.07772680
550.35247302,0.07606833
550.57943862,0.07538421
550.80641717,0.07714633
551.03340866,0.07774753
551.26041310,0.08473382
551.48743048,0.08724225
551.71446081,0.08485820
551.94150406,0.09385538
552.16856025,0.09429073
552.39562937,0.09713085
552.62271142,0.09286030
552.84980640,0.09903809
553.07691429,0.10032340
553.30403511,0.09939051
553.53116884,0.10332937
553.75831549,0.10048925
553.98547505,0.10131848
554.21264752,0.10724750
554.43983289,0.10614876
554.66703116,0.11135220
554.89424234,0.10855354
555.12146641,0.11255459
555.34870338,0.11027420
555.57595324,0.11352894
555.80321599,0.11245094
556.03049162,0.11276190
556.25778014,0.11131074
556.48508154,0.12277489
556.71239582,0.12735640
556.93972297,0.12491017
557.16706300,0.12445409
557.39441589,0.12515894
557.62178165,0.13229034
557.84916028,0.12142739
558.07655177,0.12847587
558.30395611,0.13241473
558.53137331,0.12926364
558.75880337,0.13059041
558.98624627,0.13334761
559.21370202,0.13048676
559.44117062,0.12428824
559.66865206,0.13168915
559.89614634,0.12957460
560.12365345,0.12399801
560.35117340,0.13052822
560.57870618,0.12447482
560.80625179,0.12810271
561.03381022,0.12472359
561.26138148,0.13094284
561.48896555,0.12513821
561.71656244,0.12374924
561.94417215,0.12810271
562.17179467,0.12762591
562.39942999,0.12451628
562.62707812,0.12408093
562.85473906,0.12982337
563.08241279,0.13003068
563.31009933,0.12605036
563.53779866,0.13656089
563.76551078,0.12661009
563.99323568,0.12772956
564.22097338,0.13056968
564.44872386,0.13054895
564.67648712,0.12573940
564.90426316,0.12835148
565.13205197,0.12339682
565.35985356,0.12068108
565.58766792,0.12520040
565.81549504,0.12292001
566.04333493,0.12897341
566.27118758,0.11740561
566.49905298,0.11719830
566.72693115,0.12001769
566.95482207,0.12327243
567.18272573,0.11703245
567.41064215,0.12088839
567.63857131,0.11576787
567.86651321,0.11583006
568.09446785,0.11079247
568.32243523,0.11607883
568.55041534,0.10842916
568.77840819,0.11703245
569.00641376,0.11228509
569.23443206,0.11437890
569.46246308,0.11694953
569.69050682,0.11889823
569.91856327,0.11949942
570.14663244,0.12086765
570.37471433,0.11896042
570.60280892,0.12211150
570.83091622,0.11574714
571.05903622,0.11500083
571.28716892,0.11697026
571.51531432,0.11887749
571.74347241,0.12024573
571.97164320,0.11504229
572.19982667,0.11585079
572.42802284,0.11197413
572.65623168,0.11321798
572.88445321,0.11236801
573.11268742,0.10614876
573.34093430,0.10297695
573.56919385,0.10971447
573.79746608,0.10500857
574.02575097,0.11238874
574.25404853,0.11298994
574.48235874,0.11379844
574.71068162,0.11902261
574.93901715,0.11075101
575.16736534,0.12130300
575.39572618,0.12167616
575.62409966,0.12374924
575.85248579,0.12101277
576.08088456,0.12229808
576.30929597,0.12561501
576.53772002,0.12669302
576.76615671,0.12959533
576.99460602,0.13280861
577.22306796,0.13123307
577.45154253,0.13484023
577.68002972,0.13214523
577.90852953,0.13396954
578.13704196,0.13156476
578.36556700,0.13170988
578.59410465,0.13175134
578.82265492,0.12511747
579.05121779,0.12687960
579.27979326,0.12333462
579.50838133,0.11910553
579.73698201,0.12066035
579.96559527,0.12391509
580.19422113,0.11976892
580.42285958,0.11394356
580.65151062,0.12034938
580.88017424,0.11896042
581.10885044,0.11682514
581.33753922,0.12345901
581.56624057,0.10948643
581.79495450,0.11209851
582.02368100,0.11014981
582.25242007,0.10954862
582.48117170,0.11603737
582.70993589,0.11508375
582.93871264,0.11974819
583.16750195,0.11516668
583.39630381,0.11255459
583.62511822,0.11607883
583.85394518,0.11220217
584.08278469,0.11771657
584.31163674,0.11717757
584.54050133,0.11591299
584.76937845,0.11837995
584.99826811,0.11777876
585.22717030,0.12215297
585.45608502,0.11802753
585.68501226,0.12540771
585.91395203,0.12211150
586.14290432,0.13291227
586.37186912,0.13202084
586.60084644,0.14236553
586.82983628,0.14777627
587.05883862,0.15329067
587.28785347,0.15291752
587.51688082,0.15581984
587.74592067,0.15200536
587.97497302,0.15057494
588.20403787,0.15378821
588.43311520,0.15063713
588.66220503,0.15264802
588.89130735,0.15167367
589.12042215,0.15671126
589.34954943,0.15874288
589.57868919,0.15805876
589.80784142,0.16508652
590.03700613,0.16268174
590.26618331,0.15965504
590.49537296,0.16326220
590.72457507,0.15611007
590.95378964,0.15640030
591.18301667,0.15998673
591.41225616,0.16566698
591.64150811,0.15928188
591.87077250,0.16985461
592.10004934,0.16873514
592.32933863,0.16821687
592.55864036,0.15814169
592.78795453,0.15395406
593.01728114,0.16098181
593.24662018,0.16195616
593.47597165,0.15613080
593.70533555,0.16214274
593.93471188,0.16346951
594.16410063,0.16297197
594.39350180,0.16253662
594.62291539,0.15876361
594.85234140,0.16013185
595.08177981,0.15998673
595.31123064,0.15434795
595.54069387,0.15664907
595.77016951,0.15924042
595.99965755,0.15969650
596.22915798,0.15689784
596.45867081,0.15241998
596.68819604,0.15235779
596.91773365,0.15098955
597.14728365,0.15366383
597.37684603,0.15882581
597.60642080,0.15789292
597.83600795,0.16726325
598.06560747,0.16434021
598.29521936,0.16409144
598.52484363,0.16504506
598.75448026,0.17319227
598.98412926,0.17209354
599.21379062,0.18446984
599.44346434,0.18755874
599.67315042,0.18697827
599.90284885,0.19178783
600.13255963,0.20053624
600.36228276,0.19653519
600.59201824,0.20219470
600.82176606,0.20837249
601.05152622,0.21314058
601.28129871,0.21479905
601.51108354,0.23380922
601.74088070,0.23519819
601.97069019,0.23919924
602.20051201,0.24191498
602.43034615,0.24116867
602.66019261,0.23602742
602.89005139,0.23727127
603.11992249,0.24241252
603.34980589,0.25298524
603.57970161,0.26005445
603.80960963,0.26654320
604.03952996,0.27400630
604.26946259,0.28965808
604.49940751,0.28998977
604.72936474,0.28337664
604.95933425,0.28573995
605.18931606,0.27970728
605.41931015,0.27516723
605.64931653,0.28536680
605.87933519,0.28408149
606.10936612,0.29579441
606.33940934,0.30282216
606.56946483,0.31190226
606.79953259,0.30385870
607.02961261,0.31486677
607.25970490,0.32089944
607.48980946,0.33203190
607.71992627,0.33039416
607.95005534,0.34637763
608.18019667,0.34233512
608.41035024,0.34961164
608.64051607,0.36211233
608.87069414,0.36656946
609.10088445,0.35634916
609.33108700,0.36621704
609.56130179,0.37305821
609.79152882,0.38539306
610.02176808,0.38230416
610.25201956,0.38377605
610.48228328,0.38263586
610.71255921,0.38638814
610.94284737,0.37606418
611.17314775,0.36976201
611.40346034,0.36994859
611.63378514,0.36035021
611.86412215,0.35278346
612.09447137,0.34536182
612.32483280,0.34075958
612.55520642,0.31414119
612.78559225,0.30195146
613.01599027,0.28557411
613.24640048,0.26954917
613.47682288,0.25856183
613.70725747,0.26032395
613.93770425,0.23696031
614.16816321,0.23065813
614.39863434,0.22918625
614.62911766,0.22756924
614.85961314,0.22483277
615.09012080,0.22949721
615.32064063,0.22595224
615.55117262,0.23055448
615.78171677,0.23760296
616.01227308,0.23884681
616.24284156,0.24069186
616.47342218,0.23579938
616.70401496,0.24299298
616.93461988,0.23758223
617.16523695,0.24516972
617.39586617,0.23312510
617.62650752,0.22477058
617.85716101,0.22325723
618.08782664,0.22182680
618.31850440,0.21459174
618.54919429,0.21448809
618.77989630,0.21001023
619.01061044,0.20590552
619.24133670,0.20480679
619.47207508,0.19688761
619.70282557,0.18938305
619.93358818,0.18542346
620.16436289,0.16811322
620.39514972,0.17099480
620.62594864,0.16060866
620.85675967,0.15644176
621.08758280,0.15258583
621.31841802,0.14808724
621.54926534,0.14661535
621.78012475,0.14253137
622.01099624,0.13867544
622.24187982,0.13969125
622.47277549,0.13444635
622.70368323,0.13249765
622.93460305,0.12260904
623.16553494,0.11761291
623.39647890,0.11643126
623.62743493,0.11097905
623.85840303,0.11338382
624.08938319,0.11195340
624.32037541,0.11365333
624.55137968,0.11367406
624.78239602,0.10521588
625.01342440,0.10461468
625.24446483,0.10337083
625.47551731,0.10631461
625.70658183,0.10382691
625.93765839,0.10648046
626.16874699,0.11253386
626.39984763,0.10399276
626.63096029,0.11442037
626.86208499,0.11222290
627.09322171,0.11549837
627.32437046,0.12333462
627.55553123,0.11964454
627.78670401,0.12387362
628.01788882,0.12283708
628.24908563,0.13036237
628.48029446,0.12710763
628.71151529,0.13658162
628.94274813,0.14396180
629.17399296,0.15142490
629.40524980,0.15353944
629.63651863,0.15903311
629.86779946,0.15600641
630.09909228,0.15822461
630.33039709,0.16322074
630.56171388,0.16921195
630.79304265,0.16539748
631.02438340,0.17806402
631.25573613,0.18851236
631.48710084,0.20049478
631.71847751,0.21237354
631.94986615,0.22688512
632.18126676,0.23426530
632.41267933,0.23412018
632.64410387,0.22736193
632.87554035,0.22599370
633.10698880,0.23820416
633.33844919,0.25064266
633.56992154,0.26534081
633.80140583,0.28381199
634.03290207,0.28097186
634.26441024,0.28146940
634.49593035,0.27844270
634.72746240,0.27309415
634.95900638,0.26710294
635.19056229,0.27106252
635.42213013,0.28810327
635.65370989,0.28965808
635.88530158,0.29338963
636.11690518,0.30097711
636.34852069,0.29784676
636.58014812,0.30814998
636.81178746,0.32912958
637.04343871,0.33993034
637.27510187,0.36035021
637.50677692,0.37817873
637.73846387,0.37815800
637.97016272,0.37133755
638.20187347,0.37403256
638.43359610,0.36860108
638.66533062,0.36889132
638.89707703,0.38458455
639.12883532,0.37368014
639.36060549,0.37075709
639.59238754,0.35209129
639.82418146,0.36091986
640.05598725,0.34445444
640.28780491,0.34943004
640.51963444,0.35282865
640.75147583,0.33884737
640.98332908,0.34141944
641.21519419,0.33671698
641.44707115,0.34838622
641.67895997,0.33077762
641.91086063,0.32697111
642.14277314,0.32293468
642.37469750,0.31420249
642.60663369,0.30718442
642.83858172,0.31380018
643.07054159,0.32206151
643.30251329,0.31908786
643.53449683,0.33131604
643.76649218,0.33560196
643.99849937,0.32999924
644.23051837,0.32388519
644.46254919,0.32639669
644.69459183,0.33573955
644.92664628,0.33548357
645.15871254,0.33158305
645.39079061,0.31834046
645.62288049,0.32430160
645.85498217,0.32018659
646.08709564,0.31825266
646.31922091,0.31651004
646.55135798,0.30894104
646.78350684,0.29424639
647.01566748,0.29113173
647.24783991,0.29227073
647.48002413,0.29909238
647.71222012,0.30103561
647.94442789,0.29258379
648.17664744,0.29552115
648.40887875,0.29340820
648.64112184,0.28939187
648.87337669,0.28701164
649.10564331,0.27998959
649.33792168,0.28166210
649.57021181,0.27000134
649.80251370,0.27021970
650.03482734,0.27368572
650.26715273,0.27568474
650.49948987,0.27535905
650.73183875,0.26323396
650.96419937,0.25447791
651.19657173,0.24443122
651.42895582,0.24768171
651.66135165,0.24850496
651.89375921,0.23828699
652.12617849,0.24145197
652.35860950,0.24703695
652.59105224,0.25097446
652.82350669,0.25228850
653.05597285,0.25256784
653.28845073,0.25696675
653.52094032,0.26063469
653.75344162,0.26477273
653.98595462,0.26385617
654.21847933,0.26684250
654.45101573,0.27135219
654.68356383,0.28609216
654.91612363,0.28758477
655.14869511,0.28734472
655.38127829,0.29844620
655.61387315,0.30634282
655.84647969,0.30718933
656.07909792,0.30525063
656.31172782,0.29985705
656.54436939,0.27912264
656.77702264,0.27485431
657.00968756,0.28210020
657.24236414,0.27956073
657.47505238,0.27703595
657.70775229,0.28232979
657.94046385,0.28568125
658.17318707,0.28222868
658.40592195,0.28371453
658.63866847,0.28309767
658.87142663,0.28942033
659.10419645,0.29450041
659.33697790,0.29542335
659.56977099,0.29644610
659.80257572,0.30303593
660.03539208,0.30028596
660.26822007,0.29329944
660.50105969,0.29425324
660.73391093,0.30210017
660.96677380,0.30568734
661.19964828,0.30755554
661.43253438,0.31734588
661.66543209,0.32673070
661.89834142,0.32846393
662.13126235,0.32955469
662.36419489,0.33349895
662.59713903,0.35317189
662.83009477,0.33910202
663.06306210,0.33184689
663.29604103,0.32421055
663.52903155,0.32666286
663.76203367,0.30727327
663.99504736,0.30077561
664.22807264,0.29317511
664.46110950,0.28989647
664.69415794,0.28908788
664.92721795,0.28980832
665.16028953,0.29160453
665.39337269,0.30201029
665.62646740,0.29600274
665.85957369,0.30028659
666.09269153,0.30026497
666.32582093,0.29503454
666.55896189,0.28566320
666.79211440,0.27433800
667.02527846,0.27707447
667.25845406,0.26743463
667.49164121,0.25485101
667.72483991,0.24927442
667.95805014,0.24788546
668.19127190,0.24340760
668.42450520,0.24641357
668.65775003,0.24531483
668.89100639,0.25018658
669.12427427,0.25215601
669.35755368,0.24780253
669.59084460,0.25704848
669.82414704,0.26378600
670.05746099,0.26065565
670.29078646,0.27601719
670.52412343,0.27357095
670.75747191,0.28080601
670.99083189,0.29473713
671.22420337,0.29059097
671.45758635,0.29324451
671.69098082,0.30814998
671.92438678,0.30848167
672.15780424,0.31051330
672.39123317,0.31455581
672.62467360,0.32206037
672.85812550,0.33999254
673.09158888,0.35307369
673.32506373,0.35437973
673.55855006,0.36422688
673.79204785,0.36273426
674.02555712,0.37496545
674.25907784,0.36410249
674.49261003,0.37442645
674.72615367,0.37672757
674.95970878,0.37614711
675.19327533,0.38671983
675.42685333,0.38599425
675.66044278,0.38321632
675.89404368,0.39443170
676.12765601,0.39436951
676.36127979,0.40378130
676.59491500,0.40500442
676.82856165,0.39689867
677.06221972,0.39702305
677.29588922,0.38943557
677.52957015,0.39538532
677.76326250,0.37973354
677.99696627,0.37100586
678.23068146,0.37415695
678.46440806,0.36209160
678.69814607,0.35292858
678.93189549,0.33557687
679.16565631,0.33628172
679.39942854,0.31940682
679.63321217,0.31604843
679.86700720,0.31644231
680.10081361,0.31544723
680.33463143,0.30460501
680.56846063,0.30404528
680.80230121,0.30750732
681.03615318,0.30678175
681.27001653,0.30159904
681.50389126,0.30319531
681.73777736,0.29600171
681.97167484,0.28957516
682.20558368,0.28998977
682.43950390,0.29146166
682.67343547,0.28097186
682.90737841,0.27270026
683.14133270,0.26838825
683.37529836,0.25230112
683.60927536,0.23963458
683.84326371,0.23557134
684.07726341,0.23084471
684.31127446,0.22798386
684.54529685,0.23096910
684.77933057,0.23387141
685.01337564,0.22139145
685.24743203,0.23453480
685.48149976,0.24299298
685.71557881,0.24987562
685.94966919,0.26179584
686.18377090,0.26534081
686.41788392,0.28319006
686.65200826,0.29355548
686.88614391,0.29745287
687.12029088,0.30321604
687.35444915,0.29531760
687.58861873,0.30363066
687.82279961,0.29585660
688.05699179,0.29305794
688.29119527,0.29838576
688.52541004,0.29442617
688.75963611,0.29705899
688.99387346,0.29989911
689.22812210,0.30941456
689.46238203,0.31492896
689.69665323,0.32322129
689.93093571,0.33748411
690.16522947,0.33901819
690.39953450,0.35044088
690.63385080,0.35610039
690.86817837,0.36323180
691.10251720,0.36839378
691.33686730,0.38147493
691.57122865,0.38446017
691.80560125,0.39302200
692.03998511,0.39264885
692.27438023,0.40568854
692.50878658,0.39358173
692.74320419,0.39816325
692.97763303,0.40220576
693.21207312,0.41686246
693.44652444,0.42314390
693.68098699,0.43502267
693.91546077,0.44084803
694.14994579,0.45608519
694.38444203,0.43908591
694.61894949,0.44970009
694.85346817,0.45046713
695.08799806,0.45079883
695.32253918,0.43268008
695.55709150,0.43545801
695.79165503,0.43989441
696.02622977,0.43900299
696.26081571,0.44880867
696.49541285,0.44775140
696.73002119,0.46694815
696.96464072,0.45888385
697.19927145,0.45743269
697.43391336,0.46307148
697.66856647,0.46099840
697.90323075,0.46159959
698.13790622,0.44994886
698.37259286,0.46423241
698.60729068,0.45998259
698.84199967,0.48351208
699.07671984,0.50376610
699.31145117,0.51831914
699.54619366,0.52418597
699.78094731,0.53571231
700.01571213,0.54632650
700.25048810,0.55590414
700.48527522,0.58214937
700.72007349,0.56913041
700.95488292,0.58212864
701.18970348,0.58712477
701.42453519,0.61268589
701.65937804,0.60868484
701.89423202,0.62609873
702.12909714,0.63853723
702.36397339,0.65089281
702.59886077,0.66175576
702.83375927,0.65381585
703.06866889,0.66602631
703.30358964,0.64863315
703.53852150,0.63190337
703.77346448,0.63140583
704.00841857,0.61905025
704.24338376,0.61330781
704.47836007,0.61627232
704.71334748,0.59639145
704.94834598,0.60976284
705.18335559,0.60006081
705.41837629,0.56371966
705.65340808,0.57624109
705.88845096,0.56971087
706.12350493,0.58047018
706.35856998,0.57646912
706.59364612,0.58532119
706.82873333,0.60642518
707.06383161,0.62041849
707.29894097,0.61791006
707.53406141,0.63696169
707.76919290,0.63845431
708.00433546,0.66111311
708.23948909,0.68041351
708.47465377,0.68232075
708.70982951,0.68932777
708.94501630,0.69492509
709.18021414,0.70410885
709.41542303,0.72112886
709.65064297,0.71748024
709.88587395,0.72197883
710.12111597,0.70970618
710.35636902,0.68265244
710.59163311,0.68016474
710.82690823,0.66695920
711.06219437,0.63712754
711.29749155,0.63482641
711.53279974,0.60818730
711.76811896,0.58886616
712.00344920,0.56220631
712.23879044,0.56083808
712.47414270,0.56651833
712.70950597,0.55474321
712.94488025,0.55312621
713.18026553,0.56539886
713.41566181,0.56573055
713.65106908,0.58457488
713.88648736,0.59956327
714.12191662,0.59612195
714.35735688,0.59653657
714.59280812,0.58071895
714.82827034,0.57020841
715.06374355,0.56355382
715.29922774,0.54935320
715.53472290,0.55768699
715.77022903,0.55204821
716.00574614,0.55619437
716.24127421,0.54918735
716.47681324,0.54462657
716.71236324,0.54528996
716.94792420,0.54412903
717.18349611,0.53208442
717.41907898,0.53652081
717.65467280,0.54184864
717.89027757,0.54296810
718.12589328,0.53459285
718.36151993,0.53347338
718.59715752,0.51987396
718.83280605,0.51197551
719.06846552,0.49250926
719.30413591,0.48850821
719.53981724,0.48504616
719.77550949,0.47978053
720.01121266,0.47667090
720.24692676,0.49323484
720.48265177,0.51313644
720.71838769,0.51950080
720.95413453,0.51355105
721.18989228,0.51778014
721.42566093,0.51496075
721.66144049,0.52619686
721.89723095,0.51079385
722.13303231,0.50892808
722.36884456,0.49941263
722.60466770,0.50494776
722.84050173,0.49738101
723.07634666,0.48803140
723.31220246,0.48131461
723.54806915,0.49041545
723.78394671,0.48023661
724.01983515,0.46978827
724.25573447,0.45355603
724.49164465,0.44833186
724.72756571,0.43427636
724.96349762,0.43002654
725.19944040,0.43537509
725.43539404,0.41613688
725.67135854,0.39650478
725.90733388,0.38421140
726.14332008,0.37877992
726.37931713,0.38052131
726.61532503,0.36352203
726.85134376,0.36229891
727.08737334,0.36086848
727.32341375,0.35554066
727.55946500,0.35122865
727.79552708,0.35838078
728.03159998,0.35773813
728.26768372,0.35829786
728.50377827,0.36623777
728.73988365,0.37144121
728.97599985,0.35477362
729.21212686,0.35435900
729.44826468,0.35257615
729.68441331,0.33916330
729.92057275,0.33056001
730.15674299,0.32193598
730.39292403,0.31907513
730.62911587,0.30626348
730.86531851,0.30586959
731.10153194,0.29745287
731.33775616,0.29052877
731.57399117,0.28283764
731.81023696,0.26998452
732.04649353,0.26359943
732.28276088,0.24844519
732.51903901,0.24720134
732.75532791,0.23217149
732.99162758,0.22383769
733.22793802,0.22180607
733.46425923,0.20932611
733.70059119,0.20714937
733.93693392,0.20134474
734.17328740,0.19891923
734.40965164,0.20090939
734.64602662,0.19334264
734.88241236,0.19354995
735.11880884,0.19875339
735.35521607,0.19097932
735.59163403,0.18749654
735.82806273,0.19068909
736.06450217,0.19305241
736.30095234,0.19452430
736.53741323,0.19688761
736.77388486,0.20951269
737.01036720,0.21005169
737.24686027,0.22443889
737.48336406,0.23467992
737.71987856,0.24620626
737.95640377,0.25673752
738.19293969,0.26405550
738.42948632,0.26907236
738.66604365,0.28439245
738.90261169,0.28638261
739.13919042,0.28675576
739.37577985,0.29558710
739.61237997,0.30031373
739.84899078,0.29426032
740.08561228,0.30147465
740.32224446,0.30103931
740.55888732,0.28544972
740.79554087,0.27176737
741.03220509,0.26235558
741.26887998,0.25470590
741.50556555,0.25362790
741.74226178,0.23617254
741.97896868,0.23540550
742.21568624,0.22232434
742.45241446,0.21253939
742.68915333,0.20530433
742.92590286,0.20151059
743.16266304,0.19804854
743.39943387,0.18979767
743.63621535,0.19209879
743.87300747,0.19124883
744.10981023,0.18245895
744.34662363,0.18455277
744.58344766,0.18455277
744.82028232,0.18890624
745.05712761,0.18606612
745.29398353,0.18378573
745.53085007,0.18444911
745.76772724,0.18444911
746.00461502,0.18556858
746.24151341,0.17472635
746.47842242,0.17522389
746.71534204,0.18084195
746.95227227,0.18223091
747.18921310,0.18473934
747.42616453,0.18102853
747.66312656,0.19164271
747.90009918,0.18407596
748.13708240,0.19033667
748.37407621,0.19328045
748.61108061,0.18967328
748.84809559,0.18415888
749.08512115,0.19230610
749.32215730,0.18202361
749.55920401,0.17854083
749.79626131,0.17632263
750.03332917,0.17947371
750.27040760,0.17497512
750.50749660,0.18737216
750.74459616,0.18741362
750.98170628,0.18306015
751.21882695,0.18730997
751.45595818,0.19064763
751.69309997,0.20497264
751.93025230,0.20424706
752.16741517,0.20370805
752.40458859,0.20059843
752.64177256,0.19753027
752.87896705,0.20292028
753.11617209,0.20018381
753.35338765,0.20358367
753.59061374,0.20157278
753.82785037,0.21073581
754.06509751,0.21471613
754.30235518,0.22864724
754.53962336,0.23544696
754.77690206,0.23926143
755.01419127,0.24382221
755.25149099,0.26040688
755.48880122,0.25908010
755.72612195,0.26111173
755.96345319,0.26359943
756.20079492,0.25499613
756.43814715,0.25045608
756.67550987,0.24417464
756.91288309,0.23693958
757.15026679,0.23088617
757.38766097,0.23548842
757.62506564,0.23103129
757.86248079,0.22462546
758.09990641,0.22647051
758.33734251,0.22421085
758.57478908,0.20967853
758.81224612,0.21090165
759.04971362,0.20339709
759.28719159,0.19336337
759.52468001,0.17785671
759.76217889,0.17609459
759.99968823,0.16815468
760.23720802,0.16019404
760.47473826,0.16141716
760.71227894,0.15689784
760.94983007,0.15206755
761.18739164,0.14804577
761.42496364,0.13985710
761.66254608,0.15227486
761.90013895,0.14960059
762.13774226,0.15679418
762.37535598,0.15739538
762.61298014,0.15683565
762.85061471,0.16120985
763.08825970,0.17708967
763.32591511,0.18264553
763.56358093,0.19342556
763.80125716,0.19889850
764.03894380,0.21144065
764.27664084,0.21403201
764.51434829,0.20611283
764.75206613,0.20953342
764.98979437,0.21115042
765.22753300,0.21579413
765.46528203,0.22416938
765.70304144,0.24129305
765.94081124,0.24755376
766.17859142,0.25298524
766.41638197,0.25642656
766.65418291,0.25424982
766.89199422,0.25203162
767.12981590,0.23142518
767.36764795,0.22671928
767.60549036,0.21786721
767.84334314,0.21450882
768.08120628,0.21575267
768.31907977,0.20690060
768.55696362,0.21032119
768.79485782,0.21137846
769.03276238,0.20410194
769.27067727,0.21685140
769.50860251,0.21386616
769.74653809,0.22043784
769.98448401,0.22331942
770.22244027,0.22043784
770.46040685,0.22866798
770.69838377,0.22416938
770.93637101,0.22812897
771.17436858,0.23157029
771.41237647,0.22906186
771.65039468,0.23183979
771.88842320,0.22226215
772.12646204,0.22763143
772.36451118,0.21757698
772.60257064,0.21761844
772.84064039,0.20621649
773.07872045,0.20634087
773.31681081,0.19873266
773.55491147,0.18871966
773.79302242,0.18109072
774.03114366,0.17398004
774.26927519,0.17729698
774.50741700,0.16545967
774.74556910,0.16709741
774.98373147,0.17074603
775.22190413,0.17474708
775.46008705,0.16933634
775.69828025,0.16993753
775.93648372,0.17505805
776.17469745,0.17408370
776.41292145,0.17943225
776.65115570,0.17599093
776.88940022,0.17895544
777.12765499,0.17406297
777.36592001,0.18094560
777.60419528,0.17655067
777.84248079,0.17167892
778.08077655,0.17062165
778.31908256,0.16747056
778.55739879,0.16278539
778.79572527,0.16152081
779.03406198,0.15666980
779.27240891,0.15764415
779.51076608,0.14481176
779.74913346,0.14678119
779.98751107,0.14763116
780.22589890,0.15998673
780.46429695,0.14076925
780.70270520,0.14852258
780.94112367,0.14182652
781.17955235,0.14394107
781.41799123,0.13477804
781.65644031,0.14259357
781.89489959,0.13817790
782.13336907,0.13415612
782.37184874,0.13318177
782.61033861,0.13770109
782.84883866,0.13739013
783.08734890,0.13212450
783.32586931,0.13730720
783.56439991,0.14070706
783.80294069,0.13743159
784.04149164,0.14197164
784.28005276,0.14321549
784.51862406,0.15534303
784.75720551,0.15148709
784.99579713,0.15675272
785.23439891,0.15932335
785.47301085,0.15503206
785.71163295,0.15832827
785.95026519,0.15743684
786.18890759,0.15542595
786.42756013,0.15849411
786.66622282,0.15455525
786.90489564,0.15801730
787.14357861,0.14827381
787.38227171,0.15509426
787.62097494,0.14939328
787.85968831,0.14943474
788.09841180,0.14618000
788.33714541,0.14647023
788.57588915,0.13707916
788.81464301,0.13983636
789.05340698,0.13326469
789.29218106,0.13303665
789.53096526,0.13452927
789.76975956,0.13318177
790.00856397,0.13330615
790.24737848,0.14153629
790.48620309,0.13560728
790.72503780,0.14474957
790.96388260,0.14460446
791.20273749,0.15057494
791.44160247,0.14145337
791.68047754,0.13334761
791.91936269,0.13079772
792.15825792,0.12949168
792.39716323,0.13367931
792.63607861,0.12287854
792.87500406,0.11342529
793.11393958,0.12296147
793.35288517,0.11305213
793.59184082,0.10720604
793.83080653,0.10411714
794.06978230,0.11091686
794.30876813,0.11715684
794.54776401,0.10874012
794.78676993,0.10616950
795.02578591,0.11491791
795.26481193,0.11738487
795.50384798,0.11493864
795.74289408,0.12163470
795.98195022,0.12018354
796.22101638,0.12602963
796.46009258,0.12857952
796.69917880,0.13088065
796.93827505,0.12963680
797.17738132,0.13792913
797.41649761,0.14166068
797.65562392,0.15289679
797.89476024,0.15470037
798.13390657,0.15938554
798.37306290,0.16720106
798.61222925,0.15521864
798.85140559,0.15859777
799.09059194,0.15078224
799.32978828,0.16195616
799.56899462,0.14935182
799.80821094,0.16205982
800.04743726,0.15646249
800.28667356,0.14543369
800.52591985,0.14572392
800.76517611,0.15221267
801.00444236,0.14904085
801.24371857,0.15026397
801.48300476,0.15766488
801.72230092,0.16514871
801.96160705,0.17281912
802.20092314,0.17912129
802.44024919,0.18138095
802.67958519,0.18797335
802.91893116,0.19068909
803.15828707,0.18623196
803.39765294,0.19048178
803.63702875,0.20014235
803.87641450,0.18944524
804.11581020,0.19344629
804.35521584,0.19390237
804.59463141,0.18954890
804.83405692,0.19070982
805.07349235,0.18502958
805.31293772,0.18496738
805.55239300,0.18310161
805.79185821,0.17953591
806.03133334,0.18094560
806.27081839,0.17694455
806.51031335,0.16859003
806.74981822,0.16647548
806.98933300,0.16193543
807.22885768,0.15604787
807.46839227,0.14493615
807.70793675,0.13664382
807.94749114,0.14226187
808.18705542,0.13639505
808.42662959,0.13879982
808.66621364,0.13689259
808.90580759,0.13513047
809.14541141,0.13809497
809.38502512,0.12884902
809.62464871,0.12292001
809.86428217,0.12084692
810.10392550,0.11359113
810.34357870,0.10619023
810.58324177,0.10664630
810.82291470,0.09893444
811.06259749,0.10177456
811.30229015,0.10509149
811.54199265,0.09592846
811.78170501,0.09358588
812.02142722,0.08477528
812.26115928,0.08303389
812.50090118,0.07571590
812.74065292,0.07113439
812.98041450,0.06881254
813.22018592,0.07604760
813.45996717,0.06367129
813.69975825,0.06346398
813.93955916,0.06099701
814.17936989,0.05778374
814.41919045,0.05351318
814.65902083,0.06052021
814.89886102,0.04899386
815.13871102,0.05210349
815.37857084,0.05202056
815.61844047,0.05496434
815.85831990,0.05483996
816.09820913,0.05239372
816.33810817,0.05036210
816.57801700,0.04704517
816.81793562,0.04719028
817.05786404,0.04646470
817.29780225,0.03896014
817.53775024,0.04066007
817.77770801,0.03858699
818.01767557,0.03278235
818.25765290,0.03126900
818.49764001,0.03043977
818.73763689,0.03124827
818.97764354,0.02788988
819.21765996,0.02956908
819.45768614,0.02519487
819.69772209,0.02426198
819.93776779,0.02366079
820.17782324,0.02092432
820.41788845,0.02231328
820.65796341,0.01965974
820.89804812,0.01740008
821.13814257,0.02021947
821.37824677,0.02314252
821.61836070,0.02341202
821.85848437,0.02162917
822.09861777,0.02853253
822.33876090,0.03060562
822.57891376,0.03054342
822.81907635,0.03788214
823.05924866,0.04710736
823.29943069,0.05641550
823.53962243,0.06777600
823.77982389,0.08038034
824.02003506,0.09037260
824.26025594,0.10577561
824.50048652,0.12287854
824.74072681,0.12658936
824.98097680,0.15277240
825.22123648,0.16201835
825.46150586,0.18210653
825.70178493,0.18500885
825.94207369,0.19265852
826.18237214,0.20536652
826.42268027,0.21946349
826.66299808,0.22387915
826.90332557,0.23559207
827.14366273,0.23086544
827.38400957,0.23857731
827.62436608,0.23839073
827.86473225,0.24349052
828.10510809,0.24660014
828.34549359,0.25000000
828.58588874,0.23899193
828.82629356,0.24324175
829.06670802,0.24021505
829.30713214,0.25178285
829.54756590,0.24137597
829.78800931,0.24879761
830.02846236,0.25692410
830.26892505,0.26092515
830.50939738,0.25696556
830.74987934,0.25379374
830.99037093,0.25180358
831.23087215,0.26158853
831.47138299,0.26156780
831.71190346,0.25252916
831.95243355,0.25404251
832.19297325,0.24881834
832.43352257,0.24879761
832.67408150,0.25043535
832.91465003,0.23640057
833.15522818,0.23030571
833.39581592,0.23092764
833.63641327,0.23101056
833.87702022,0.21585632
834.11763676,0.20623722
834.35826289,0.20611283
834.59889861,0.19885704
834.83954392,0.18484300
835.08019881,0.17557632
835.32086328,0.17134723
835.56153733,0.16506579
835.80222095,0.14819089
836.04291415,0.13660236
836.28361692,0.13351346
836.52432926,0.12994776
836.76505116,0.11676295
837.00578262,0.11707391
837.24652364,0.10449030
837.48727421,0.10641827
837.72803434,0.09623943
837.96880402,0.08993725
838.20958325,0.09122257
838.45037202,0.08993725
838.69117033,0.08421555
838.93197819,0.08284731
839.17279558,0.08599840
839.41362250,0.09269446
839.65445896,0.08823733
839.89530494,0.09041406
840.13616045,0.09383465
840.37702548,0.09760766
840.61790003,0.09733816
840.85878410,0.10519515
841.09967768,0.10384764
841.34058078,0.10577561
841.58149338,0.10243795
841.82241549,0.10094533
842.06334710,0.09762839
842.30428821,0.10305987
842.54523883,0.09530654
842.78619893,0.09843690
843.02716853,0.09062137
843.26814762,0.09350296
843.50913619,0.08931533
843.75013425,0.09078722
843.99114179,0.08664105
844.23215881,0.08778125
844.47318530,0.08328266
844.71422127,0.09207253
844.95526670,0.08228758
845.19632161,0.08098154
845.43738597,0.07387086
845.67845980,0.07718779
845.91954309,0.07183924
846.16063584,0.07020150
846.40173803,0.06825281
846.64284968,0.07557079
846.88397078,0.06561999
847.12510132,0.07194289
847.36624130,0.07208801
847.60739073,0.07067831
847.84854959,0.07250263
848.08971788,0.07351844
848.33089561,0.07380867
848.57208276,0.07799630
848.81327934,0.08485820
849.05448534,0.08390458
849.29570076,0.08419481
849.53692560,0.09912101
849.77815986,0.10567196
850.01940353,0.11495937
850.26065660,0.11516668
850.50191908,0.12472359
850.74319097,0.12634059
850.98447225,0.12853806
851.22576294,0.13917298
851.46706301,0.14232406
851.70837248,0.14584831
851.94969135,0.15797584
852.19101959,0.16805103
852.43235722,0.18420034
852.67370424,0.19073055
852.91506063,0.19597545
853.15642640,0.21067361
853.39780154,0.22108049
853.63918605,0.22483277
853.88057992,0.22667782
854.12198317,0.22941428
854.36339577,0.24160401
854.60481773,0.24164548
854.84624905,0.24361490
855.08768973,0.23204710
855.32913975,0.23016059
855.57059912,0.23405799
855.81206784,0.24270275
856.05354590,0.24025651
856.29503330,0.22960086
856.53653004,0.22389988
856.77803611,0.22889601
857.01955151,0.22773509
857.26107624,0.25791918
857.50261030,0.22207557
857.74415367,0.21171016
857.98570637,0.19755100
858.22726839,0.19949970
858.46883972,0.18531981
858.71042037,0.18005418
858.95201032,0.16933634
859.19360958,0.16568771
859.43521814,0.15264802
859.67683601,0.14895793
859.91846317,0.15880507
860.16009963,0.13873763
860.40174538,0.14412765
860.64340042,0.13637432
860.88506474,0.13061114
861.12673835,0.12866245
861.36842125,0.12464067
861.61011342,0.12225662
861.85181487,0.12265051
862.09352559,0.11902261
862.33524558,0.12497236
862.57697484,0.12445409
862.81871336,0.11802753
863.06046114,0.12090912
863.30221819,0.11927138
863.54398449,0.12631986
863.78576004,0.12246393
864.02754485,0.11877384
864.26933890,0.11504229
864.51114220,0.11630687
864.75295474,0.11400575
864.99477653,0.11879457
865.23660755,0.10660484
865.47844780,0.10612803
865.72029728,0.10198187
865.96215600,0.10017829
866.20402394,0.10073802
866.44590110,0.10003317
866.68778748,0.09190668
866.92968308,0.09613577
867.17158790,0.09831251
867.41350193,0.09505777
867.65542516,0.09319200
867.89735761,0.09406269
868.13929926,0.09373100
868.38125011,0.09232130
868.62321015,0.09729670
868.86517940,0.09677843
869.10715783,0.09006164
869.34914546,0.09520289
869.59114227,0.09675770
869.83314827,0.09014456
870.07516344,0.09155426
870.31718780,0.08939825
870.55922133,0.10125629
870.80126404,0.09995025
871.04331592,0.09650893
871.28537696,0.08966775
871.52744717,0.09157499
871.76952655,0.09128476
872.01161508,0.09383465
872.25371277,0.08796783
872.49581961,0.08508624
872.73793560,0.09271519
872.98006075,0.08925314
873.22219503,0.08529355
873.46433846,0.08361435
873.70649103,0.08094007
873.94865274,0.07836945
874.19082358,0.08152054
874.43300356,0.08058765
874.67519266,0.07405744
874.91739089,0.06897838
875.15959824,0.06881254
875.40181471,0.06095555
875.64404031,0.06425176
875.88627501,0.05707889
876.12851883,0.05577285
876.37077176,0.05336807
876.61303379,0.04969871
876.85530493,0.04986456
877.09758517,0.04443308
877.33987451,0.04520012
877.58217294,0.04546962
877.82448047,0.04826828
878.06679709,0.05604235
878.30912279,0.05691304
878.55145758,0.05794958
878.79380145,0.06265548
879.03615440,0.06400299
879.27851643,0.07078197
879.52088753,0.07432694
879.76326770,0.07306236
880.00565694,0.08052546
880.24805524,0.08344850
880.49046260,0.08711786
880.73287903,0.08458870
880.97530451,0.08664105
881.21773905,0.08208027
881.46018264,0.07849384
881.70263527,0.08688982
881.94509695,0.07834872
882.18756768,0.07930234
882.43004744,0.07754022
882.67253625,0.08398751
882.91503409,0.08079496
883.15754095,0.07745729
883.40005685,0.07443059
883.64258178,0.07662806
883.88511573,0.07523910
884.12765869,0.07677318
884.37021068,0.07640002
884.61277168,0.07899138
884.85534170,0.07472082
885.09792072,0.07297944
885.34050876,0.07071977
885.58310579,0.07457571
885.82571183,0.07581956
886.06832686,0.07036735
886.31095090,0.07318674
886.55358392,0.06879181
886.79622594,0.06532976
887.03887694,0.06294571
887.28153693,0.06130798
887.52420589,0.06205429
887.76688384,0.06002267
888.00957077,0.05488142
888.25226667,0.04928410
888.49497154,0.05303638
888.73768537,0.04984383
888.98040818,0.04629886
889.22313994,0.04126126
889.46588067,0.04967798
889.70863035,0.04169661
889.95138899,0.04109542
890.19415657,0.03983084
890.43693311,0.03900160
890.67971859,0.03701144
890.92251302,0.03327989
891.16531639,0.03415059
891.40812869,0.02917519
891.65094993,0.02878130
891.89378010,0.02894715
892.13661920,0.02662530
892.37946723,0.02994223
892.62232418,0.02407540
892.86519005,0.03290674
893.10806484,0.02996296
893.35094854,0.03568467
893.59384116,0.03160070
893.83674269,0.03821383
894.07965312,0.04003814
894.32257246,0.04289900
894.56550070,0.04571839
894.80843784,0.05413511
895.05138388,0.05247664
895.29433881,0.05639477
895.53730263,0.05467411
895.78027533,0.06188844
896.02325692,0.05494361
896.26624740,0.05908978
896.50924675,0.06311156
896.75225498,0.06584803
896.99527208,0.06331887
897.23829806,0.05906905
897.48133290,0.06561999
897.72437661,0.06184698
897.96742918,0.05900685
898.21049061,0.06006413
898.45356090,0.05797031
898.69664005,0.06022997
898.93972804,0.05467411
899.18282488,0.05865443
899.42593057,0.05873735
899.66904511,0.05680939
899.91216848,0.05863370
900.15530069,0.05797031
900.39844174,0.06458345
900.64159162,0.05890320
900.88475033,0.06365056
901.12791786,0.07416109
901.37109422,0.07181851
901.61427940,0.07045027
901.85747340,0.07225386
902.10067621,0.07683537
902.34388784,0.08245342
902.58710827,0.07899138
902.83033752,0.07364282
903.07357557,0.07747803
903.31682242,0.07457571
903.56007807,0.07681464
903.80334251,0.08224612
904.04661575,0.08038034
904.28989778,0.08465089
904.53318860,0.09132622
904.77648820,0.09105672
905.01979659,0.09281884
905.26311375,0.09395904
905.50643969,0.09762839
905.74977441,0.10297695
905.99311789,0.10084167
906.23647015,0.10560976
906.47983117,0.10956935
906.72320095,0.10687434
906.96657950,0.11607883
907.20996680,0.10996324
907.45336285,0.11659710
907.69676766,0.11325944
907.94018122,0.11487644
908.18360352,0.10992178
908.42703457,0.11286555
908.67047435,0.10281110
908.91392288,0.10432445
909.15738014,0.10581707
909.40084613,0.09657112
909.64432085,0.10181602
909.88780430,0.09681989
910.13129648,0.09323346
910.37479737,0.09082868
910.61830699,0.08827879
910.86182531,0.08838244
911.10535236,0.08168638
911.34888811,0.08643374
911.59243257,0.07836945
911.83598573,0.08083642
912.07954760,0.07780972
912.32311816,0.08230831
912.56669743,0.08792636
912.81028538,0.07913649
913.05388203,0.08071203
913.29748736,0.08384239
913.54110138,0.08019376
913.78472408,0.08268146
914.02835547,0.07839018
914.27199552,0.08326193
914.51564426,0.07814141
914.75930166,0.07872188
915.00296774,0.07816214
915.24664247,0.08100227
915.49032588,0.07449279
915.73401794,0.08249489
915.97771866,0.08463016
916.22142803,0.09779424
916.46514606,0.10243795
916.70887274,0.10202333
916.95260806,0.09688208
917.19635202,0.10610730
917.44010463,0.10152579
917.68386588,0.10774504
917.92763576,0.10111117
918.17141427,0.10525734
918.41520141,0.11485571
918.65899718,0.10685361
918.90280158,0.11189120
919.14661459,0.11794461
919.39043623,0.12849660
919.63426648,0.13177207
919.87810534,0.13819863
920.12195281,0.14951766
920.36580890,0.14937255
920.60967358,0.16232932
920.85354687,0.16475482
921.09742876,0.17250815
921.34131924,0.16973022
921.58521832,0.17914202
921.82912599,0.17565924
922.07304225,0.17682017
922.31696709,0.16554259
922.56090052,0.16475482
922.80484252,0.16181105
923.04879310,0.15096882
923.29275226,0.13705843
923.53671999,0.13121234
923.78069629,0.12034938
924.02468115,0.12818564
924.26867458,0.11645199
924.51267656,0.10871939
924.75668711,0.10337083
925.00070621,0.09549312
925.24473386,0.08647521
925.48877006,0.08483747
925.73281481,0.08118884
925.97686810,0.06819061
926.22092994,0.06792111
926.46500031,0.06170186
926.70907921,0.05442534
926.95316665,0.05527531
927.19726262,0.05073525
927.44136712,0.05003041
927.68548014,0.04323069
927.92960168,0.04824755
928.17373175,0.04269169
928.41787032,0.04194538
928.66201741,0.03889795
928.90617302,0.03620294
929.15033713,0.03085439
929.39450974,0.03004588
929.63869086,0.03079219
929.88288047,0.02961054
930.12707859,0.03102023
930.37128520,0.04055642
930.61550029,0.02944469
930.85972388,0.03388109
931.10395595,0.03211897
931.34819651,0.03408840
931.59244554,0.03676267
931.83670306,0.03383963
932.08096904,0.04219415
932.32524350,0.04679640
932.56952643,0.05083891
932.81381782,0.05349245
933.05811768,0.05185472
933.30242600,0.05875809
933.54674278,0.05749350
933.79106801,0.06702969
934.03540169,0.06593095
934.27974382,0.06918569
934.52409440,0.07488667
934.76845343,0.07783045
935.01282089,0.07391232
935.25719680,0.07770606
935.50158114,0.07418182
935.74597391,0.07134170
935.99037511,0.06644922
936.23478474,0.07378794
936.47920279,0.07084416
936.72362927,0.08100227
936.96806417,0.07034662
937.21250748,0.07113439
937.45695920,0.07416109
937.70141934,0.06790038
937.94588788,0.06976616
938.19036483,0.07049174
938.43485019,0.07094781
938.67934394,0.06680165
938.92384608,0.06439687
939.16835663,0.06107994
939.41287556,0.06107994
939.65740288,0.06166040
939.90193859,0.05237299
940.14648268,0.05558627
940.39103515,0.05303638
940.63559600,0.05564846
940.88016523,0.05450826
941.12474282,0.05726547
941.36932879,0.05469484
941.61392312,0.05556554
941.85852581,0.05566919
942.10313687,0.05438388
942.34775628,0.05442534
942.59238405,0.05162668
942.83702017,0.05483996
943.08166464,0.05853005
943.32631746,0.06234452
943.57097862,0.05944220
943.81564813,0.05944220
944.06032597,0.06058240
944.30501215,0.05624965
944.54970666,0.05811543
944.79440950,0.05301564
945.03912067,0.04845486
945.28384016,0.05683012
945.52856798,0.05044502
945.77330412,0.05019625
946.01804857,0.04389408
946.26280133,0.04246365
946.50756241,0.04731467
946.75233179,0.04480624
946.99710948,0.04596716
947.24189548,0.04663055
947.48668977,0.04439162
947.73149236,0.04810244
947.97630324,0.04206977
948.22112242,0.04277461
948.46594988,0.04675493
948.71078563,0.04578058
948.95562966,0.05340953
949.20048198,0.04420504
949.44534257,0.04582205
949.69021144,0.04385262
949.93508857,0.04969871
950.17997398,0.04563547
950.42486766,0.04206977
950.66976959,0.04891094
950.91467979,0.04370750
951.15959825,0.04843413
951.40452496,0.04837194
951.64945993,0.04644397
951.89440314,0.05112914
952.13935461,0.04582205
952.38431431,0.04584278
952.62928226,0.04231854
952.87425845,0.04244292
953.11924287,0.04578058
953.36423553,0.04003814
953.60923642,0.03883576
953.85424553,0.03873210
954.09926287,0.03786141
954.34428843,0.03340428
954.58932222,0.03421278
954.83436421,0.03636879
955.07941443,0.02965200
955.32447285,0.02745453
955.56953948,0.02807646
955.81461432,0.02583753
956.05969736,0.02407540
956.30478860,0.01895489
956.54988803,0.02059263
956.79499567,0.01845735
957.04011149,0.02212671
957.28523550,0.01619769
957.53036770,0.01476726
957.77550808,0.01534773
958.02065664,0.01814639
958.26581338,0.01476726
958.51097830,0.01802200
958.75615139,0.01725496
959.00133264,0.02069628
959.24652207,0.01503676
959.49171965,0.02026093
959.73692540,0.01769031
959.98213931,0.01785616
960.22736137,0.01810493
960.47259159,0.02378517
960.71782995,0.05448753
960.96307647,0.02648018
961.20833112,0.02967273
961.45359392,0.03558102
961.69886486,0.03500055
961.94414394,0.03454447
962.18943115,0.03433717
962.43472648,0.03527005
962.68002995,0.03837968
962.92534154,0.03796506
963.17066126,0.03564321
963.41598909,0.03871137
963.66132504,0.03533225
963.90666911,0.04066007
964.15202128,0.03947841
964.39738157,0.04729394
964.64274996,0.04379043
964.88812645,0.05251810
965.13351104,0.04513793
965.37890374,0.05050721
965.62430452,0.05202056
965.86971340,0.05548261
966.11513036,0.05589723
966.36055542,0.05875809
966.60598855,0.05805324
966.85142977,0.05761789
967.09687907,0.05792885
967.34233644,0.05915197
967.58780188,0.06033363
967.83327539,0.06006413
968.07875697,0.06514318
968.32424661,0.07270993
968.56974432,0.06649068
968.81525008,0.06495660
969.06076390,0.06159821
969.30628577,0.06856377
969.55181570,0.06628338
969.79735367,0.07316601
970.04289968,0.06327741
970.28845374,0.06653215
970.53401583,0.06684311
970.77958597,0.07503179
971.02516413,0.06479076
971.27075033,0.06564072
971.51634455,0.06547487
971.76194680,0.07453425
972.00755708,0.06454199
972.25317537,0.06899912
972.49880168,0.06294571
972.74443600,0.06002267
972.99007834,0.06238598
973.23572868,0.06112140
973.48138703,0.05964951
973.72705338,0.06157748
973.97272774,0.06271767
974.21841009,0.06062386
974.46410043,0.06603461
974.70979877,0.06147382
974.95550510,0.06329814
975.20121941,0.06729919
975.44694171,0.06406518
975.69267199,0.06452126
975.93841024,0.06667726
976.18415647,0.07221239
976.42991068,0.07472082
976.67567285,0.06814915
976.92144299,0.06588949
977.16722110,0.06271767
977.41300717,0.06787965
977.65880119,0.06748576
977.90460317,0.06029217
978.15041311,0.06545414
978.39623099,0.06143236
978.64205683,0.06170186
978.88789061,0.06035436
979.13373233,0.06033363
979.37958199,0.05243518
979.62543958,0.05218641
979.87130511,0.05432169
980.11717857,0.05351318
980.36305996,0.04820609
980.60894928,0.04333435
980.85484651,0.04385262
981.10075167,0.04522085
981.34666475,0.03659683
981.59258573,0.04012107
981.83851463,0.03568467
982.08445144,0.03719802
982.33039616,0.03487617
982.57634878,0.03468959
982.82230930,0.03757118
983.06827771,0.03771629
983.31425403,0.04140638
983.56023823,0.03806872
983.80623032,0.04030765
984.05223031,0.03850406
984.29823817,0.04124053
984.54425391,0.03875283
984.79027754,0.03386036
985.03630904,0.04022472
985.28234841,0.03771629
985.52839565,0.04611228
985.77445076,0.03945768
986.02051374,0.04256731
986.26658457,0.03589198
986.51266327,0.04320996
986.75874982,0.04117834
987.00484422,0.03985157
987.25094647,0.04750124
987.49705658,0.04192465
987.74317452,0.03962353
987.98930031,0.04161369
988.23543394,0.04209050
988.48157541,0.03775775
988.72772471,0.04254658
988.97388184,0.05125352
989.22004680,0.04343800
989.46621959,0.04702443
989.71240020,0.04327215
989.95858862,0.04974017
990.20478487,0.04285754
990.45098893,0.05332661
990.69720080,0.04360385
990.94342048,0.04762563
991.18964797,0.04335508
991.43588326,0.04256731
991.68212635,0.04032838
991.92837724,0.04066007
992.17463593,0.04424650
992.42090240,0.03912599
992.66717667,0.03879429
992.91345872,0.03786141
993.15974856,0.03157997
993.40604618,0.03607856
993.65235158,0.03282382
993.89866475,0.03439936
994.14498570,0.03348720
994.39131441,0.03305185
994.63765090,0.03502128
994.88399515,0.03133120
995.13034716,0.03309332
995.37670693,0.03311405
995.62307445,0.02784842
995.86944973,0.02786915
996.11583276,0.02697772
996.36222354,0.03145558
996.60862206,0.02768257
996.85502833,0.02832523
997.10144233,0.02457294
997.34786408,0.02210598
997.59429355,0.02384737
997.84073076,0.01891343
998.08717570,0.01466361
998.33362836,0.01833296
998.58008875,0.01628061
998.82655685,0.01887197
999.07303267,0.02440710
999.31951621,0.02063409
999.56600746,0.01207225
999.81250642,0.01377218
1000.05901309,0.01441484
1000.30552746,0.01557576
1000.55204953,0.01267345
1000.79857929,0.01621842
1001.04511676,0.01839516
1001.29166191,0.01717204
1001.53821476,0.00929432
1001.78477529,0.01408314
1002.03134351,0.01476726
1002.27791941,0.01478799
1002.52450299,0.01354414
1002.77109424,0.01495384
1003.01769317,0.01084913
1003.26429976,0.01528553
1003.51091403,0.01410388
1003.75753596,0.01373072
1004.00416555,0.01435265
1004.25080280,0.02111090
1004.49744771,0.01860247
1004.74410027,0.01248687
1004.99076048,0.01478799
1005.23742834,0.01567942
1005.48410384,0.01939024
1005.73078699,0.01441484
1005.97747778,0.01874758
1006.22417620,0.01335757
1006.47088226,0.01547211
1006.71759595,0.01625988
1006.96431727,0.01872685
1007.21104622,0.01690254
1007.45778279,0.02082066
1007.70452698,0.01246614
1007.95127879,0.01692327
1008.19803821,0.01717204
1008.44480524,0.02065482
1008.69157988,0.02057189
1008.93836213,0.02285229
1009.18515199,0.01628061
1009.43194944,0.01893416
1009.67875450,0.01910001
1009.92556715,0.01586600
1010.17238739,0.02104870
1010.41921522,0.02272790
1010.66605064,0.01939024
1010.91289364,0.01932804
1011.15974422,0.01669523
1011.40660239,0.01725496
1011.65346813,0.01690254
1011.90034144,0.02604483
1012.14722232,0.01748300
1012.39411078,0.01883050
1012.64100679,0.02065482
1012.88791037,0.02198159
1013.13482151,0.01843662
1013.38174020,0.02017801
1013.62866645,0.02465587
1013.87560025,0.02573387
1014.12254160,0.02303886
1014.36949049,0.02581679
1014.61644693,0.02990077
1014.86341091,0.02339129
1015.11038242,0.02405467
1015.35736147,0.02569241
1015.60434805,0.02496683
1015.85134216,0.02111090
1016.09834379,0.01887197
1016.34535295,0.01994997
1016.59236963,0.02069628
1016.83939383,0.01731715
1017.08642554,0.02142186
1017.33346476,0.02042678
1017.58051150,0.01731715
1017.82756574,0.01725496
1018.07462748,0.01518188
1018.32169673,0.01899635
1018.56877347,0.01613550
1018.81585771,0.01849881
1019.06294945,0.01713058
1019.31004867,0.01118083
1019.55715538,0.01097352
1019.80426957,0.01858173
1020.05139125,0.02026093
1020.29852041,0.01754519
1020.54565704,0.01138814
1020.79280114,0.01370999
1021.03995272,0.00987479
1021.28711177,0.01642573
1021.53427828,0.01248687
1021.78145225,0.01696473
1022.02863368,0.01252833
1022.27582257,0.00885898
1022.52301891,0.01628061
1022.77022270,0.01495384
1023.01743395,0.01207225
1023.26465263,0.01113937
1023.51187876,0.00431892
1023.75911234,0.00968821
1024.00635335,0.00809193
1024.25360179,0.00831997
1024.50085766,0.00630908
1024.74812097,0.00861021
1024.99539170,0.00599812
1025.24266985,0.00786390
1025.48995543,0.00423600
1025.73724842,0.00749074
1025.98454883,0.00688955
1026.23185665,0.00521035
1026.47917188,0.00402869
1026.72649452,0.00927359
1026.97382456,0.00686882
1027.22116200,0.00357261
1027.46850685,0.00581154
1027.71585908,0.00691028
1027.96321872,0.00761513
1028.21058574,0.00241169
1028.45796014,-0.01183039
1028.70534194,-0.01183039
1028.95273111,-0.01185112
1029.20012767,-0.01127066
1029.44753160,-0.01259743
1029.69494290,-0.01143651
