399.81288841,0.00428350
400.03045039,0.00664252
400.24802720,0.00823590
400.46561883,0.00324884
400.68322529,0.00244180
400.90084656,0.00382825
401.11848265,0.00610450
401.33613355,0.00560786
401.55379926,0.00320745
401.77147978,0.00469736
401.98917511,0.00660114
402.20688524,0.00254527
402.42461017,0.00188308
402.64234989,0.00608381
402.86010441,0.00072426
403.07787372,0.00705639
403.29565782,0.00378686
403.51345670,0.00240041
403.73127037,0.00449043
403.94909882,0.00291774
404.16694205,0.00736679
404.38480005,0.00103466
404.60267282,0.00324884
404.82056036,0.00122090
405.03846267,0.00637351
405.25637974,0.00811174
405.47431157,0.00651837
405.69225816,0.00258665
405.91021951,0.00465598
406.12819561,0.00022763
406.34618645,0.00227625
406.56419205,0.00324884
406.78221239,0.00240041
407.00024747,0.00504915
407.21829729,0.00091050
407.43636184,0.00887739
407.65444113,0.00674599
407.87253515,0.00740817
408.09064390,0.00564925
408.30876737,0.00391102
408.52690556,0.00786342
408.74505847,0.00378686
408.96322610,0.00622866
409.18140844,0.00455251
409.39960550,0.00300052
409.61781726,0.00564925
409.83604372,0.00411795
410.05428489,0.00809105
410.27254076,0.00217279
410.49081133,0.00651837
410.70909659,0.00593895
410.92739654,0.00546301
411.14571118,0.00691154
411.36404051,0.00374547
411.58238452,0.00823590
411.80074321,0.00337300
412.01911658,0.00829798
412.23750462,0.00931195
412.45590734,0.00614589
412.67432472,0.00502845
412.89275677,0.00610450
413.11120349,0.00295913
413.32966486,0.00297982
413.54814090,0.00422142
413.76663159,0.00571133
413.98513693,0.00386963
414.20365692,0.00395241
414.42219156,0.00639421
414.64074084,0.00136575
414.85930477,0.00556648
415.07788333,0.00221417
415.29647653,0.00465598
415.51508437,0.00142783
415.73370683,0.00223487
415.95234392,0.00422142
416.17099564,0.00660114
416.38966198,0.00655975
416.60834294,0.00449043
416.82703851,0.00591826
417.04574870,-0.00111743
417.26447350,0.00399379
417.48321291,0.00622866
417.70196692,0.00235903
417.92073554,0.00562856
418.13951875,0.00672530
418.35831657,0.00068288
418.57712898,0.00289705
418.79595598,0.00827729
419.01479757,0.00916710
419.23365374,0.00355923
419.45252450,0.00186239
419.67140984,0.00757372
419.89030975,0.00809105
420.10922425,0.00999483
420.32815331,0.00347646
420.54709694,0.00600103
420.76605514,0.00492499
420.98502791,0.00502845
421.20401523,0.00360062
421.42301712,0.00432488
421.64203356,0.00819452
421.86106455,0.00395241
422.08011009,0.00378686
422.29917018,0.00755303
422.51824482,0.00515261
422.73733399,0.00418003
422.95643771,0.00720124
423.17555596,0.00432488
423.39468875,0.00517331
423.61383606,0.00600103
423.83299790,0.00461459
424.05217427,0.00478013
424.27136516,0.00757372
424.49057057,0.00475944
424.70979050,0.00844283
424.92902494,0.00579410
425.14827390,0.00492499
425.36753736,0.00647698
425.58681532,0.01173306
425.80610779,0.00871185
426.02541476,0.01057424
426.24473623,0.00413864
426.46407219,0.00778065
426.68342265,0.00289705
426.90278759,0.00722193
427.12216702,0.00587688
427.34156093,0.00579410
427.56096933,0.00987067
427.78039220,0.01266425
427.99982955,0.00856699
428.21928137,0.00755303
428.43874766,0.00320745
428.65822841,0.00730471
428.87772363,0.00856699
429.09723331,0.00689084
429.31675745,0.00407656
429.53629605,0.00571133
429.75584910,0.00645629
429.97541660,0.01082256
430.19499854,0.00535954
430.41459494,0.01121573
430.63420577,0.00720124
430.85383104,0.00871185
431.07347075,0.00978789
431.29312489,0.01359545
431.51279347,0.00722193
431.73247647,0.00718055
431.95217390,0.00747025
432.17188574,0.01047077
432.39161201,0.00759441
432.61135270,0.00587688
432.83110780,0.01036730
433.05087731,0.01179514
433.27066123,0.00641490
433.49045956,0.00842214
433.71027229,0.00807036
433.93009942,0.00937403
434.14994095,0.00875323
434.36979687,0.01049146
434.58966718,0.01084325
434.80955189,0.00939472
435.02945098,0.01227108
435.24936445,0.01665804
435.46929230,0.01133989
435.68923454,0.01078117
435.90919115,0.01160890
436.12916213,0.01078117
436.34914748,0.01353337
436.56914720,0.01280911
436.78916128,0.00968443
437.00918972,0.00966374
437.22923252,0.00852561
437.44928968,0.01169167
437.66936119,0.00970512
437.88944706,0.01398862
438.10954727,0.01349198
438.32966182,0.01450595
438.54979072,0.01270564
438.76993395,0.01789964
438.99009153,0.01556130
439.21026343,0.01597517
439.43044967,0.01442318
439.65065024,0.01703052
439.87086513,0.01200207
440.09109434,0.01390585
440.31133788,0.01347129
440.53159573,0.01738231
440.75186789,0.01256079
440.97215437,0.01374030
441.19245516,0.01504397
441.41277025,0.01473357
441.63309964,0.01483704
441.85344334,0.01607863
442.07380133,0.01363683
442.29417362,0.01504397
442.51456020,0.01384377
442.73496107,0.01520952
442.95537623,0.01551992
443.17580567,0.01620279
443.39624939,0.01665804
443.61670739,0.01481635
443.83717967,0.01729953
444.05766622,0.01583032
444.27816704,0.01941024
444.49868212,0.01212623
444.71921147,0.01274703
444.93975509,0.01390585
445.16031296,0.01556130
445.38088508,0.01878945
445.60147147,0.01554061
445.82207210,0.01442318
446.04268698,0.01723745
446.26331610,0.02056906
446.48395947,0.01245732
446.70461707,0.01481635
446.92528892,0.01434040
447.14597499,0.01895499
447.36667530,0.01154682
447.58738984,0.01984480
447.80811860,0.01732023
448.02886158,0.01249871
448.24961879,0.01429902
448.47039021,0.01680290
448.69117585,0.02212106
448.91197570,0.01862390
449.13278975,0.01084325
449.35361802,0.01340921
449.57446049,0.01703052
449.79531715,0.01264356
450.01618802,0.01193999
450.23707308,0.01189860
450.45797234,0.01951371
450.67888578,0.01508536
450.89981341,0.01285049
451.12075522,0.01769271
451.34171122,0.01920331
451.56268139,0.01750647
451.78366574,0.01692706
452.00466426,0.01700983
452.22567696,0.01394723
452.44670382,0.01628557
452.66774484,0.01067770
452.88880003,0.01972064
453.10986938,0.01369891
453.33095288,0.01539576
453.55205053,0.01388515
453.77316234,0.01235385
453.99428830,0.01458872
454.21542840,0.01171236
454.43658264,0.01771340
454.65775102,0.01231247
454.87893354,0.01510605
455.10013019,0.01607863
455.32134098,0.02005173
455.54256589,0.01860321
455.76380493,0.01489912
455.98505809,0.01727884
456.20632537,0.01963787
456.42760677,0.01938955
456.64890229,0.01396793
456.87021191,0.01909984
457.09153565,0.01694775
457.31287349,0.01818934
457.53422544,0.02178996
457.75559149,0.02112778
457.97697163,0.01732023
458.19836587,0.01953440
458.41977420,0.01932747
458.64119663,0.02257631
458.86263313,0.01765132
459.08408373,0.02427315
459.30554840,0.02102431
459.52702716,0.02764615
459.74851999,0.01823073
459.97002689,0.02717020
460.19154786,0.02030005
460.41308290,0.02423176
460.63463201,0.01653389
460.85619518,0.01729953
461.07777241,0.01990688
461.29936369,0.02050698
461.52096903,0.02396275
461.74258841,0.02274185
461.96422185,0.02218314
462.18586933,0.02145887
462.40753086,0.02563890
462.62920642,0.02313502
462.85089602,0.02261769
463.07259966,0.01961718
463.29431733,0.01949302
463.51604902,0.02025867
463.73779475,0.02137610
463.95955449,0.02348681
464.18132826,0.02818417
464.40311604,0.02216244
464.62491784,0.02489395
464.84673365,0.02350750
465.06856347,0.02735644
465.29040730,0.02383859
465.51226513,0.02342473
465.73413696,0.02058976
465.95602279,0.02392137
466.17792261,0.02574237
466.39983643,0.02975685
466.62176424,0.02253492
466.84370603,0.02762545
467.06566181,0.02634247
467.28763157,0.02783238
467.50961531,0.02826694
467.73161303,0.02741852
467.95362472,0.02437662
468.17565038,0.03209519
468.39769001,0.02594930
468.61974360,0.02669426
468.84181116,0.02988101
469.06389267,0.03544749
469.28598814,0.03019141
469.50809757,0.03344025
469.73022094,0.03559234
469.95235827,0.03288153
470.17450954,0.02774961
470.39667475,0.02907398
470.61885390,0.03095706
470.84104699,0.02969477
471.06325402,0.03594413
471.28547498,0.03017072
471.50770986,0.03170202
471.72995867,0.03004656
471.95222141,0.02576306
472.17449806,0.02892913
472.39678864,0.02439731
472.61909313,0.02696327
472.84141153,0.02574237
473.06374384,0.03702018
473.28609005,0.03116399
473.50845017,0.02870150
473.73082420,0.02973616
473.95321212,0.02880497
474.17561393,0.03296430
474.39802964,0.03089498
474.62045924,0.03279876
474.84290273,0.02625970
475.06536010,0.03269529
475.28783136,0.03358510
475.51031649,0.03294361
475.73281550,0.02708743
475.95532838,0.02406622
476.17785513,0.02803932
476.40039575,0.03178479
476.62295024,0.03075013
476.84551859,0.03128815
477.06810080,0.03095706
477.29069686,0.03043973
477.51330678,0.02930160
477.73593055,0.03184687
477.95856817,0.02859803
478.18121963,0.03151578
478.40388494,0.03244697
478.62656409,0.03172271
478.84925707,0.02814278
479.07196389,0.03120538
479.29468455,0.02857734
479.51741903,0.03250905
479.74016733,0.02824625
479.96292946,0.02650802
480.18570542,0.02863942
480.40849519,0.02671495
480.63129877,0.03070874
480.85411617,0.02884635
481.07694738,0.02454216
481.29979239,0.02868081
481.52265121,0.02555613
481.74552383,0.02841180
481.96841025,0.02677703
482.19131046,0.02855665
482.41422447,0.02909467
482.63715227,0.02828764
482.86009385,0.02714951
483.08304922,0.02652871
483.30601837,0.02609415
483.52900130,0.03128815
483.75199801,0.02880497
483.97500849,0.03122607
484.19803274,0.03178479
484.42107076,0.03062597
484.64412255,0.03172271
484.86718810,0.03141231
485.09026741,0.02392137
485.31336047,0.02745991
485.53646729,0.02758407
485.75958786,0.02508019
485.98272218,0.02532850
486.20587024,0.02288670
486.42903205,0.02743921
486.65220760,0.02634247
486.87539689,0.02954992
487.09859991,0.02772892
487.32181666,0.02919814
487.54504715,0.03244697
487.76829136,0.02801862
487.99154929,0.03284014
488.21482094,0.02741852
488.43810631,0.02884635
488.66140540,0.03248836
488.88471820,0.03230212
489.10804471,0.03228143
489.33138493,0.03433006
489.55473885,0.03366787
489.77810647,0.03561304
490.00148780,0.04004139
490.22488281,0.03764097
490.44829153,0.03813761
490.67171393,0.03875841
490.89515002,0.03985515
491.11859979,0.04157268
491.34206325,0.03900673
491.56554038,0.03546818
491.78903120,0.03817900
492.01253568,0.03631661
492.23605384,0.03863425
492.45958567,0.04020693
492.68313116,0.04295913
492.90669031,0.03733057
493.13026312,0.03530264
493.35384960,0.03530264
493.57744972,0.03581997
493.80106350,0.03495085
494.02469092,0.03602690
494.24833200,0.03528195
494.47198671,0.03793068
494.69565507,0.03122607
494.91933706,0.04169684
495.14303269,0.03542680
495.36674195,0.03412312
495.59046484,0.03735127
495.81420136,0.03333678
496.03795150,0.02876358
496.26171526,0.02859803
496.48549264,0.02897051
496.70928364,0.03046042
496.93308825,0.03004656
497.15690647,0.03310916
497.38073830,0.02845318
497.60458373,0.03577858
497.82844276,0.04097258
498.05231539,0.03644077
498.27620162,0.03424728
498.50010144,0.03857217
498.72401485,0.03793068
498.94794185,0.04167615
499.17188244,0.03646146
499.39583661,0.03521987
499.61980435,0.03211588
499.84378568,0.03873771
500.06778058,0.03673047
500.29178904,0.03780652
500.51581108,0.03393689
500.73984668,0.03776513
500.96389585,0.03453699
501.18795858,0.03476461
501.41203486,0.03904811
501.63612470,0.03610967
501.86022809,0.03648215
502.08434503,0.03958614
502.30847551,0.03329540
502.53261954,0.03470253
502.75677711,0.03054320
502.98094822,0.03685463
503.20513286,0.03503363
503.42933104,0.03323332
503.65354274,0.03182618
503.87776797,0.02998448
504.10200673,0.02640455
504.32625901,0.03017072
504.55052480,0.02986032
504.77480411,0.02466632
504.99909694,0.02387998
505.22340327,0.02946715
505.44772312,0.02727367
505.67205646,0.02321780
505.89640331,0.02576306
506.12076366,0.02400414
506.34513750,0.02296948
506.56952484,0.02061045
506.79392567,0.02350750
507.01833999,0.02373513
507.24276779,0.02601138
507.46720907,0.02470771
507.69166384,0.02648733
507.91613208,0.02534920
508.14061380,0.02969477
508.36510898,0.02884635
508.58961764,0.03000517
508.81413976,0.03265391
509.03867534,0.03420590
509.26322439,0.03058458
509.48778689,0.03159855
509.71236285,0.03188826
509.93695226,0.03315054
510.16155512,0.03120538
510.38617142,0.03008795
510.61080117,0.02996379
510.83544436,0.03161924
511.06010099,0.03192964
511.28477105,0.03646146
511.50945454,0.03439214
511.73415147,0.03381273
511.95886182,0.03161924
512.18358560,0.02998448
512.40832280,0.02619762
512.63307341,0.03012933
512.85783745,0.03087429
513.08261489,0.02584584
513.30740575,0.02652871
513.53221001,0.02791516
513.75702768,0.03012933
513.98185875,0.02714951
514.20670322,0.02803932
514.43156109,0.02557682
514.65643235,0.02640455
514.88131700,0.02559752
515.10621504,0.03048112
515.33112647,0.02665287
515.55605128,0.02743921
515.78098946,0.02828764
516.00594103,0.02698396
516.23090597,0.02876358
516.45588428,0.03366787
516.68087596,0.02665287
516.90588100,0.02845318
517.13089941,0.02727367
517.35593118,0.02741852
517.58097631,0.02518365
517.80603479,0.02942576
518.03110663,0.02390067
518.25619181,0.02690119
518.48129034,0.02452147
518.70640222,0.02905329
518.93152743,0.02731505
519.15666598,0.02826694
519.38181787,0.02330057
519.60698310,0.02650802
519.83216165,0.02615623
520.05735353,0.02143818
520.28255873,0.02210036
520.50777726,0.02191412
520.73300910,0.02392137
520.95825426,0.02717020
521.18351273,0.02721159
521.40878452,0.02859803
521.63406961,0.02423176
521.85936801,0.02714951
522.08467971,0.02677703
522.31000471,0.02665287
522.53534300,0.02990171
522.76069459,0.03207450
522.98605947,0.03101914
523.21143764,0.03323332
523.43682910,0.03397827
523.66223383,0.03095706
523.88765185,0.03530264
524.11308315,0.03511640
524.33852772,0.03809622
524.56398556,0.03548888
524.78945667,0.03762028
525.01494104,0.03747543
525.24043868,0.03716503
525.46594959,0.04138645
525.69147374,0.04773927
525.91701116,0.03991723
526.14256182,0.03733057
526.36812574,0.03873771
526.59370290,0.03944128
526.81929331,0.03770305
527.04489696,0.04260735
527.27051384,0.04049664
527.49614396,0.03751681
527.72178732,0.03542680
527.94744390,0.03873771
528.17311372,0.03768236
528.39879675,0.04097258
528.62449301,0.04107605
528.85020249,0.04616658
529.07592518,0.04219348
529.30166109,0.04393171
529.52741021,0.04587688
529.75317254,0.04831868
529.97894807,0.04198655
530.20473680,0.05175375
530.43053874,0.05111226
530.65635387,0.06025867
530.88218219,0.05179514
531.10802371,0.06003104
531.33387841,0.05986549
531.55974630,0.05485773
531.78562738,0.05456803
532.01152163,0.05498189
532.23742906,0.05438179
532.46334967,0.05361614
532.68928344,0.05504397
532.91523039,0.05458872
533.14119051,0.05779617
533.36716378,0.05386446
533.59315022,0.05419555
533.81914982,0.05419555
534.04516257,0.06183135
534.27118847,0.05496120
534.49722752,0.05686498
534.72327973,0.05831350
534.94934507,0.05585101
535.17542356,0.05996896
535.40151518,0.06127263
535.62761994,0.05564408
535.85373784,0.05189860
536.07986886,0.06452147
536.30601301,0.05862390
536.53217029,0.06025867
536.75834069,0.05562338
536.98452420,0.05616141
537.21072084,0.05963787
537.43693059,0.06081738
537.66315345,0.05802380
537.88938941,0.06005173
538.11563848,0.06108639
538.34190066,0.06123125
538.56817593,0.06121055
538.79446431,0.06170719
539.02076577,0.06013451
539.24708033,0.06350750
539.47340798,0.06661148
539.69974871,0.06303156
539.92610252,0.06346611
540.15246942,0.06383859
540.37884939,0.06481117
540.60524244,0.07166063
540.83164856,0.06826694
541.05806775,0.07360579
541.28450001,0.07395758
541.51094533,0.07797206
541.73740371,0.08041386
541.96387515,0.07515779
542.19035965,0.07199172
542.41685719,0.08262804
542.64336779,0.07882049
542.86989144,0.08182100
543.09642813,0.07120538
543.32297786,0.07575789
543.54954063,0.07228143
543.77611643,0.08111743
544.00270527,0.07412312
544.22930714,0.08078634
544.45592204,0.07433006
544.68254996,0.07933782
544.90919091,0.07029488
545.13584487,0.07219865
545.36251185,0.06959131
545.58919184,0.07075013
545.81588485,0.07101914
546.04259086,0.07182618
546.26930988,0.06534920
546.49604191,0.06917744
546.72278693,0.06625970
546.94954495,0.06832902
547.17631596,0.06774961
547.40309997,0.07358510
547.62989696,0.07077082
547.85670694,0.07457838
548.08352991,0.08204863
548.31036585,0.07120538
548.53721477,0.07362649
548.76407667,0.08049664
548.99095154,0.07451630
549.21783938,0.07255044
549.44474018,0.07201242
549.67165395,0.07501293
549.89858069,0.07366787
550.12552038,0.07255044
550.35247302,0.07315054
550.57943862,0.07108122
550.80641717,0.07118469
551.03340866,0.07571650
551.26041310,0.08060010
551.48743048,0.07973099
551.71446081,0.08391102
551.94150406,0.08581480
552.16856025,0.08956027
552.39562937,0.09314020
552.62271142,0.08864977
552.84980640,0.08966374
553.07691429,0.09198138
553.30403511,0.09326436
553.53116884,0.09260217
553.75831549,0.09502328
553.98547505,0.09760993
554.21264752,0.09705122
554.43983289,0.09421624
554.66703116,0.09769271
554.89424234,0.09858251
555.12146641,0.10046560
555.34870338,0.09827212
555.57595324,0.10508019
555.80321599,0.10723228
556.03049162,0.10474909
556.25778014,0.10359027
556.48508154,0.11017072
556.71239582,0.10870150
556.93972297,0.11236420
557.16706300,0.10973616
557.39441589,0.11159855
557.62178165,0.11937920
557.84916028,0.11211588
558.07655177,0.11720641
558.30395611,0.11888257
558.53137331,0.11296430
558.75880337,0.11004656
558.98624627,0.11209519
559.21370202,0.10508019
559.44117062,0.10125194
559.66865206,0.10462494
559.89614634,0.10294878
560.12365345,0.09841697
560.35117340,0.09868598
560.57870618,0.09690636
560.80625179,0.09403001
561.03381022,0.09022245
561.26138148,0.09680290
561.48896555,0.09131919
561.71656244,0.08931195
561.94417215,0.08786342
562.17179467,0.08275220
562.39942999,0.07784790
562.62707812,0.08188308
562.85473906,0.08744956
563.08241279,0.08751164
563.31009933,0.08461459
563.53779866,0.09131919
563.76551078,0.08535954
563.99323568,0.08860838
564.22097338,0.09179514
564.44872386,0.08761511
564.67648712,0.08463528
564.90426316,0.08616658
565.13205197,0.08308329
565.35985356,0.08591826
565.58766792,0.08885670
565.81549504,0.08798758
566.04333493,0.09549922
566.27118758,0.08701500
566.49905298,0.08629074
566.72693115,0.08604242
566.95482207,0.08610450
567.18272573,0.08378686
567.41064215,0.08786342
567.63857131,0.08703570
567.86651321,0.08397310
568.09446785,0.08420072
568.32243523,0.08699431
568.55041534,0.08469736
568.77840819,0.08697362
569.00641376,0.08653906
569.23443206,0.08639421
569.46246308,0.08411795
569.69050682,0.08486291
569.91856327,0.08858769
570.14663244,0.08645629
570.37471433,0.08459390
570.60280892,0.09113295
570.83091622,0.08585618
571.05903622,0.08819452
571.28716892,0.08956027
571.51531432,0.09051216
571.74347241,0.08982928
571.97164320,0.08943611
572.19982667,0.09162959
572.42802284,0.09715468
572.65623168,0.09750647
572.88445321,0.10183135
573.11268742,0.09872737
573.34093430,0.09504397
573.56919385,0.09777548
573.79746608,0.09494051
574.02575097,0.10152095
574.25404853,0.10255561
574.48235874,0.10572168
574.71068162,0.10785308
574.93901715,0.10073461
575.16736534,0.11118469
575.39572618,0.10555613
575.62409966,0.11205380
575.85248579,0.11002587
576.08088456,0.11017072
576.30929597,0.11482669
576.53772002,0.11304708
576.76615671,0.11269529
576.99460602,0.11639938
577.22306796,0.11143301
577.45154253,0.12237972
577.68002972,0.12060010
577.90852953,0.11884118
578.13704196,0.12157268
578.36556700,0.12285566
578.59410465,0.11658562
578.82265492,0.11844801
579.05121779,0.11933782
579.27979326,0.11801345
579.50838133,0.11764097
579.73698201,0.11433006
579.96559527,0.11288153
580.19422113,0.11381273
580.42285958,0.11010864
580.65151062,0.11209519
580.88017424,0.10973616
581.10885044,0.11236420
581.33753922,0.11871702
581.56624057,0.11476461
581.79495450,0.11101914
582.02368100,0.10683911
582.25242007,0.10493533
582.48117170,0.11103983
582.70993589,0.11375065
582.93871264,0.11275737
583.16750195,0.10872219
583.39630381,0.10762545
583.62511822,0.10487325
583.85394518,0.10555613
584.08278469,0.10952923
584.31163674,0.11031557
584.54050133,0.10847387
584.76937845,0.11602690
584.99826811,0.11596482
585.22717030,0.11935851
585.45608502,0.11911019
585.68501226,0.12211071
585.91395203,0.12633213
586.14290432,0.13016037
586.37186912,0.12809105
586.60084644,0.12968443
586.82983628,0.13423694
587.05883862,0.13494051
587.28785347,0.13533368
587.51688082,0.13988619
587.74592067,0.13694775
587.97497302,0.13849974
588.20403787,0.13554061
588.43311520,0.14555613
588.66220503,0.15114330
588.89130735,0.14963270
589.12042215,0.15344025
589.34954943,0.15873771
589.57868919,0.15459907
589.80784142,0.16285566
590.03700613,0.15414382
590.26618331,0.15679255
590.49537296,0.14917744
590.72457507,0.14646663
590.95378964,0.14603207
591.18301667,0.14284532
591.41225616,0.14137610
591.64150811,0.13508536
591.87077250,0.13998965
592.10004934,0.13796172
592.32933863,0.13682359
592.55864036,0.13746508
592.78795453,0.13779617
593.01728114,0.14489395
593.24662018,0.14437662
593.47597165,0.13672012
593.70533555,0.13516813
593.93471188,0.14021728
594.16410063,0.13473357
594.39350180,0.13870667
594.62291539,0.13609933
594.85234140,0.13740300
595.08177981,0.14085877
595.31123064,0.13100879
595.54069387,0.12802897
595.77016951,0.12506984
595.99965755,0.12858769
596.22915798,0.12896017
596.45867081,0.13028453
596.68819604,0.13407139
596.91773365,0.12879462
597.14728365,0.12753233
597.37684603,0.13512675
597.60642080,0.13667874
597.83600795,0.13858251
598.06560747,0.14303156
598.29521936,0.13934816
598.52484363,0.14667356
598.75448026,0.15246767
598.98412926,0.14719089
599.21379062,0.14892913
599.44346434,0.14880497
599.67315042,0.15331609
599.90284885,0.15807553
600.13255963,0.16198655
600.36228276,0.16360062
600.59201824,0.16796689
600.82176606,0.16577341
601.05152622,0.16738748
601.28129871,0.16875323
601.51108354,0.17665804
601.74088070,0.17506467
601.97069019,0.18005173
602.20051201,0.17661666
602.43034615,0.18311433
602.66019261,0.18530781
602.89005139,0.19122607
603.11992249,0.19257113
603.34980589,0.18768753
603.57970161,0.18907398
603.80960963,0.18456286
604.03952996,0.18851526
604.26946259,0.19130885
604.49940751,0.18894982
604.72936474,0.19215727
604.95933425,0.19110191
605.18931606,0.19385411
605.41931015,0.19908950
605.64931653,0.20246249
605.87933519,0.20219348
606.10936612,0.21107087
606.33940934,0.21800310
606.56946483,0.23064666
606.79953259,0.22704604
607.02961261,0.23526125
607.25970490,0.24360062
607.48980946,0.24066218
607.71992627,0.24186239
607.95005534,0.25816865
608.18019667,0.26719089
608.41035024,0.27935851
608.64051607,0.29125711
608.87069414,0.31039834
609.10088445,0.30599069
609.33108700,0.31224004
609.56130179,0.31493016
609.79152882,0.31261252
610.02176808,0.31623383
610.25201956,0.31579928
610.48228328,0.33241593
610.71255921,0.34210036
610.94284737,0.34621831
611.17314775,0.34810140
611.40346034,0.33936886
611.63378514,0.33814796
611.86412215,0.33647181
612.09447137,0.32209002
612.32483280,0.31610967
612.55520642,0.29254009
612.78559225,0.27687532
613.01599027,0.26282462
613.24640048,0.25307812
613.47682288,0.24610450
613.70725747,0.24418003
613.93770425,0.23377134
614.16816321,0.22679772
614.39863434,0.22085877
614.62911766,0.21804449
614.85961314,0.21007760
615.09012080,0.21051216
615.32064063,0.20215210
615.55117262,0.20689084
615.78171677,0.19766167
616.01227308,0.19844801
616.24284156,0.20060010
616.47342218,0.19422659
616.70401496,0.19170202
616.93461988,0.18839110
617.16523695,0.18777031
617.39586617,0.18137610
617.62650752,0.18036213
617.85716101,0.17007760
618.08782664,0.16885670
618.31850440,0.16389033
618.54919429,0.15788929
618.77989630,0.15451630
619.01061044,0.14346611
619.24133670,0.13632695
619.47207508,0.13491981
619.70282557,0.12695292
619.93358818,0.13229177
620.16436289,0.12084842
620.39514972,0.12142783
620.62594864,0.11275737
620.85675967,0.10944646
621.08758280,0.10868081
621.31841802,0.10100362
621.54926534,0.09703052
621.78012475,0.09351267
622.01099624,0.08490429
622.24187982,0.08523539
622.47277549,0.09067770
622.70368323,0.08970512
622.93460305,0.08424211
623.16553494,0.08608381
623.39647890,0.08436627
623.62743493,0.08794620
623.85840303,0.08490429
624.08938319,0.08310398
624.32037541,0.08364201
624.55137968,0.08513192
624.78239602,0.08169684
625.01342440,0.08031040
625.24446483,0.07629591
625.47551731,0.07563373
625.70658183,0.07377134
625.93765839,0.07480600
626.16874699,0.07813761
626.39984763,0.07122607
626.63096029,0.07867563
626.86208499,0.07846870
627.09322171,0.08651837
627.32437046,0.08962235
627.55553123,0.09471288
627.78670401,0.09920331
628.01788882,0.10170719
628.24908563,0.10963270
628.48029446,0.10650802
628.71151529,0.11120538
628.94274813,0.11455768
629.17399296,0.12235903
629.40524980,0.12370409
629.63651863,0.13427832
629.86779946,0.13591309
630.09909228,0.13827212
630.33039709,0.15058458
630.56171388,0.15846870
630.79304265,0.15048112
631.02438340,0.15737196
631.25573613,0.15670978
631.48710084,0.15555096
631.71847751,0.15704087
631.94986615,0.17045008
632.18126676,0.18003104
632.41267933,0.19112261
632.64410387,0.19211588
632.87554035,0.19906880
633.10698880,0.20072426
633.33844919,0.20194516
633.56992154,0.20055872
633.80140583,0.21040869
634.03290207,0.21028453
634.26441024,0.21752716
634.49593035,0.22640455
634.72746240,0.23449560
634.95900638,0.23824108
635.19056229,0.24755303
635.42213013,0.26282462
635.65370989,0.27052250
635.88530158,0.27621314
636.11690518,0.28989136
636.34852069,0.29191930
636.58014812,0.29787894
636.81178746,0.30110709
637.04343871,0.30491464
637.27510187,0.29980341
637.50677692,0.29903777
637.73846387,0.29065701
637.97016272,0.28080704
638.20187347,0.29361614
638.43359610,0.28660114
638.66533062,0.28691154
638.89707703,0.29744439
639.12883532,0.28747025
639.36060549,0.29928608
639.59238754,0.29941330
639.82418146,0.30551249
640.05598725,0.30262841
640.28780491,0.31007437
640.51963444,0.31023069
640.75147583,0.29282358
640.98332908,0.29575943
641.21519419,0.29231661
641.44707115,0.29506144
641.67895997,0.28624493
641.91086063,0.27225598
642.14277314,0.26740081
642.37469750,0.26274425
642.60663369,0.25248626
642.83858172,0.25094818
643.07054159,0.24581030
643.30251329,0.23833464
643.53449683,0.23186891
643.76649218,0.23034206
643.99849937,0.22557274
644.23051837,0.22378634
644.46254919,0.22325518
644.69459183,0.22422746
644.92664628,0.22053707
645.15871254,0.22854397
645.39079061,0.22067480
645.62288049,0.21788087
645.85498217,0.21003865
646.08709564,0.20614008
646.31922091,0.19821000
646.55135798,0.20961376
646.78350684,0.21136001
647.01566748,0.21139176
647.24783991,0.20323272
647.48002413,0.20508457
647.71222012,0.20737735
647.94442789,0.21079602
648.17664744,0.21564908
648.40887875,0.21417686
648.64112184,0.20798332
648.87337669,0.20374505
649.10564331,0.19662611
649.33792168,0.20620982
649.57021181,0.20296718
649.80251370,0.20406143
650.03482734,0.20495406
650.26715273,0.19684789
650.49948987,0.19144036
650.73183875,0.19388366
650.96419937,0.18930322
651.19657173,0.18403227
651.42895582,0.18669605
651.66135165,0.19303257
651.89375921,0.19079496
652.12617849,0.19018638
652.35860950,0.19119586
652.59105224,0.19035904
652.82350669,0.19665218
653.05597285,0.20760801
653.28845073,0.20480101
653.52094032,0.20691793
653.75344162,0.21149016
653.98595462,0.21068412
654.21847933,0.20720093
654.45101573,0.20335353
654.68356383,0.21055375
654.91612363,0.20942879
655.14869511,0.19350184
655.38127829,0.20397353
655.61387315,0.19911414
655.84647969,0.19320736
656.07909792,0.19629461
656.31172782,0.19906387
656.54436939,0.19311490
656.77702264,0.18949066
657.00968756,0.19359651
657.24236414,0.20341155
657.47505238,0.21088059
657.70775229,0.21039422
657.94046385,0.21430884
658.17318707,0.21171655
658.40592195,0.21564587
658.63866847,0.21382242
658.87142663,0.21542857
659.10419645,0.21613313
659.33697790,0.21307894
659.56977099,0.21642600
659.80257572,0.21799922
660.03539208,0.21347147
660.26822007,0.21446349
660.50105969,0.21125187
660.73391093,0.21215150
660.96677380,0.20566862
661.19964828,0.20840619
661.43253438,0.21557903
661.66543209,0.20630677
661.89834142,0.21396458
662.13126235,0.20746618
662.36419489,0.20764871
662.59713903,0.22252256
662.83009477,0.21849493
663.06306210,0.21436030
663.29604103,0.22591497
663.52903155,0.23013926
663.76203367,0.21755040
663.99504736,0.21634664
664.22807264,0.21773117
664.46110950,0.20885520
664.69415794,0.20493071
664.92721795,0.20255074
665.16028953,0.19869987
665.39337269,0.19377952
665.62646740,0.18886875
665.85957369,0.18850227
666.09269153,0.17904686
666.32582093,0.17825249
666.55896189,0.17363929
666.79211440,0.17342990
667.02527846,0.17580962
667.25845406,0.16798758
667.49164121,0.15995861
667.72483991,0.16221417
667.95805014,0.16093120
668.19127190,0.15327470
668.42450520,0.15635799
668.65775003,0.15143301
668.89100639,0.15681324
669.12427427,0.16144853
669.35755368,0.16018624
669.59084460,0.16256596
669.82414704,0.16345577
670.05746099,0.16535954
670.29078646,0.16933264
670.52412343,0.16558717
670.75747191,0.17115365
670.99083189,0.17388515
671.22420337,0.16916710
671.45758635,0.16980859
671.69098082,0.17818934
671.92438678,0.17926539
672.15780424,0.18785308
672.39123317,0.18667356
672.62467360,0.19666839
672.85812550,0.19284014
673.09158888,0.20455251
673.32506373,0.20082773
673.55855006,0.20229695
673.79204785,0.19490947
674.02555712,0.19788929
674.25907784,0.19633730
674.49261003,0.20074496
674.72615367,0.19606829
674.95970878,0.19205380
675.19327533,0.18942576
675.42685333,0.19213658
675.66044278,0.19110191
675.89404368,0.19979307
676.12765601,0.20405587
676.36127979,0.20173823
676.59491500,0.20715986
676.82856165,0.21305742
677.06221972,0.21109157
677.29588922,0.20802897
677.52957015,0.20720124
677.76326250,0.21057424
677.99696627,0.19991723
678.23068146,0.19954475
678.46440806,0.20678738
678.69814607,0.18965339
678.93189549,0.18385929
679.16565631,0.18874289
679.39942854,0.17698914
679.63321217,0.17562338
679.86700720,0.17847905
680.10081361,0.16918779
680.33463143,0.17318158
680.56846063,0.16554578
680.80230121,0.16138645
681.03615318,0.17167098
681.27001653,0.16492499
681.50389126,0.16788412
681.73777736,0.16883601
681.97167484,0.16862907
682.20558368,0.17009829
682.43950390,0.17326436
682.67343547,0.16668391
682.90737841,0.16908432
683.14133270,0.16196586
683.37529836,0.15776513
683.60927536,0.15695810
683.84326371,0.15252975
684.07726341,0.15476461
684.31127446,0.15538541
684.54529685,0.15673047
684.77933057,0.15550957
685.01337564,0.16006208
685.24743203,0.16645629
685.48149976,0.17781686
685.71557881,0.18634247
685.94966919,0.19693740
686.18377090,0.20769788
686.41788392,0.21796172
686.65200826,0.22315572
686.88614391,0.22816348
687.12029088,0.22764615
687.35444915,0.22443870
687.58861873,0.22528712
687.82279961,0.22661148
688.05699179,0.22888774
688.29119527,0.23201242
688.52541004,0.23308846
688.75963611,0.24002069
688.99387346,0.24523539
689.22812210,0.24043456
689.46238203,0.25107087
689.69665323,0.25655458
689.93093571,0.26452147
690.16522947,0.26750129
690.39953450,0.26789446
690.63385080,0.27954475
690.86817837,0.28242111
691.10251720,0.28326953
691.33686730,0.29237455
691.57122865,0.28237972
691.80560125,0.29216762
692.03998511,0.28854630
692.27438023,0.28935334
692.50878658,0.28488360
692.74320419,0.28117951
692.97763303,0.28736679
693.21207312,0.28962235
693.44652444,0.29309881
693.68098699,0.29417486
693.91546077,0.30957062
694.14994579,0.31542680
694.38444203,0.31660631
694.61894949,0.31875841
694.85346817,0.32703570
695.08799806,0.31958614
695.32253918,0.32192447
695.55709150,0.32347646
695.79165503,0.32918779
696.02622977,0.32117951
696.26081571,0.32978789
696.49541285,0.32393171
696.73002119,0.32879462
696.96464072,0.32600103
697.19927145,0.32546301
697.43391336,0.32382825
697.66856647,0.32744956
697.90323075,0.31579928
698.13790622,0.31637869
698.37259286,0.31766167
698.60729068,0.32846353
698.84199967,0.31911019
699.07671984,0.33119503
699.31145117,0.34454216
699.54619366,0.34822556
699.78094731,0.35610967
700.01571213,0.35793068
700.25048810,0.37053285
700.48527522,0.37142266
700.72007349,0.38990171
700.95488292,0.39298500
701.18970348,0.40540093
701.42453519,0.41330574
701.65937804,0.42199690
701.89423202,0.42957062
702.12909714,0.43478531
702.36397339,0.43584066
702.59886077,0.43834454
702.83375927,0.43819969
703.06866889,0.42377651
703.30358964,0.41570616
703.53852150,0.41119503
703.77346448,0.38646663
704.00841857,0.37024315
704.24338376,0.37198138
704.47836007,0.36842214
704.71334748,0.35329540
704.94834598,0.34311433
705.18335559,0.34321780
705.41837629,0.33434040
705.65340808,0.33403001
705.88845096,0.33624418
706.12350493,0.34435592
706.35856998,0.34630109
706.59364612,0.34710812
706.82873333,0.34485256
707.06383161,0.35563373
707.29894097,0.35989653
707.53406141,0.37746508
707.76919290,0.38468702
708.00433546,0.41398862
708.23948909,0.41121573
708.47465377,0.42340404
708.70982951,0.41206415
708.94501630,0.40956027
709.18021414,0.39662700
709.41542303,0.40852561
709.65064297,0.39195034
709.88587395,0.38249353
710.12111597,0.38365235
710.35636902,0.35613037
710.59163311,0.34578376
710.82690823,0.33696844
711.06219437,0.33835489
711.29749155,0.33175375
711.53279974,0.32076565
711.76811896,0.32697362
712.00344920,0.32086912
712.23879044,0.34154165
712.47414270,0.33030523
712.70950597,0.33109157
712.94488025,0.33049146
713.18026553,0.33690636
713.41566181,0.33222969
713.65106908,0.32664252
713.88648736,0.33473357
714.12191662,0.32482152
714.35735688,0.31702018
714.59280812,0.32080704
714.82827034,0.31275737
715.06374355,0.30814278
715.29922774,0.29856182
715.53472290,0.29725815
715.77022903,0.29682359
716.00574614,0.30398345
716.24127421,0.30499741
716.47681324,0.29651319
716.71236324,0.29398862
716.94792420,0.29974133
717.18349611,0.29183652
717.41907898,0.30083808
717.65467280,0.28558717
717.89027757,0.28778065
718.12589328,0.26857734
718.36151993,0.26303156
718.59715752,0.25369891
718.83280605,0.24703570
719.06846552,0.23728919
719.30413591,0.24022763
719.53981724,0.23772375
719.77550949,0.24430419
720.01121266,0.25115365
720.24692676,0.26114847
720.48265177,0.28068288
720.71838769,0.28540093
720.95413453,0.29340921
721.18989228,0.30700466
721.42566093,0.30454216
721.66144049,0.31627522
721.89723095,0.31596482
722.13303231,0.32246249
722.36884456,0.31617175
722.60466770,0.32916710
722.84050173,0.32655975
723.07634666,0.32244180
723.31220246,0.31031557
723.54806915,0.30547336
723.78394671,0.29314020
724.01983515,0.28500776
724.25573447,0.27190895
724.49164465,0.26346611
724.72756571,0.25574754
724.96349762,0.24867046
725.19944040,0.24980859
725.43539404,0.24548370
725.67135854,0.23557165
725.90733388,0.23300569
726.14332008,0.22841180
726.37931713,0.22791516
726.61532503,0.22102431
726.85134376,0.21516813
727.08737334,0.21794102
727.32341375,0.21614071
727.55946500,0.21022245
727.79552708,0.21618210
728.03159998,0.21665804
728.26768372,0.22309364
728.50377827,0.23445422
728.73988365,0.24300052
728.97599985,0.24221417
729.21212686,0.24684946
729.44826468,0.23985515
729.68441331,0.24283497
729.92057275,0.23617175
730.15674299,0.24202794
730.39292403,0.24761511
730.62911587,0.24117951
730.86531851,0.22698396
731.10153194,0.22948784
731.33775616,0.22025867
731.57399117,0.20958096
731.81023696,0.19811692
732.04649353,0.18909467
732.28276088,0.18009312
732.51903901,0.17783756
732.75532791,0.16943611
732.99162758,0.16351785
733.22793802,0.15277807
733.46425923,0.15279876
733.70059119,0.14837041
733.93693392,0.14042421
734.17328740,0.14369374
734.40965164,0.13953440
734.64602662,0.13380238
734.88241236,0.13996896
735.11880884,0.14383859
735.35521607,0.14369374
735.59163403,0.14197620
735.82806273,0.14756337
736.06450217,0.15366787
736.30095234,0.15546818
736.53741323,0.16314537
736.77388486,0.17914123
737.01036720,0.18433523
737.24686027,0.19712364
737.48336406,0.20852561
737.71987856,0.23344025
737.95640377,0.23335748
738.19293969,0.24802897
738.42948632,0.26764615
738.66604365,0.28006208
738.90261169,0.27606829
739.13919042,0.28264873
739.37577985,0.28285566
739.61237997,0.28109674
739.84899078,0.27759959
740.08561228,0.27099845
740.32224446,0.26427315
740.55888732,0.24424211
740.79554087,0.23724780
741.03220509,0.22886705
741.26887998,0.21996896
741.50556555,0.21376099
741.74226178,0.20264873
741.97896868,0.20506984
742.21568624,0.19377134
742.45241446,0.18383859
742.68915333,0.17409208
742.92590286,0.17595447
743.16266304,0.17359545
743.39943387,0.16480083
743.63621535,0.16593895
743.87300747,0.16018624
744.10981023,0.15565442
744.34662363,0.15257113
744.58344766,0.15985515
744.82028232,0.15581997
745.05712761,0.15513709
745.29398353,0.15437144
745.53085007,0.15203311
745.76772724,0.14940507
746.00461502,0.15147439
746.24151341,0.14783238
746.47842242,0.15041904
746.71534204,0.15832385
746.95227227,0.15840662
747.18921310,0.16010347
747.42616453,0.16341438
747.66312656,0.17382307
747.90009918,0.16972581
748.13708240,0.17589240
748.37407621,0.17537506
748.61108061,0.16854630
748.84809559,0.16792550
749.08512115,0.16775996
749.32215730,0.15859286
749.55920401,0.16064149
749.79626131,0.15919296
750.03332917,0.16262804
750.27040760,0.15836524
750.50749660,0.16256596
750.74459616,0.15884118
750.98170628,0.15511640
751.21882695,0.16153130
751.45595818,0.14849457
751.69309997,0.15505432
751.93025230,0.14888774
752.16741517,0.14683911
752.40458859,0.15141231
752.64177256,0.14851526
752.87896705,0.15135023
753.11617209,0.14729436
753.35338765,0.15050181
753.59061374,0.15588205
753.82785037,0.16552509
754.06509751,0.17065701
754.30235518,0.17235385
754.53962336,0.19188826
754.77690206,0.19807553
755.01419127,0.20691154
755.25149099,0.22104501
755.48880122,0.22487325
755.72612195,0.23550957
755.96345319,0.23517848
756.20079492,0.23590274
756.43814715,0.23826177
756.67550987,0.23470253
756.91288309,0.23091568
757.15026679,0.22692188
757.38766097,0.22001035
757.62506564,0.21951371
757.86248079,0.20655975
758.09990641,0.20037248
758.33734251,0.20794620
758.57478908,0.20306260
758.81224612,0.20295913
759.04971362,0.19399897
759.28719159,0.18427315
759.52468001,0.17566477
759.76217889,0.18330057
759.99968823,0.17314020
760.23720802,0.16691154
760.47473826,0.16086912
760.71227894,0.15853078
760.94983007,0.15180548
761.18739164,0.14061045
761.42496364,0.13862390
761.66254608,0.14493533
761.90013895,0.15116399
762.13774226,0.15863425
762.37535598,0.15242628
762.61298014,0.14870150
762.85061471,0.14996379
763.08825970,0.14760476
763.32591511,0.14487325
763.56358093,0.15029488
763.80125716,0.15513709
764.03894380,0.16684946
764.27664084,0.18239007
764.51434829,0.18276255
764.75206613,0.18832902
764.98979437,0.19006725
765.22753300,0.18499741
765.46528203,0.18880497
765.70304144,0.18650802
765.94081124,0.18975685
766.17859142,0.19372995
766.41638197,0.20525608
766.65418291,0.20322814
766.89199422,0.20103466
767.12981590,0.17893430
767.36764795,0.18058976
767.60549036,0.17632695
767.84334314,0.17380238
768.08120628,0.16997413
768.31907977,0.16082773
768.55696362,0.16672530
768.79485782,0.16614589
769.03276238,0.16229695
769.27067727,0.16289705
769.50860251,0.16198655
769.74653809,0.16964304
769.98448401,0.17506467
770.22244027,0.17525091
770.46040685,0.17996896
770.69838377,0.18048629
770.93637101,0.18166580
771.17436858,0.18296948
771.41237647,0.19041904
771.65039468,0.19101914
771.88842320,0.19602690
772.12646204,0.18853595
772.36451118,0.18830833
772.60257064,0.18605277
772.84064039,0.17856182
773.07872045,0.18152095
773.31681081,0.17336782
773.55491147,0.16645629
773.79302242,0.17053285
774.03114366,0.16689084
774.26927519,0.16306260
774.50741700,0.15625453
774.74556910,0.15387481
774.98373147,0.14859803
775.22190413,0.14259700
775.46008705,0.14034144
775.69828025,0.13872737
775.93648372,0.14489395
776.17469745,0.14470771
776.41292145,0.14884635
776.65115570,0.14735644
776.88940022,0.15670978
777.12765499,0.15577858
777.36592001,0.15811692
777.60419528,0.15310916
777.84248079,0.15451630
778.08077655,0.15687532
778.31908256,0.15929643
778.55739879,0.15103983
778.79572527,0.15015003
779.03406198,0.14536989
779.27240891,0.14460424
779.51076608,0.13609933
779.74913346,0.14323849
779.98751107,0.13982411
780.22589890,0.15805484
780.46429695,0.14094154
780.70270520,0.14603207
780.94112367,0.13723745
781.17955235,0.14623901
781.41799123,0.13516813
781.65644031,0.13969995
781.89489959,0.14019659
782.13336907,0.14311433
782.37184874,0.13916192
782.61033861,0.14369374
782.84883866,0.14868081
783.08734890,0.13605794
783.32586931,0.13612002
783.56439991,0.13307812
783.80294069,0.12720124
784.04149164,0.13527160
784.28005276,0.13599586
784.51862406,0.14661148
784.75720551,0.14464563
784.99579713,0.14772892
785.23439891,0.15041904
785.47301085,0.14834972
785.71163295,0.14638386
785.95026519,0.15213658
786.18890759,0.14946715
786.42756013,0.14576306
786.66622282,0.14452147
786.90489564,0.14487325
787.14357861,0.14183135
787.38227171,0.14214175
787.62097494,0.12960166
787.85968831,0.13049146
788.09841180,0.12529747
788.33714541,0.12548370
788.57588915,0.11759959
788.81464301,0.11608898
789.05340698,0.11637869
789.29218106,0.11542680
789.53096526,0.11424728
789.76975956,0.10948784
790.00856397,0.11019141
790.24737848,0.12057941
790.48620309,0.11679255
790.72503780,0.12647698
790.96388260,0.12610450
791.20273749,0.12587688
791.44160247,0.12088981
791.68047754,0.11793068
791.91936269,0.11505432
792.15825792,0.11257113
792.39716323,0.11911019
792.63607861,0.11654423
792.87500406,0.11437144
793.11393958,0.12297982
793.35288517,0.12215210
793.59184082,0.12223487
793.83080653,0.11873771
794.06978230,0.12324884
794.30876813,0.13138127
794.54776401,0.12767719
794.78676993,0.12198655
795.02578591,0.13719607
795.26481193,0.13177444
795.50384798,0.12531816
795.74289408,0.12399379
795.98195022,0.12761511
796.22101638,0.12401449
796.46009258,0.12933264
796.69917880,0.13059493
796.93827505,0.12705639
797.17738132,0.12722193
797.41649761,0.13022245
797.65562392,0.13525091
797.89476024,0.13332644
798.13390657,0.13231247
798.37306290,0.13667874
798.61222925,0.13117434
798.85140559,0.12883601
799.09059194,0.12480083
799.32978828,0.12807036
799.56899462,0.11834454
799.80821094,0.11911019
800.04743726,0.11658562
800.28667356,0.11426798
800.52591985,0.11290222
800.76517611,0.11563373
801.00444236,0.11354371
801.24371857,0.11530264
801.48300476,0.11447491
801.72230092,0.11774444
801.96160705,0.11424728
802.20092314,0.11797206
802.44024919,0.11613037
802.67958519,0.11780652
802.91893116,0.11383342
803.15828707,0.12407656
803.39765294,0.13425763
803.63702875,0.14472840
803.87641450,0.13837558
804.11581020,0.14503880
804.35521584,0.14950854
804.59463141,0.15563373
804.83405692,0.16064149
805.07349235,0.16672530
805.31293772,0.17084325
805.55239300,0.16347646
805.79185821,0.15675116
806.03133334,0.16035178
806.27081839,0.15991723
806.51031335,0.16155199
806.74981822,0.16275220
806.98933300,0.15805484
807.22885768,0.15091568
807.46839227,0.14725297
807.70793675,0.14679772
807.94749114,0.15147439
808.18705542,0.14812209
808.42662959,0.14743921
808.66621364,0.14348681
808.90580759,0.14185204
809.14541141,0.14063114
809.38502512,0.13779617
809.62464871,0.13651319
809.86428217,0.13465080
810.10392550,0.12556648
810.34357870,0.11430936
810.58324177,0.11600621
810.82291470,0.10555613
811.06259749,0.10030005
811.30229015,0.10381790
811.54199265,0.09626487
811.78170501,0.09011899
812.02142722,0.08432488
812.26115928,0.07768236
812.50090118,0.07312985
812.74065292,0.06565960
812.98041450,0.06412830
813.22018592,0.06828764
813.45996717,0.05651319
813.69975825,0.05583032
813.93955916,0.05531298
814.17936989,0.05407139
814.41919045,0.04680807
814.65902083,0.05405070
814.89886102,0.04542162
815.13871102,0.04531816
815.37857084,0.03892395
815.61844047,0.04339369
815.85831990,0.04198655
816.09820913,0.04057941
816.33810817,0.03325401
816.57801700,0.03617175
816.81793562,0.03530264
817.05786404,0.03600621
817.29780225,0.02563890
817.53775024,0.02799793
817.77770801,0.02866011
818.01767557,0.02398345
818.25765290,0.02605277
818.49764001,0.02874289
818.73763689,0.02768753
818.97764354,0.02845318
819.21765996,0.03004656
819.45768614,0.02795654
819.69772209,0.02623901
819.93776779,0.02539058
820.17782324,0.02526643
820.41788845,0.02764615
820.65796341,0.02307294
820.89804812,0.02162442
821.13814257,0.02342473
821.37824677,0.02766684
821.61836070,0.02717020
821.85848437,0.02717020
822.09861777,0.03325401
822.33876090,0.03565442
822.57891376,0.04010347
822.81907635,0.04517331
823.05924866,0.05187791
823.29943069,0.06609415
823.53962243,0.07966891
823.77982389,0.09715468
824.02003506,0.10752199
824.26025594,0.12461459
824.50048652,0.14710812
824.74072681,0.15749612
824.98097680,0.17775479
825.22123648,0.19250905
825.46150586,0.22009312
825.70178493,0.23333678
825.94207369,0.23908950
826.18237214,0.24951888
826.42268027,0.26061045
826.66299808,0.25111226
826.90332557,0.26512157
827.14366273,0.25696844
827.38400957,0.26561821
827.62436608,0.25980341
827.86473225,0.27474392
828.10510809,0.27261252
828.34549359,0.27290222
828.58588874,0.27911019
828.82629356,0.27772375
829.06670802,0.26427315
829.30713214,0.26675634
829.54756590,0.26224521
829.78800931,0.26539058
830.02846236,0.26745991
830.26892505,0.25301604
830.50939738,0.24618727
830.74987934,0.22868081
830.99037093,0.22265908
831.23087215,0.21758924
831.47138299,0.20908432
831.71190346,0.20782204
831.95243355,0.20045525
832.19297325,0.19900673
832.43352257,0.19714434
832.67408150,0.19832385
832.91465003,0.19269529
833.15522818,0.18685980
833.39581592,0.18915675
833.63641327,0.17349198
833.87702022,0.16513192
834.11763676,0.15977237
834.35826289,0.15702018
834.59889861,0.15292292
834.83954392,0.14139679
835.08019881,0.13502328
835.32086328,0.12560786
835.56153733,0.12026901
835.80222095,0.10936368
836.04291415,0.09897569
836.28361692,0.09165028
836.52432926,0.08949819
836.76505116,0.08498707
837.00578262,0.08500776
837.24652364,0.07706156
837.48727421,0.07433006
837.72803434,0.07294361
837.96880402,0.06878427
838.20958325,0.06797724
838.45037202,0.07062597
838.69117033,0.07325401
838.93197819,0.07182618
839.17279558,0.06915675
839.41362250,0.07762028
839.65445896,0.07768236
839.89530494,0.08295913
840.13616045,0.08002069
840.37702548,0.08293844
840.61790003,0.08842214
840.85878410,0.09136058
841.09967768,0.08171754
841.34058078,0.08024832
841.58149338,0.08084842
841.82241549,0.08254527
842.06334710,0.07853078
842.30428821,0.07683394
842.54523883,0.07592344
842.78619893,0.07728919
843.02716853,0.06787377
843.26814762,0.06779100
843.50913619,0.06207967
843.75013425,0.06721159
843.99114179,0.06226591
844.23215881,0.06270047
844.47318530,0.05796172
844.71422127,0.06717020
844.95526670,0.06249353
845.19632161,0.06164511
845.43738597,0.05363683
845.67845980,0.06143818
845.91954309,0.05746508
846.16063584,0.05448526
846.40173803,0.05295396
846.64284968,0.06183135
846.88397078,0.05525091
847.12510132,0.05634765
847.36624130,0.05812726
847.60739073,0.05885153
847.84854959,0.05763063
848.08971788,0.05895499
848.33089561,0.05963787
848.57208276,0.06143818
848.81327934,0.06315572
849.05448534,0.06429384
849.29570076,0.06207967
849.53692560,0.07346094
849.77815986,0.07745473
850.01940353,0.08432488
850.26065660,0.08374547
850.50191908,0.09403001
850.74319097,0.09543714
850.98447225,0.10675634
851.22576294,0.11279876
851.46706301,0.12124159
851.70837248,0.13082256
851.94969135,0.14808070
852.19101959,0.15790998
852.43235722,0.17868598
852.67370424,0.18241076
852.91506063,0.19075013
853.15642640,0.19950336
853.39780154,0.20782204
853.63918605,0.21235385
853.88057992,0.21187791
854.12198317,0.21717538
854.36339577,0.22085877
854.60481773,0.20976720
854.84624905,0.20575272
855.08768973,0.20360062
855.32913975,0.19548888
855.57059912,0.18448008
855.81206784,0.19201242
856.05354590,0.18307294
856.29503330,0.17338852
856.53653004,0.16577341
856.77803611,0.17009829
857.01955151,0.16064149
857.26107624,0.18739783
857.50261030,0.15519917
857.74415367,0.15555096
857.98570637,0.14574237
858.22726839,0.15273668
858.46883972,0.14559752
858.71042037,0.13783756
858.95201032,0.13558200
859.19360958,0.13022245
859.43521814,0.12519400
859.67683601,0.12531816
859.91846317,0.13202276
860.16009963,0.11294361
860.40174538,0.10694258
860.64340042,0.10448008
860.88506474,0.09537506
861.12673835,0.09376099
861.36842125,0.09251940
861.61011342,0.09270564
861.85181487,0.09179514
862.09352559,0.08535954
862.33524558,0.08864977
862.57697484,0.08875323
862.81871336,0.09200207
863.06046114,0.09593378
863.30221819,0.08616658
863.54398449,0.09692706
863.78576004,0.09566477
864.02754485,0.09415416
864.26933890,0.09036730
864.51114220,0.09071909
864.75295474,0.09005691
864.99477653,0.09783756
865.23660755,0.08854630
865.47844780,0.08469736
865.72029728,0.08004139
865.96215600,0.07851009
866.20402394,0.08169684
866.44590110,0.08378686
866.68778748,0.07660631
866.92968308,0.07718572
867.17158790,0.07449560
867.41350193,0.07577858
867.65542516,0.07859286
867.89735761,0.08047594
868.13929926,0.07973099
868.38125011,0.07925504
868.62321015,0.08316606
868.86517940,0.08585618
869.10715783,0.07915158
869.34914546,0.07790998
869.59114227,0.08173823
869.83314827,0.07997931
870.07516344,0.08151061
870.31718780,0.07321262
870.55922133,0.08304190
870.80126404,0.08206932
871.04331592,0.08349715
871.28537696,0.07944128
871.52744717,0.07499224
871.76952655,0.07023280
872.01161508,0.08120021
872.25371277,0.08318676
872.49581961,0.08248319
872.73793560,0.08627005
872.98006075,0.08194516
873.22219503,0.08836006
873.46433846,0.08631143
873.70649103,0.08316606
873.94865274,0.07118469
874.19082358,0.07209519
874.43300356,0.07091568
874.67519266,0.07135023
874.91739089,0.06425246
875.15959824,0.06267977
875.40181471,0.05845835
875.64404031,0.06092085
875.88627501,0.05721676
876.12851883,0.05605794
876.37077176,0.05411278
876.61303379,0.05322297
876.85530493,0.05142266
877.09758517,0.04604242
877.33987451,0.04715986
877.58217294,0.04831868
877.82448047,0.05005691
878.06679709,0.05622349
878.30912279,0.05295396
878.55145758,0.05394723
878.79380145,0.06131402
879.03615440,0.05912054
879.27851643,0.06441800
879.52088753,0.06590792
879.76326770,0.06559752
880.00565694,0.07209519
880.24805524,0.07050181
880.49046260,0.07325401
880.73287903,0.07265391
880.97530451,0.08049664
881.21773905,0.07995861
881.46018264,0.08192447
881.70263527,0.08875323
881.94509695,0.08600103
882.18756768,0.08585618
882.43004744,0.08498707
882.67253625,0.08956027
882.91503409,0.08573202
883.15754095,0.08457320
883.40005685,0.08062080
883.64258178,0.07954475
883.88511573,0.07691671
884.12765869,0.07430936
884.37021068,0.07089498
884.61277168,0.07519917
884.85534170,0.06892913
885.09792072,0.06572168
885.34050876,0.06468702
885.58310579,0.06772892
885.82571183,0.06719089
886.06832686,0.06110709
886.31095090,0.06317641
886.55358392,0.05860321
886.79622594,0.05585101
887.03887694,0.05376099
887.28153693,0.05094671
887.52420589,0.05643042
887.76688384,0.05554061
888.00957077,0.05133989
888.25226667,0.04577341
888.49497154,0.04918779
888.73768537,0.05094671
888.98040818,0.04612519
889.22313994,0.04302121
889.46588067,0.04370409
889.70863035,0.03722711
889.95138899,0.03586136
890.19415657,0.03499224
890.43693311,0.03426798
890.67971859,0.03015003
890.92251302,0.02839110
891.16531639,0.02843249
891.40812869,0.02361097
891.65094993,0.02427315
891.89378010,0.02675634
892.13661920,0.02307294
892.37946723,0.02994309
892.62232418,0.02743921
892.86519005,0.03294361
893.10806484,0.03488877
893.35094854,0.03702018
893.59384116,0.03511640
893.83674269,0.04397310
894.07965312,0.04066218
894.32257246,0.04469736
894.56550070,0.04736679
894.80843784,0.05409208
895.05138388,0.05152613
895.29433881,0.05556130
895.53730263,0.05013968
895.78027533,0.05280911
896.02325692,0.05057424
896.26624740,0.05429902
896.50924675,0.05258148
896.75225498,0.05928608
896.99527208,0.05663735
897.23829806,0.05984480
897.48133290,0.05934816
897.72437661,0.05856182
897.96742918,0.06023797
898.21049061,0.05779617
898.45356090,0.05752716
898.69664005,0.06106570
898.93972804,0.05469219
899.18282488,0.05951371
899.42593057,0.05787894
899.66904511,0.05523021
899.91216848,0.05607863
900.15530069,0.05369891
900.39844174,0.05876875
900.64159162,0.05320228
900.88475033,0.05667874
901.12791786,0.06700466
901.37109422,0.06557682
901.61427940,0.05922400
901.85747340,0.06168650
902.10067621,0.06470771
902.34388784,0.06880497
902.58710827,0.06681842
902.83033752,0.06251423
903.07357557,0.06756337
903.31682242,0.06632178
903.56007807,0.06745991
903.80334251,0.06741852
904.04661575,0.06884635
904.28989778,0.07226073
904.53318860,0.07759959
904.77648820,0.07766167
905.01979659,0.08169684
905.26311375,0.08080704
905.50643969,0.08304190
905.74977441,0.08426280
905.99311789,0.08604242
906.23647015,0.08794620
906.47983117,0.08809105
906.72320095,0.08349715
906.96657950,0.08718055
907.20996680,0.08515261
907.45336285,0.08987067
907.69676766,0.08914640
907.94018122,0.09167098
908.18360352,0.08341438
908.42703457,0.08608381
908.67047435,0.07451630
908.91392288,0.07958614
909.15738014,0.07834454
909.40084613,0.07689602
909.64432085,0.07675116
909.88780430,0.07863425
910.13129648,0.07757889
910.37479737,0.07772375
910.61830699,0.08146922
910.86182531,0.07933782
911.10535236,0.07288153
911.34888811,0.07942059
911.59243257,0.06795654
911.83598573,0.07368857
912.07954760,0.07124677
912.32311816,0.07393689
912.56669743,0.07608898
912.81028538,0.07085360
913.05388203,0.07149509
913.29748736,0.07635799
913.54110138,0.07139162
913.78472408,0.07201242
914.02835547,0.07114330
914.27199552,0.07757889
914.51564426,0.07296430
914.75930166,0.07321262
915.00296774,0.07128815
915.24664247,0.07466115
915.49032588,0.07207450
915.73401794,0.07149509
915.97771866,0.06897051
916.22142803,0.07503363
916.46514606,0.08002069
916.70887274,0.07904811
916.95260806,0.07497155
917.19635202,0.08215210
917.44010463,0.08097258
917.68386588,0.08831868
917.92763576,0.08527677
918.17141427,0.09438179
918.41520141,0.10001035
918.65899718,0.10040352
918.90280158,0.10719089
919.14661459,0.11149509
919.39043623,0.11714434
919.63426648,0.12577341
919.87810534,0.13653389
920.12195281,0.13640973
920.36580890,0.13342990
920.60967358,0.13659596
920.85354687,0.13781686
921.09742876,0.14634247
921.34131924,0.14528712
921.58521832,0.14632178
921.82912599,0.14141749
922.07304225,0.13692706
922.31696709,0.12881531
922.56090052,0.12968443
922.80484252,0.12277289
923.04879310,0.12829798
923.29275226,0.11886187
923.53671999,0.11654423
923.78069629,0.09752716
924.02468115,0.10470771
924.26867458,0.09852043
924.51267656,0.08949819
924.75668711,0.08680807
925.00070621,0.07822038
925.24473386,0.07103983
925.48877006,0.06988101
925.73281481,0.06344542
925.97686810,0.05413347
926.22092994,0.05007760
926.46500031,0.04918779
926.70907921,0.04480083
926.95316665,0.04397310
927.19726262,0.03855147
927.44136712,0.03604759
927.68548014,0.03387481
927.92960168,0.03702018
928.17373175,0.03112261
928.41787032,0.03068805
928.66201741,0.02963270
928.90617302,0.02752199
929.15033713,0.02452147
929.39450974,0.02354889
929.63869086,0.02671495
929.88288047,0.02421107
930.12707859,0.02272116
930.37128520,0.02797724
930.61550029,0.02187274
930.85972388,0.02460424
931.10395595,0.02112778
931.34819651,0.02344542
931.59244554,0.02313502
931.83670306,0.02439731
932.08096904,0.02834972
932.32524350,0.02996379
932.56952643,0.03209519
932.81381782,0.03660631
933.05811768,0.03567512
933.30242600,0.04384894
933.54674278,0.04306260
933.79106801,0.04850491
934.03540169,0.04409726
934.27974382,0.04672530
934.52409440,0.05148474
934.76845343,0.05916192
935.01282089,0.05539576
935.25719680,0.06387998
935.50158114,0.06207967
935.74597391,0.06040352
935.99037511,0.05769271
936.23478474,0.05723745
936.47920279,0.05798241
936.72362927,0.06690119
936.96806417,0.05638903
937.21250748,0.05649250
937.45695920,0.05874806
937.70141934,0.05241593
937.94588788,0.04939472
938.19036483,0.04966374
938.43485019,0.05518883
938.67934394,0.05111226
938.92384608,0.04773927
939.16835663,0.04993275
939.41287556,0.04844283
939.65740288,0.05165028
939.90193859,0.04393171
940.14648268,0.04732540
940.39103515,0.04492499
940.63559600,0.04651837
940.88016523,0.04542162
941.12474282,0.04593895
941.36932879,0.04639421
941.61392312,0.04525608
941.85852581,0.04566994
942.10313687,0.04177962
942.34775628,0.04461459
942.59238405,0.04306260
942.83702017,0.04374547
943.08166464,0.04627005
943.32631746,0.05115365
943.57097862,0.04807036
943.81564813,0.04647698
944.06032597,0.04587688
944.30501215,0.04674599
944.54970666,0.05227108
944.79440950,0.04980859
945.03912067,0.04666322
945.28384016,0.05384377
945.52856798,0.04796689
945.77330412,0.04842214
946.01804857,0.04217279
946.26280133,0.04364201
946.50756241,0.04571133
946.75233179,0.04941542
946.99710948,0.04807036
947.24189548,0.05158820
947.48668977,0.04767719
947.73149236,0.05349198
947.97630324,0.04461459
948.22112242,0.04858769
948.46594988,0.04606311
948.71078563,0.04269012
948.95562966,0.04838076
949.20048198,0.03973099
949.44534257,0.03863425
949.69021144,0.03718572
949.93508857,0.03815830
950.17997398,0.03360579
950.42486766,0.03197103
950.66976959,0.03679255
950.91467979,0.02977755
951.15959825,0.02822556
951.40452496,0.02603207
951.64945993,0.02636317
951.89440314,0.03217796
952.13935461,0.02665287
952.38431431,0.02830833
952.62928226,0.02423176
952.87425845,0.02590792
953.11924287,0.02797724
953.36423553,0.02377651
953.60923642,0.02241076
953.85424553,0.02630109
954.09926287,0.02017589
954.34428843,0.02116917
954.58932222,0.01694775
954.83436421,0.02201759
955.07941443,0.01951371
955.32447285,0.01425763
955.56953948,0.01709260
955.81461432,0.01852043
956.05969736,0.01359545
956.30478860,0.01032592
956.54988803,0.01481635
956.79499567,0.01204346
957.04011149,0.01591309
957.28523550,0.01169167
957.53036770,0.01278841
957.77550808,0.01359545
958.02065664,0.01413347
958.26581338,0.01235385
958.51097830,0.01485773
958.75615139,0.01136058
959.00133264,0.01609933
959.24652207,0.01156751
959.49171965,0.01529229
959.73692540,0.01512675
959.98213931,0.01258148
960.22736137,0.01514744
960.47259159,0.01802380
960.71782995,0.04767719
960.96307647,0.02003104
961.20833112,0.02150026
961.45359392,0.02785308
961.69886486,0.02808070
961.94414394,0.02954992
962.18943115,0.02899121
962.43472648,0.02967408
962.68002995,0.03308846
962.92534154,0.03410243
963.17066126,0.03052250
963.41598909,0.03459907
963.66132504,0.03528195
963.90666911,0.03606829
964.15202128,0.03623383
964.39738157,0.04190378
964.64274996,0.03679255
964.88812645,0.04198655
965.13351104,0.03726849
965.37890374,0.03939990
965.62430452,0.03911019
965.86971340,0.04124159
966.11513036,0.04420072
966.36055542,0.04629074
966.60598855,0.04256596
966.85142977,0.04246249
967.09687907,0.04148991
967.34233644,0.04231764
967.58780188,0.04291774
967.83327539,0.03867563
968.07875697,0.04279359
968.32424661,0.04769788
968.56974432,0.04289705
968.81525008,0.04674599
969.06076390,0.04742887
969.30628577,0.04871185
969.55181570,0.05282980
969.79735367,0.05347129
970.04289968,0.04775996
970.28845374,0.05073978
970.53401583,0.05084325
970.77958597,0.05411278
971.02516413,0.04794620
971.27075033,0.04844283
971.51634455,0.04701500
971.76194680,0.05243663
972.00755708,0.05336782
972.25317537,0.06003104
972.49880168,0.05543714
972.74443600,0.05887222
972.99007834,0.05810657
973.23572868,0.06342473
973.48138703,0.06373513
973.72705338,0.06487325
973.97272774,0.06311433
974.21841009,0.06520435
974.46410043,0.06001035
974.70979877,0.05421624
974.95550510,0.04757372
975.20121941,0.04807036
975.44694171,0.05069840
975.69267199,0.04616658
975.93841024,0.04875323
976.18415647,0.04943611
976.42991068,0.04709778
976.67567285,0.04624935
976.92144299,0.04331092
977.16722110,0.04397310
977.41300717,0.05092602
977.65880119,0.04761511
977.90460317,0.03991723
978.15041311,0.04664252
978.39623099,0.04333161
978.64205683,0.04364201
978.88789061,0.04264873
979.13373233,0.04246249
979.37958199,0.03666839
979.62543958,0.03453699
979.87130511,0.03689602
980.11717857,0.03517848
980.36305996,0.03350233
980.60894928,0.03364718
980.85484651,0.03325401
981.10075167,0.03211588
981.34666475,0.03143301
981.59258573,0.03108122
981.83851463,0.02596999
982.08445144,0.02992240
982.33039616,0.02392137
982.57634878,0.02236937
982.82230930,0.02038282
983.06827771,0.02503880
983.31425403,0.02309364
983.56023823,0.02342473
983.80623032,0.02327988
984.05223031,0.01849974
984.29823817,0.02299017
984.54425391,0.02251423
984.79027754,0.02038282
985.03630904,0.02379721
985.28234841,0.02172788
985.52839565,0.02712882
985.77445076,0.02201759
986.02051374,0.02743921
986.26658457,0.02195551
986.51266327,0.02785308
986.75874982,0.02574237
987.00484422,0.02667356
987.25094647,0.03166063
987.49705658,0.02777031
987.74317452,0.02907398
987.98930031,0.03143301
988.23543394,0.03267460
988.48157541,0.03166063
988.72772471,0.03470253
988.97388184,0.04111743
989.22004680,0.03312985
989.46621959,0.03768236
989.71240020,0.03633730
989.95858862,0.03902742
990.20478487,0.03712364
990.45098893,0.04867046
990.69720080,0.04198655
990.94342048,0.04049664
991.18964797,0.03840662
991.43588326,0.03977237
991.68212635,0.03772375
991.92837724,0.03882049
992.17463593,0.03658562
992.42090240,0.03466115
992.66717667,0.03240559
992.91345872,0.02981893
993.15974856,0.02543197
993.40604618,0.02863942
993.65235158,0.02230729
993.89866475,0.02414899
994.14498570,0.02245215
994.39131441,0.02178996
994.63765090,0.02251423
994.88399515,0.02054837
995.13034716,0.01955510
995.37670693,0.02046560
995.62307445,0.01727884
995.86944973,0.01566477
996.11583276,0.01698914
996.36222354,0.01823073
996.60862206,0.01758924
996.85502833,0.01696844
997.10144233,0.01680290
997.34786408,0.01380238
997.59429355,0.01452664
997.84073076,0.01502328
998.08717570,0.00846353
998.33362836,0.01382307
998.58008875,0.01011899
998.82655685,0.01297465
999.07303267,0.02110709
999.31951621,0.01471288
999.56600746,0.00871185
999.81250642,0.01084325
1000.05901309,0.00987067
1000.30552746,0.01127781
1000.55204953,0.00871185
1000.79857929,0.01469219
1001.04511676,0.01287118
1001.29166191,0.01597517
1001.53821476,0.00809105
1001.78477529,0.01040869
1002.03134351,0.01266425
1002.27791941,0.01407139
1002.52450299,0.01278841
1002.77109424,0.01196068
1003.01769317,0.00943611
1003.26429976,0.01231247
1003.51091403,0.00976720
1003.75753596,0.01303673
1004.00416555,0.00993275
1004.25080280,0.01682359
1004.49744771,0.01262287
1004.74410027,0.00935334
1004.99076048,0.00966374
1005.23742834,0.00976720
1005.48410384,0.01479565
1005.73078699,0.01142266
1005.97747778,0.01369891
1006.22417620,0.01229177
1006.47088226,0.01264356
1006.71759595,0.01214692
1006.96431727,0.01504397
1007.21104622,0.01303673
1007.45778279,0.01525091
1007.70452698,0.00974651
1007.95127879,0.01245732
1008.19803821,0.01285049
1008.44480524,0.01560269
1008.69157988,0.01460942
1008.93836213,0.01510605
1009.18515199,0.00968443
1009.43194944,0.01138127
1009.67875450,0.01109157
1009.92556715,0.01107087
1010.17238739,0.01491981
1010.41921522,0.01411278
1010.66605064,0.01369891
1010.91289364,0.01374030
1011.15974422,0.01084325
1011.40660239,0.01092602
1011.65346813,0.01289188
1011.90034144,0.01630626
1012.14722232,0.01475427
1012.39411078,0.01144335
1012.64100679,0.01117434
1012.88791037,0.01278841
1013.13482151,0.01216762
1013.38174020,0.01365753
1013.62866645,0.01622349
1013.87560025,0.01928608
1014.12254160,0.01438179
1014.36949049,0.01533368
1014.61644693,0.01963787
1014.86341091,0.01657527
1015.11038242,0.01500259
1015.35736147,0.01796172
1015.60434805,0.01498189
1015.85134216,0.01612002
1016.09834379,0.01454734
1016.34535295,0.01676151
1016.59236963,0.01812726
1016.83939383,0.01959648
1017.08642554,0.01727884
1017.33346476,0.01583032
1017.58051150,0.01723745
1017.82756574,0.01256079
1018.07462748,0.01384377
1018.32169673,0.01775479
1018.56877347,0.01156751
1018.81585771,0.01562338
1019.06294945,0.01270564
1019.31004867,0.00879462
1019.55715538,0.00693223
1019.80426957,0.01160890
1020.05139125,0.01568546
1020.29852041,0.01427832
1020.54565704,0.00881531
1020.79280114,0.00968443
1021.03995272,0.00581480
1021.28711177,0.01338852
1021.53427828,0.00943611
1021.78145225,0.01276772
1022.02863368,0.00929126
1022.27582257,0.00875323
1022.52301891,0.01280911
1022.77022270,0.00993275
1023.01743395,0.00974651
1023.26465263,0.01136058
1023.51187876,0.00233833
1023.75911234,0.00701500
1024.00635335,0.00556648
1024.25360179,0.00593895
1024.50085766,0.00467667
1024.74812097,0.00598034
1024.99539170,0.00492499
1025.24266985,0.00535954
1025.48995543,0.00283497
1025.73724842,0.00438696
1025.98454883,0.00691154
1026.23185665,0.00569064
1026.47917188,0.00424211
1026.72649452,0.00720124
1026.97382456,0.00699431
1027.22116200,0.00293844
1027.46850685,0.00405587
1027.71585908,0.00473875
1027.96321872,0.00473875
1028.21058574,0.00475944
1028.45796014,-0.01210554
1028.70534194,-0.01144335
1028.95273111,-0.01225039
1029.20012767,-0.01142266
1029.44753160,-0.01212623
1029.69494290,-0.01011899
