198.80933475,0.00869773
199.01143578,0.00894678
199.21355429,0.00340541
199.41569028,0.00124698
199.61784374,0.00157905
199.82001468,0.00344692
200.02220309,0.00290731
200.22440896,0.00234695
200.42663230,0.00182810
200.62887310,0.00311486
200.83113136,0.00444312
201.03340708,-0.00055863
201.23570025,0.00319787
201.43801087,0.00456765
201.64033894,0.00498273
201.84268445,0.00462991
202.04504741,0.00415256
202.24742780,0.00189036
202.44982564,0.00309410
202.65224090,-0.00190765
202.85467360,0.00618647
203.05712372,0.00296958
203.25959128,0.00064511
203.46207625,0.00245072
203.66457864,0.00157905
203.86709846,0.00525254
204.06963568,0.00500348
204.27219032,0.00332240
204.47476237,0.00265826
204.67735182,0.00186960
204.87995868,0.01006750
205.08258293,0.00610346
205.28522459,0.00417332
205.48788364,0.00213941
205.69056008,0.00238846
205.89325391,0.00728644
206.09596513,0.00236771
206.29869374,0.00591667
206.50143972,0.00510726
206.70420308,0.00543932
206.90698382,0.00263751
207.10978194,0.00288656
207.31259742,0.00846943
207.51543027,0.00012625
207.71828048,0.00305259
207.92114806,0.00180734
208.12403299,0.01050334
208.32693528,0.00263751
208.52985493,0.00251298
208.73279193,-0.00284159
208.93574627,0.00994298
209.13871796,0.00587516
209.34170699,0.00257525
209.54471336,0.00023003
209.74773707,0.00336391
209.95077811,0.00062435
210.15383649,0.00120547
210.35691219,0.00207715
210.56000522,0.00469217
210.76311557,0.00054134
210.96624324,0.00579214
211.16938823,-0.00045486
211.37255053,0.00257525
211.57573015,-0.00037185
211.77892707,0.00454689
211.98214130,0.00139226
212.18537284,0.00294882
212.38862167,0.00191111
212.59188781,0.00153754
212.79517124,0.00079039
212.99847196,-0.00091145
213.20178997,0.00346768
213.40512527,0.00489971
213.60847785,0.00326013
213.81184772,0.00114321
214.01523486,0.00085265
214.21863928,0.00419407
214.42206097,0.00604119
214.62549993,0.00272053
214.82895616,0.00164131
215.03242966,0.00265826
215.23592042,0.00064511
215.43942843,0.00307335
215.64295370,0.00452614
215.84649623,0.00344692
216.05005601,0.00728644
216.25363303,0.00317712
216.45722731,0.00282430
216.66083882,-0.00371327
216.86446757,0.00224318
217.06811356,0.00118472
217.27177679,0.00859396
217.47545724,0.00344692
217.67915493,0.00085265
217.88286984,0.00336391
218.08660198,0.00709966
218.29035133,0.00998449
218.49411790,0.00809586
218.69790169,0.00355069
218.90170269,0.00294882
219.10552090,0.00685061
219.30935632,0.00236771
219.51320894,0.00162055
219.71707876,0.00155829
219.92096578,0.00572988
220.12486999,0.00108095
220.32879140,0.00514876
220.53272999,-0.00037185
220.73668578,0.00269977
220.94065875,0.00533555
221.14464890,-0.00037185
221.34865623,0.00315636
221.55268073,-0.00006053
221.75672241,-0.00099447
221.96078126,0.00016776
222.16485728,-0.00066240
222.36895046,0.00195262
222.57306080,0.00417332
222.77718831,0.00164131
222.98133297,-0.00408684
223.18549478,0.00743172
223.38967375,0.00004324
223.59386986,0.00037530
223.79808312,0.00209790
224.00231352,0.00357145
224.20656106,0.00562611
224.41082574,0.00338466
224.61510756,0.00801284
224.81940650,0.00139226
225.02372258,0.00095642
225.22805578,0.00222243
225.43240610,-0.00273782
225.63677355,0.00278279
225.84115811,0.00043757
226.04555979,0.00342617
226.24997858,0.00025078
226.45441448,0.00263751
226.65886748,0.00535631
226.86333759,0.00205639
227.06782480,0.00133000
227.27232911,0.00120547
227.47685052,0.00087340
227.68138902,0.00367522
227.88594461,-0.00116050
228.09051728,0.00216016
228.29510704,0.00350918
228.49971389,0.00668457
228.70433781,0.00409030
228.90897881,0.00332240
229.11363688,0.00103944
229.31831202,0.00489971
229.52300423,0.00352994
229.72771350,0.00168282
229.93243984,0.00265826
230.13718324,0.00207715
230.34194369,0.00253374
230.54672120,0.00697513
230.75151576,0.00195262
230.95632737,0.00720343
231.16115602,0.00218092
231.36600172,-0.00047562
231.57086446,0.00031304
231.77574423,0.00332240
231.98064104,-0.00236425
232.18555488,0.00197338
232.39048575,0.00523178
232.59543365,0.00083190
232.80039857,-0.00003978
233.00538051,0.00367522
233.21037947,0.00440161
233.41539544,0.01924085
233.62042843,0.00101868
233.82547842,0.00222243
234.03054543,0.00562611
234.23562943,0.00170357
234.44073044,0.00157905
234.64584845,0.00429784
234.85098345,0.00222243
235.05613545,0.00359220
235.26130444,0.00398653
235.46649041,0.00062435
235.67169337,0.00477519
235.87691331,0.00734871
236.08215023,0.00047908
236.28740413,0.00438086
236.49267500,0.00157905
236.69796284,-0.00105673
236.90326765,0.00477519
237.10858942,0.00433935
237.31392816,0.00566762
237.51928386,0.00446388
237.72465651,0.00278279
237.93004612,0.00240921
238.13545268,0.00263751
238.34087619,0.00288656
238.54631664,0.00170357
238.75177404,0.00103944
238.95724838,-0.00022657
239.16273965,0.00392427
239.36824786,0.00562611
239.57377300,0.00245072
239.77931508,0.00282430
239.98487407,0.00220167
240.19045000,0.00637326
240.39604284,0.00315636
240.60165260,-0.00008129
240.80727928,0.00199413
241.01292287,0.00406955
241.21858337,0.00608270
241.42426077,0.00234695
241.62995508,0.00379974
241.83566630,-0.00095296
242.04139441,0.00379974
242.24713941,0.00303184
242.45290131,0.00095642
242.65868010,0.00392427
242.86447578,-0.00074542
243.07028835,0.00475443
243.27611779,0.00662231
243.48196412,0.00516952
243.68782732,0.00180734
243.89370739,0.00106019
244.09960434,-0.00076617
244.30551816,0.00417332
244.51144884,0.00350918
244.71739638,0.00290731
244.92336078,0.00247148
245.12934204,0.00128849
245.33534016,0.00265826
245.54135512,-0.00026807
245.74738694,0.00228469
245.95343560,0.00234695
246.15950110,0.00649779
246.36558345,0.00089416
246.57168263,0.00355069
246.77779865,0.00211866
246.98393150,0.00543932
247.19008118,0.00265826
247.39624769,0.00467142
247.60243102,0.00402804
247.80863117,0.00477519
248.01484814,0.00357145
248.22108192,0.00373748
248.42733252,-0.00255103
248.63359993,0.00137150
248.83988415,-0.00267556
249.04618517,0.00720343
249.25250299,0.00054134
249.45883761,-0.00033034
249.66518903,0.00286581
249.87155724,0.00151678
250.07794224,0.00523178
250.28434403,0.00473368
250.49076260,0.00956940
250.69719796,-0.00309064
250.90365009,-0.00035109
251.11011901,0.00091491
251.31660469,0.00415256
251.52310715,0.00091491
251.72962638,0.00313561
251.93616237,0.00093567
252.14271513,0.00402804
252.34928464,0.00064511
252.55587091,0.00072813
252.76247394,0.00334315
252.96909372,0.00282430
253.17573025,0.00120547
253.38238352,0.00205639
253.58905354,0.00367522
253.79574030,0.00041681
254.00244380,0.00458840
254.20916403,0.00919583
254.41590099,0.00595818
254.62265469,0.00002248
254.82942511,0.00205639
255.03621225,-0.00008129
255.24301612,0.00151678
255.44983670,0.00108095
255.65667400,0.00321863
255.86352802,0.00097718
256.07039874,0.00027153
256.27728617,0.00120547
256.48419031,0.00429784
256.69111115,0.00548083
256.89804868,0.00189036
257.10500292,0.00072813
257.31197384,0.00278279
257.51896146,0.00902979
257.72596577,-0.00267556
257.93298676,0.00124698
258.14002443,0.00421483
258.34707878,0.00263751
258.55414981,0.00269977
258.76123752,0.00159980
258.96834190,0.00884301
259.17546294,-0.00113975
259.38260065,-0.00068316
259.58975502,0.00178659
259.79692606,0.00153754
260.00411375,0.00355069
260.21131810,-0.00313215
260.41853909,0.00411106
260.62577674,0.00135075
260.83303103,0.00328089
261.04030197,-0.00163785
261.24758955,0.00074888
261.45489377,0.00008475
261.66221462,0.00191111
261.86955210,0.00386201
262.07690622,0.00137150
262.28427696,-0.00074542
262.49166433,-0.00275858
262.69906831,0.00213941
262.90648892,-0.00138880
263.11392614,0.00091491
263.32137998,0.00240921
263.52885042,0.00479594
263.73633747,0.00622798
263.94384113,0.00000173
264.15136139,0.00400728
264.35889825,0.00961091
264.56645171,0.00631100
264.77402176,0.00292807
264.98160840,0.00164131
265.18921163,0.00054134
265.39683144,-0.00182464
265.60446784,0.00768077
265.81212081,0.00054134
266.01979037,0.00189036
266.22747650,-0.00049637
266.43517920,0.00371673
266.64289847,-0.00101522
266.85063430,0.00101868
267.05838670,-0.00035109
267.26615566,0.00193187
267.47394117,-0.00248877
267.68174324,-0.00170011
267.88956187,0.00479594
268.09739704,0.00346768
268.30524876,0.00413181
268.51311702,0.00736946
268.72100183,-0.00240575
268.92890317,-0.00167936
269.13682105,-0.00045486
269.34475546,-0.00132654
269.55270640,0.00178659
269.76067387,0.00222243
269.96865786,0.00000173
270.17665838,-0.00086995
270.38467541,0.00074888
270.59270896,0.00168282
270.80075902,0.00133000
271.00882560,0.00180734
271.21690868,0.00079039
271.42500826,0.00245072
271.63312435,0.00417332
271.84125694,0.00112245
272.04940602,0.00832415
272.25757160,0.00290731
272.46575367,0.00251298
272.67395223,0.00240921
272.88216727,0.00020927
273.09039880,0.00739021
273.29864681,0.00045832
273.50691129,0.00317712
273.71519225,0.00222243
273.92348968,0.00081114
274.13180358,0.00064511
274.34013395,-0.00149257
274.54848077,0.00317712
274.75684406,0.00201488
274.96522381,0.00299033
275.17362001,-0.00107749
275.38203267,0.00527329
275.59046177,0.00290731
275.79890732,0.00168282
276.00736932,0.00282430
276.21584776,-0.00126427
276.42434263,0.00072813
276.63285394,-0.00377553
276.84138169,0.00031304
277.04992586,0.00311486
277.25848646,0.00326013
277.46706349,0.00290731
277.67565694,-0.00354723
277.88426680,-0.00018506
278.09289309,-0.00118126
278.30153578,-0.00269631
278.51019489,0.00552234
278.71887041,0.00025078
278.92756233,0.00404879
279.13627065,0.00483745
279.34499537,0.00238846
279.55373649,0.00390351
279.76249401,0.01071088
279.97126791,0.00400728
280.18005820,0.00263751
280.38886488,0.00261676
280.59768795,-0.00196992
280.80652739,0.00342617
281.01538321,0.00047908
281.22425540,0.00261676
281.43314397,0.00029229
281.64204891,0.00166206
281.85097021,0.00369597
282.05990788,0.00355069
282.26886190,0.00359220
282.47783229,-0.00217746
282.68681903,0.00438086
282.89582212,0.00139226
283.10484156,0.00097718
283.31387735,0.00074888
283.52292949,0.00002248
283.73199796,0.00149603
283.94108277,0.00328089
284.15018392,-0.00062090
284.35930141,-0.00003978
284.56843522,0.00255449
284.77758536,0.00388276
284.98675183,0.00159980
285.19593461,0.00965242
285.40513372,0.00593742
285.61434914,0.00579214
285.82358088,-0.00456419
286.03282893,0.00045832
286.24209328,0.00307335
286.45137395,0.00112245
286.66067091,0.00294882
286.86998417,0.00220167
287.07931373,0.00267902
287.28865959,0.00521103
287.49802174,0.00249223
287.70740017,0.00014701
287.91679489,0.00045832
288.12620590,0.00164131
288.33563318,0.00023003
288.54507675,0.00382050
288.75453658,-0.00049637
288.96401269,0.00062435
289.17350507,0.00249223
289.38301372,0.00512801
289.59253863,0.00112245
289.80207980,0.00467142
290.01163723,0.00095642
290.22121091,0.00344692
290.43080085,0.00371673
290.64040703,0.00081114
290.85002947,0.00216016
291.05966815,0.00479594
291.26932307,0.00375823
291.47899422,0.00189036
291.68868162,0.00352994
291.89838525,0.00122623
292.10810511,0.00591667
292.31784119,0.00299033
292.52759350,-0.00105673
292.73736204,0.00336391
292.94714679,0.00211866
293.15694776,0.00041681
293.36676494,0.00137150
293.57659834,0.00172433
293.78644794,-0.00118126
293.99631375,-0.00039260
294.20619576,0.00377899
294.41609397,0.00815812
294.62600838,0.00251298
294.83593898,0.00388276
295.04588578,-0.00037185
295.25584876,-0.00010204
295.46582793,-0.00003978
295.67582328,0.00128849
295.88583481,-0.00024732
296.09586253,0.00178659
296.30590641,0.00336391
296.51596647,-0.00053788
296.72604270,-0.00033034
296.93613509,0.00599969
297.14624365,-0.00402458
297.35636837,0.00245072
297.56650925,0.00139226
297.77666629,0.00205639
297.98683947,-0.00097372
298.19702881,0.00180734
298.40723429,0.00209790
298.61745592,0.00396578
298.82769369,0.00479594
299.03794760,0.00560536
299.24821765,-0.00161710
299.45850383,0.00467142
299.66880614,0.00047908
299.87912458,-0.00140955
300.08945914,-0.00161710
300.29980983,0.00404879
300.51017663,0.00307335
300.72055955,0.00797133
300.93095859,0.00261676
301.14137374,0.00045832
301.35180499,-0.00219821
301.56225235,-0.00041335
301.77271582,-0.00242651
301.98319538,0.00944488
302.19369105,-0.00261330
302.40420280,0.00000173
302.61473065,0.00523178
302.82527459,0.00274128
303.03583461,-0.00091145
303.24641072,0.00016776
303.45700291,0.00180734
303.66761117,0.00197338
303.87823552,0.00732795
304.08887593,0.00068662
304.29953241,0.00041681
304.51020496,-0.00147182
304.72089358,0.00384125
304.93159825,0.00294882
305.14231899,0.00016776
305.35305578,0.00421483
305.56380862,0.00272053
305.77457752,0.00340541
305.98536246,0.00290731
306.19616344,0.00323938
306.40698047,0.00238846
306.61781354,0.00170357
306.82866264,0.00359220
307.03952778,0.00261676
307.25040895,0.00093567
307.46130614,0.00340541
307.67221937,0.00079039
307.88314861,0.00018852
308.09409387,0.00379974
308.30505515,0.00292807
308.51603245,0.00436011
308.72702576,-0.00047562
308.93803507,-0.00030958
309.14906039,0.00326013
309.36010172,0.00120547
309.57115904,0.00436011
309.78223236,0.00261676
309.99332168,0.00261676
310.20442699,0.00512801
310.41554829,0.00240921
310.62668557,-0.00165860
310.83783884,0.00311486
311.04900809,-0.00356799
311.26019332,0.00031304
311.47139452,0.00245072
311.68261169,0.00130924
311.89384484,0.00492047
312.10509395,0.00272053
312.31635903,0.00371673
312.52764007,-0.00043411
312.73893706,-0.00128503
312.95025002,0.00133000
313.16157892,-0.00043411
313.37292378,0.00492047
313.58428458,0.00242997
313.79566133,0.00081114
314.00705402,0.00176583
314.21846266,0.00097718
314.42988722,0.00124698
314.64132772,0.00309410
314.85278416,-0.00045486
315.06425652,0.01012977
315.27574480,-0.00113975
315.48724901,0.00359220
315.69876914,-0.00033034
315.91030518,0.00245072
316.12185715,0.00016776
316.33342502,0.00120547
316.54500880,0.00280354
316.75660848,0.00489971
316.96822407,0.00319787
317.17985556,0.00201488
317.39150295,-0.00008129
317.60316624,0.00332240
317.81484541,0.00072813
318.02654048,0.00255449
318.23825143,0.00398653
318.44997826,0.00164131
318.66172098,0.00020927
318.87347957,0.00751474
319.08525404,0.00170357
319.29704439,0.00309410
319.50885060,0.00027153
319.72067268,0.00205639
319.93251063,0.00128849
320.14436443,0.00085265
320.35623410,0.00730720
320.56811962,0.00448463
320.78002100,-0.00116050
320.99193822,-0.00140955
321.20387130,-0.00230198
321.41582021,0.00070737
321.62778498,0.00504499
321.83976558,0.00365446
322.05176201,0.00315636
322.26377428,0.00054134
322.47580239,0.00589591
322.68784632,0.00496198
322.89990607,0.00255449
323.11198165,0.00124698
323.32407305,0.00477519
323.53618027,0.00487896
323.74830330,0.00178659
323.96044215,0.00230544
324.17259680,0.00477519
324.38476726,0.00438086
324.59695352,0.00097718
324.80915558,0.00263751
325.02137344,-0.00003978
325.23360710,0.00122623
325.44585655,0.00510726
325.65812178,0.00272053
325.87040281,-0.00101522
326.08269962,0.00276203
326.29501221,-0.00111900
326.50734058,0.00396578
326.71968472,0.00091491
326.93204464,0.00724494
327.14442032,0.00556385
327.35681178,0.00411106
327.56921900,-0.00028883
327.78164198,0.00178659
327.99408072,-0.00049637
328.20653522,0.00234695
328.41900547,0.00025078
328.63149147,0.00216016
328.84399322,0.00056209
329.05651071,0.00340541
329.26904395,0.00116396
329.48159293,0.00400728
329.69415764,0.00162055
329.90673809,0.00404879
330.11933427,0.00159980
330.33194617,0.00454689
330.54457381,0.00060360
330.75721716,-0.00290385
330.96987624,0.00062435
331.18255104,0.00371673
331.39524154,0.00709966
331.60794777,0.00122623
331.82066970,0.00010550
332.03340733,0.00087340
332.24616067,0.00643552
332.45892971,0.00151678
332.67171445,0.00373748
332.88451489,0.00079039
333.09733102,0.00195262
333.31016283,0.00064511
333.52301034,-0.00045486
333.73587352,-0.00093221
333.94875239,-0.00311140
334.16164694,0.00000173
334.37455717,-0.00387930
334.58748306,0.00371673
334.80042463,0.00431860
335.01338187,-0.00076617
335.22635477,0.00425633
335.43934333,0.00114321
335.65234755,0.00379974
335.86536743,0.00504499
336.07840296,0.00182810
336.29145415,-0.00022657
336.50452098,0.00218092
336.71760345,0.00087340
336.93070157,0.00205639
337.14381533,0.00089416
337.35694473,0.00195262
337.57008976,0.00558460
337.78325042,0.00249223
337.99642671,-0.00041335
338.20961863,0.00311486
338.42282617,0.00323938
338.63604933,-0.00101522
338.84928810,0.00029229
339.06254250,0.00340541
339.27581250,0.00309410
339.48909812,0.00240921
339.70239934,0.00355069
339.91571616,0.00205639
340.12904859,0.00371673
340.34239661,-0.00086995
340.55576023,0.00382050
340.76913945,0.00433935
340.98253425,0.00164131
341.19594464,0.00074888
341.40937061,-0.00041335
341.62281217,0.00232620
341.83626930,0.01035806
342.04974201,0.00085265
342.26323030,-0.00099447
342.47673415,0.00419407
342.69025357,0.00801284
342.90378856,-0.00051712
343.11733911,0.00599969
343.33090522,0.00182810
343.54448688,0.00186960
343.75808410,0.00259600
343.97169687,0.00332240
344.18532519,0.00060360
344.39896906,0.00392427
344.61262847,0.00033380
344.82630341,0.00406955
345.03999390,0.00359220
345.25369992,0.00514876
345.46742147,0.00732795
345.68115855,0.00425633
345.89491115,0.00172433
346.10867928,0.00172433
346.32246293,0.00328089
346.53626210,-0.00257179
346.75007679,-0.00055863
346.96390698,0.00278279
347.17775269,0.00276203
347.39161390,0.00004324
347.60549061,0.00394502
347.81938283,0.00209790
348.03329055,0.00384125
348.24721376,0.00274128
348.46115246,0.00500348
348.67510665,0.00016776
348.88907634,0.00155829
349.10306150,-0.00155483
349.31706215,-0.00053788
349.53107828,0.00151678
349.74510988,0.00375823
349.95915696,0.00429784
350.17321950,0.00462991
350.38729752,0.00450538
350.60139100,0.00106019
350.81549994,0.00066586
351.02962435,-0.00170011
351.24376421,0.00344692
351.45791952,0.00004324
351.67209028,0.00143377
351.88627650,0.00110170
352.10047816,0.00056209
352.31469526,0.00342617
352.52892780,0.00361296
352.74317578,0.00585441
352.95743919,0.00168282
353.17171804,0.00332240
353.38601232,0.00483745
353.60032202,0.00014701
353.81464714,0.00656005
354.02898769,-0.00331894
354.24334365,-0.00157559
354.45771503,-0.00201143
354.67210182,0.00589591
354.88650403,0.00516952
355.10092164,0.00398653
355.31535465,0.00089416
355.52980306,0.01075239
355.74426687,0.00261676
355.95874608,0.00269977
356.17324069,0.00176583
356.38775068,0.00029229
356.60227606,0.00276203
356.81681682,-0.00236425
357.03137297,-0.00132654
357.24594449,0.00398653
357.46053139,0.00548083
357.67513367,0.00597893
357.88975132,0.00379974
358.10438433,-0.00111900
358.31903271,0.00209790
358.53369645,0.00288656
358.74837556,-0.00292461
358.96307002,0.00454689
359.17777983,-0.00238500
359.39250499,0.00039606
359.60724551,0.00238846
359.82200137,0.00203564
360.03677257,0.00074888
360.25155911,-0.00010204
360.46636100,0.00147528
360.68117821,-0.00456419
360.89601076,-0.00219821
361.11085864,0.00406955
361.32572184,-0.00309064
361.54060037,0.00211866
361.75549422,0.00263751
361.97040338,0.00450538
362.18532786,0.00583365
362.40026766,0.00101868
362.61522276,0.00315636
362.83019318,0.00595818
363.04517889,0.00074888
363.26017991,0.00108095
363.47519623,0.00058285
363.69022784,0.00265826
363.90527474,0.00066586
364.12033694,0.00685061
364.33541442,0.00039606
364.55050719,-0.00001902
364.76561524,-0.00203218
364.98073857,0.00023003
365.19587718,-0.00113975
365.41103106,0.00178659
365.62620021,0.00045832
365.84138463,0.00263751
366.05658432,0.00203564
366.27179927,0.00386201
366.48702948,-0.00066240
366.70227494,-0.00018506
366.91753566,0.00274128
367.13281163,0.00157905
367.34810285,-0.00246802
367.56340932,0.00133000
367.77873103,0.00159980
367.99406798,0.00384125
368.20942017,-0.00118126
368.42478759,0.00178659
368.64017025,0.00130924
368.85556813,0.00371673
369.07098125,0.00085265
369.28640958,0.00323938
369.50185314,-0.00012280
369.71731191,0.00247148
369.93278590,-0.00365100
370.14827511,0.00228469
370.36377952,-0.00213595
370.57929914,0.00004324
370.79483397,0.00643552
371.01038400,0.00346768
371.22594922,0.00232620
371.44152965,0.00170357
371.65712526,0.00238846
371.87273607,-0.00126427
372.08836206,0.00510726
372.30400324,0.00288656
372.51965960,-0.00062090
372.73533114,0.00367522
372.95101786,-0.00130578
373.16671976,0.00352994
373.38243682,0.00406955
373.59816905,0.00236771
373.81391645,-0.00331894
374.02967901,0.00253374
374.24545673,-0.00010204
374.46124961,-0.00026807
374.67705764,0.00220167
374.89288082,-0.00026807
375.10871916,0.00035455
375.32457264,0.00162055
375.54044126,0.00056209
375.75632503,0.00647703
375.97222393,0.00097718
376.18813797,-0.00086995
376.40406713,0.00012625
376.62001143,0.00031304
376.83597086,-0.00234349
377.05194541,0.00025078
377.26793508,0.00259600
377.48393987,0.00201488
377.69995978,0.00294882
377.91599480,0.00018852
378.13204493,0.00108095
378.34811016,0.00537706
378.56419050,0.00587516
378.78028595,0.00299033
378.99639649,0.00166206
379.21252213,-0.00089070
379.42866286,0.00311486
379.64481868,-0.00134729
379.86098960,0.00622798
380.07717559,-0.00008129
380.29337667,0.00176583
380.50959283,-0.00030958
380.72582407,0.00301108
380.94207038,0.00232620
381.15833176,0.00070737
381.37460821,-0.00097372
381.59089972,0.00135075
381.80720630,0.00168282
382.02352794,0.00097718
382.23986464,0.00133000
382.45621639,0.00126773
382.67258319,0.00083190
382.88896505,0.00070737
383.10536195,0.00406955
383.32177389,0.00236771
383.53820087,0.00191111
383.75464289,0.00157905
383.97109995,0.00220167
384.18757204,-0.00030958
384.40405916,0.00025078
384.62056131,-0.00454343
384.83707848,0.00031304
385.05361067,0.00317712
385.27015788,0.00247148
385.48672011,0.00579214
385.70329735,0.00487896
385.91988960,0.00352994
386.13649686,0.00155829
386.35311912,0.00427709
386.56975639,0.00282430
386.78640865,0.00230544
387.00307592,0.00087340
387.21975817,-0.00170011
387.43645542,0.00280354
387.65316765,0.00226393
387.86989487,0.00249223
388.08663707,0.00164131
388.30339426,0.00006399
388.52016641,0.00224318
388.73695355,0.00473368
388.95375565,0.00614496
389.17057273,-0.00020581
389.38740477,0.00587516
389.60425177,0.00599969
389.82111374,-0.00109824
390.03799066,0.00498273
390.25488253,-0.00010204
390.47178936,0.00072813
390.68871114,0.00213941
390.90564787,0.00218092
391.12259954,0.00045832
391.33956614,0.00228469
391.55654769,0.00085265
391.77354418,0.00296958
391.99055559,0.00162055
392.20758194,0.00189036
392.42462321,0.00346768
392.64167941,0.00336391
392.85875053,0.00419407
393.07583657,0.00037530
393.29293752,0.00419407
393.51005339,0.00506575
393.72718417,0.00361296
393.94432986,0.00469217
394.16149045,0.00253374
394.37866594,0.00091491
394.59585634,0.00444312
394.81306163,0.00379974
395.03028181,0.00438086
395.24751689,0.00687136
395.46476685,0.00294882
395.68203170,0.00369597
395.89931143,0.00768077
396.11660604,0.00479594
396.33391553,0.00608270
396.55123990,0.00014701
396.76857913,0.00377899
396.98593324,0.00303184
397.20330221,-0.00296612
397.42068604,0.00253374
397.63808474,-0.00126427
397.85549829,0.00377899
398.07292670,0.00460916
398.29036996,0.00448463
398.50782807,0.00496198
398.72530103,0.00558460
398.94278883,0.00280354
399.16029147,0.00587516
399.37780895,0.00130924
399.59534127,0.00608270
399.81288841,0.00539781
400.03045039,0.00682985
400.24802720,0.00853169
400.46561883,0.00386201
400.68322529,0.00164131
400.90084656,0.00292807
401.11848265,0.00734871
401.33613355,0.00348843
401.55379926,0.00209790
401.77147978,0.00741097
401.98917511,0.00714116
402.20688524,0.00344692
402.42461017,0.00240921
402.64234989,0.00676759
402.86010441,0.00162055
403.07787372,0.00637326
403.29565782,0.00512801
403.51345670,0.00411106
403.73127037,0.00604119
403.94909882,0.00259600
404.16694205,0.00685061
404.38480005,0.00209790
404.60267282,0.00438086
404.82056036,0.00259600
405.03846267,0.00867697
405.25637974,0.01114672
405.47431157,0.00629024
405.69225816,0.00255449
405.91021951,0.00533555
406.12819561,0.00216016
406.34618645,0.00382050
406.56419205,0.00413181
406.78221239,0.00296958
407.00024747,0.00898829
407.21829729,-0.00091145
407.43636184,0.00875999
407.65444113,0.00724494
407.87253515,0.00801284
408.09064390,0.00566762
408.30876737,0.00433935
408.52690556,0.00898829
408.74505847,0.00610346
408.96322610,0.00595818
409.18140844,0.00375823
409.39960550,0.00411106
409.61781726,0.00714116
409.83604372,0.00664306
410.05428489,0.00631100
410.27254076,0.00097718
410.49081133,0.00857320
410.70909659,0.00757700
410.92739654,0.00552234
411.14571118,0.00859396
411.36404051,0.00720343
411.58238452,0.00936186
411.80074321,0.00438086
412.01911658,0.00855245
412.23750462,0.01093918
412.45590734,0.00624874
412.67432472,0.00693362
412.89275677,0.00591667
413.11120349,0.00467142
413.32966486,0.00238846
413.54814090,0.00492047
413.76663159,0.00751474
413.98513693,0.00384125
414.20365692,0.00224318
414.42219156,0.00707890
414.64074084,0.00186960
414.85930477,0.00417332
415.07788333,0.00211866
415.29647653,0.00624874
415.51508437,0.00207715
415.73370683,0.00363371
415.95234392,0.00550159
416.17099564,0.00583365
416.38966198,0.00732795
416.60834294,0.00795058
416.82703851,0.00865622
417.04574870,0.00124698
417.26447350,0.00413181
417.48321291,0.00678834
417.70196692,0.00162055
417.92073554,0.00759776
418.13951875,0.00795058
418.35831657,0.00122623
418.57712898,0.00184885
418.79595598,0.01039957
419.01479757,0.01106370
419.23365374,0.00622798
419.45252450,0.00373748
419.67140984,0.00788831
419.89030975,0.00998449
420.10922425,0.01172784
420.32815331,0.00436011
420.54709694,0.00761851
420.76605514,0.00668457
420.98502791,0.00477519
421.20401523,0.00184885
421.42301712,0.00398653
421.64203356,0.00867697
421.86106455,0.00502424
422.08011009,0.00440161
422.29917018,0.00911281
422.51824482,0.00666382
422.73733399,0.00496198
422.95643771,0.00726569
423.17555596,0.00629024
423.39468875,0.00604119
423.61383606,0.00734871
423.83299790,0.00319787
424.05217427,0.00593742
424.27136516,0.00656005
424.49057057,0.00489971
424.70979050,0.00612421
424.92902494,0.00668457
425.14827390,0.00492047
425.36753736,0.00788831
425.58681532,0.01183161
425.80610779,0.00568837
426.02541476,0.00979770
426.24473623,0.00477519
426.46407219,0.00859396
426.68342265,0.00263751
426.90278759,0.00755625
427.12216702,0.00878074
427.34156093,0.00460916
427.56096933,0.00946563
427.78039220,0.01154105
427.99982955,0.00585441
428.21928137,0.00606195
428.43874766,0.00342617
428.65822841,0.00691287
428.87772363,0.00828264
429.09723331,0.00566762
429.31675745,0.00234695
429.53629605,0.00489971
429.75584910,0.00602044
429.97541660,0.00983921
430.19499854,0.00363371
430.41459494,0.00983921
430.63420577,0.00946563
430.85383104,0.00703739
431.07347075,0.00878074
431.29312489,0.01241272
431.51279347,0.00554309
431.73247647,0.00423558
431.95217390,0.00452614
432.17188574,0.00907130
432.39161201,0.00572988
432.61135270,0.00433935
432.83110780,0.00774304
433.05087731,0.01257876
433.27066123,0.00546008
433.49045956,0.00867697
433.71027229,0.00722418
433.93009942,0.00892602
434.14994095,0.00734871
434.36979687,0.00674684
434.58966718,0.00755625
434.80955189,0.00959016
435.02945098,0.00919583
435.24936445,0.01548434
435.46929230,0.00836566
435.68923454,0.01008826
435.90919115,0.01077314
436.12916213,0.00886376
436.34914748,0.01143728
436.56914720,0.01131275
436.78916128,0.00952789
437.00918972,0.00840717
437.22923252,0.00695438
437.44928968,0.00797133
437.66936119,0.00782605
437.88944706,0.01058636
438.10954727,0.01002599
438.32966182,0.01158256
438.54979072,0.00963167
438.76993395,0.01444663
438.99009153,0.01388627
439.21026343,0.01396929
439.43044967,0.01259951
439.65065024,0.01679185
439.87086513,0.00985996
440.09109434,0.00919583
440.31133788,0.00967317
440.53159573,0.01614848
440.75186789,0.01027504
440.97215437,0.01168633
441.19245516,0.01272404
441.41277025,0.01042032
441.63309964,0.01218443
441.85344334,0.01340892
442.07380133,0.01104295
442.29417362,0.01471644
442.51456020,0.01021278
442.73496107,0.01326365
442.95537623,0.01488247
443.17580567,0.01365797
443.39624939,0.01702015
443.61670739,0.01330515
443.83717967,0.01538057
444.05766622,0.01367873
444.27816704,0.01733146
444.49868212,0.00878074
444.71921147,0.01081465
444.93975509,0.01382401
445.16031296,0.01571264
445.38088508,0.01540133
445.60147147,0.01494473
445.82207210,0.01164482
446.04268698,0.01525605
446.26331610,0.01965593
446.48395947,0.01106370
446.70461707,0.01490323
446.92528892,0.01100144
447.14597499,0.01438437
447.36667530,0.00768077
447.58738984,0.01592018
447.80811860,0.01455040
448.02886158,0.01112597
448.24961879,0.01446739
448.47039021,0.01652205
448.69117585,0.02231246
448.91197570,0.01722769
449.13278975,0.00927884
449.35361802,0.01158256
449.57446049,0.01519378
449.79531715,0.00875999
450.01618802,0.01035806
450.23707308,0.00878074
450.45797234,0.01604470
450.67888578,0.01125049
450.89981341,0.01116747
451.12075522,0.01625225
451.34171122,0.01509001
451.56268139,0.01855596
451.78366574,0.01482021
452.00466426,0.01575415
452.22567696,0.01029580
452.44670382,0.01095993
452.66774484,0.00873924
452.88880003,0.01919934
453.10986938,0.01251650
453.33095288,0.01579565
453.55205053,0.01334666
453.77316234,0.00994298
453.99428830,0.01455040
454.21542840,0.01205990
454.43658264,0.01359571
454.65775102,0.01444663
454.87893354,0.01353345
455.10013019,0.01741448
455.32134098,0.01975970
455.54256589,0.01928236
455.76380493,0.01214292
455.98505809,0.01562962
456.20632537,0.01816163
456.42760677,0.01699940
456.64890229,0.01286932
456.87021191,0.01924085
457.09153565,0.01571264
457.31287349,0.01614848
457.53422544,0.01890878
457.75559149,0.01936537
457.97697163,0.01509001
458.19836587,0.01924085
458.41977420,0.01666733
458.64119663,0.02002951
458.86263313,0.01475795
459.08408373,0.02225020
459.30554840,0.01834842
459.52702716,0.02488598
459.74851999,0.01585792
459.97002689,0.02621425
460.19154786,0.01905406
460.41308290,0.02191814
460.63463201,0.01855596
460.85619518,0.01614848
461.07777241,0.01901255
461.29936369,0.02117098
461.52096903,0.02193889
461.74258841,0.02270679
461.96422185,0.01872199
462.18586933,0.02106721
462.40753086,0.02633877
462.62920642,0.02308037
462.85089602,0.02198040
463.07259966,0.01863898
463.29431733,0.01558811
463.51604902,0.02019554
463.73779475,0.01890878
463.95955449,0.02243699
464.18132826,0.02467844
464.40311604,0.02112948
464.62491784,0.01911632
464.84673365,0.02075590
465.06856347,0.02353696
465.29040730,0.01909557
465.51226513,0.02202191
465.73413696,0.01778805
465.95602279,0.02366149
466.17792261,0.02393129
466.39983643,0.02872550
466.62176424,0.02476146
466.84370603,0.02741799
467.06566181,0.02357847
467.28763157,0.02552936
467.50961531,0.02557087
467.73161303,0.02380676
467.95362472,0.02303886
468.17565038,0.02876701
468.39769001,0.02378601
468.61974360,0.02262378
468.84181116,0.02374450
469.06389267,0.03042735
469.28598814,0.02550861
469.50809757,0.03084243
469.73022094,0.03046885
469.95235827,0.02853872
470.17450954,0.02656707
470.39667475,0.02295584
470.61885390,0.02418034
470.84104699,0.02575766
471.06325402,0.03171410
471.28547498,0.02579917
471.50770986,0.02828967
471.72995867,0.02241624
471.95222141,0.02131626
472.17449806,0.02254076
472.39678864,0.02005026
472.61909313,0.02395204
472.84141153,0.02011252
473.06374384,0.03040659
473.28609005,0.02469919
473.50845017,0.02283132
473.73082420,0.02536333
473.95321212,0.02395204
474.17561393,0.02548785
474.39802964,0.02214643
474.62045924,0.02509352
474.84290273,0.01899180
475.06536010,0.02685763
475.28783136,0.02540484
475.51031649,0.02409732
475.73281550,0.02054836
475.95532838,0.01936537
476.17785513,0.02013328
476.40039575,0.02366149
476.62295024,0.02328791
476.84551859,0.02488598
477.06810080,0.02434637
477.29069686,0.02461618
477.51330678,0.02332942
477.73593055,0.02712743
477.95856817,0.02432562
478.18121963,0.02623500
478.40388494,0.02633877
478.62656409,0.02945190
478.84925707,0.02305961
479.07196389,0.02793685
479.29468455,0.02503126
479.51741903,0.02718969
479.74016733,0.02241624
479.96292946,0.02418034
480.18570542,0.02532182
480.40849519,0.02438788
480.63129877,0.02712743
480.85411617,0.02405581
481.07694738,0.02256151
481.29979239,0.02413883
481.52265121,0.02303886
481.74552383,0.02451241
481.96841025,0.02009177
482.19131046,0.02727271
482.41422447,0.02183512
482.63715227,0.02189738
482.86009385,0.02117098
483.08304922,0.02050685
483.30601837,0.02245774
483.52900130,0.02388978
483.75199801,0.02021629
483.97500849,0.02438788
484.19803274,0.02445014
484.42107076,0.02009177
484.64412255,0.02712743
484.86718810,0.02158607
485.09026741,0.01699940
485.31336047,0.01911632
485.53646729,0.02048610
485.75958786,0.01890878
485.98272218,0.01847294
486.20587024,0.01780881
486.42903205,0.01743523
486.65220760,0.01708241
486.87539689,0.02650481
487.09859991,0.01978046
487.32181666,0.02268604
487.54504715,0.02498975
487.76829136,0.02204266
487.99154929,0.02428411
488.21482094,0.02442939
488.43810631,0.02401431
488.66140540,0.02777081
488.88471820,0.02833117
489.10804471,0.02945190
489.33138493,0.03202542
489.55473885,0.03123676
489.77810647,0.03235748
490.00148780,0.03478572
490.22488281,0.03306313
490.44829153,0.03731773
490.67171393,0.03634228
490.89515002,0.03671586
491.11859979,0.03870826
491.34206325,0.03762904
491.56554038,0.03403857
491.78903120,0.03686114
492.01253568,0.03347821
492.23605384,0.03476497
492.45958567,0.03910259
492.68313116,0.03764980
492.90669031,0.03302162
493.13026312,0.03075941
493.35384960,0.02810288
493.57744972,0.02797835
493.80106350,0.02907832
494.02469092,0.03289709
494.24833200,0.03225371
494.47198671,0.03107073
494.69565507,0.02718969
494.91933706,0.03395555
495.14303269,0.02835193
495.36674195,0.03003302
495.59046484,0.03374801
495.81420136,0.03156883
496.03795150,0.02812363
496.26171526,0.02615199
496.48549264,0.02760478
496.70928364,0.03090469
496.93308825,0.03235748
497.15690647,0.03410083
497.38073830,0.03351972
497.60458373,0.03812714
497.82844276,0.04304588
498.05231539,0.03814790
498.27620162,0.03594796
498.50010144,0.03789885
498.72401485,0.03723471
498.94794185,0.04507979
499.17188244,0.03752527
499.39583661,0.04103273
499.61980435,0.03634228
499.84378568,0.04362700
500.06778058,0.03787809
500.29178904,0.03966295
500.51581108,0.03598946
500.73984668,0.04121952
500.96389585,0.04117801
501.18795858,0.03787809
501.41203486,0.04559865
501.63612470,0.03987049
501.86022809,0.04314965
502.08434503,0.04684390
502.30847551,0.04474772
502.53261954,0.04200817
502.75677711,0.04144781
502.98094822,0.04157234
503.20513286,0.04221572
503.42933104,0.04072142
503.65354274,0.03764980
503.87776797,0.03505553
504.10200673,0.03349896
504.32625901,0.03636304
504.55052480,0.03563664
504.77480411,0.03424611
504.99909694,0.03111223
505.22340327,0.03804413
505.44772312,0.03067640
505.67205646,0.03032357
505.89640331,0.02970095
506.12076366,0.02961793
506.34513750,0.02629727
506.56952484,0.02758402
506.79392567,0.02513503
507.01833999,0.02885003
507.24276779,0.02943115
507.46720907,0.02810288
507.69166384,0.02806137
507.91613208,0.02928587
508.14061380,0.03185938
508.36510898,0.02941039
508.58961764,0.03154807
508.81413976,0.03244050
509.03867534,0.03650832
509.26322439,0.03495176
509.48778689,0.03370650
509.71236285,0.04014030
509.93695226,0.03563664
510.16155512,0.03810639
510.38617142,0.03621776
510.61080117,0.03825167
510.83544436,0.03648756
511.06010099,0.03607248
511.28477105,0.04273457
511.50945454,0.04097047
511.73415147,0.04014030
511.95886182,0.03779508
512.18358560,0.03563664
512.40832280,0.02976321
512.63307341,0.03385178
512.85783745,0.03410083
513.08261489,0.03117450
513.30740575,0.03322916
513.53221001,0.03339519
513.75702768,0.03202542
513.98185875,0.03115374
514.20670322,0.03144430
514.43156109,0.02918210
514.65643235,0.03036508
514.88131700,0.02920285
515.10621504,0.03847996
515.33112647,0.03266880
515.55605128,0.03412159
515.78098946,0.03495176
516.00594103,0.03069715
516.23090597,0.03102922
516.45588428,0.03414234
516.68087596,0.02650481
516.90588100,0.03156883
517.13089941,0.02476146
517.35593118,0.02858022
517.58097631,0.02588218
517.80603479,0.02885003
518.03110663,0.02442939
518.25619181,0.02714819
518.48129034,0.02652556
518.70640222,0.02826891
518.93152743,0.02853872
519.15666598,0.02833117
519.38181787,0.02233322
519.60698310,0.02916134
519.83216165,0.02469919
520.05735353,0.01880501
520.28255873,0.02160682
520.50777726,0.01980121
520.73300910,0.02567464
520.95825426,0.02579917
521.18351273,0.02833117
521.40878452,0.02623500
521.63406961,0.02384827
521.85936801,0.02131626
522.08467971,0.02316339
522.31000471,0.02505202
522.53534300,0.02283132
522.76069459,0.02905757
522.98605947,0.03017830
523.21143764,0.02885003
523.43682910,0.03069715
523.66223383,0.02984623
523.88765185,0.03026131
524.11308315,0.03134053
524.33852772,0.03391405
524.56398556,0.03158958
524.78945667,0.03445366
525.01494104,0.03229522
525.24043868,0.03430838
525.46594959,0.03501402
525.69147374,0.04294211
525.91701116,0.03613474
526.14256182,0.03183863
526.36812574,0.03308388
526.59370290,0.03360273
526.81929331,0.03096695
527.04489696,0.03173486
527.27051384,0.03055187
527.49614396,0.03028207
527.72178732,0.02513503
527.94744390,0.02831042
528.17311372,0.02708592
528.39879675,0.03109148
528.62449301,0.02847645
528.85020249,0.03567815
529.07592518,0.03557438
529.30166109,0.03318765
529.52741021,0.03810639
529.75317254,0.04155158
529.97894807,0.03343670
530.20473680,0.04148932
530.43053874,0.04231949
530.65635387,0.05292487
530.88218219,0.04250627
531.10802371,0.04896082
531.33387841,0.04792311
531.55974630,0.05030984
531.78562738,0.05051738
532.01152163,0.05288336
532.23742906,0.04588920
532.46334967,0.04846272
532.68928344,0.04968722
532.91523039,0.04848348
533.14119051,0.05091171
533.36716378,0.04900233
533.59315022,0.05012305
533.81914982,0.04889856
534.04516257,0.05701344
534.27118847,0.04923063
534.49722752,0.05043437
534.72327973,0.04929289
534.94934507,0.04954194
535.17542356,0.05630780
535.40151518,0.05686816
535.62761994,0.04804764
535.85373784,0.04883630
536.07986886,0.05722098
536.30601301,0.05253054
536.53217029,0.05267582
536.75834069,0.04914761
536.98452420,0.04962495
537.21072084,0.05489651
537.43693059,0.05682665
537.66315345,0.05043437
537.88938941,0.05163811
538.11563848,0.05178339
538.34190066,0.05713797
538.56817593,0.05292487
538.79446431,0.05348523
539.02076577,0.05425314
539.24708033,0.06141332
539.47340798,0.06029260
539.69974871,0.05693042
539.92610252,0.05713797
540.15246942,0.05392107
540.37884939,0.05551914
540.60524244,0.06052090
540.83164856,0.05518707
541.05806775,0.05886056
541.28450001,0.05803039
541.51094533,0.06568868
541.73740371,0.06566793
541.96387515,0.06440193
542.19035965,0.05761531
542.41685719,0.06797164
542.64336779,0.06531511
542.86989144,0.07164513
543.09642813,0.05896433
543.32297786,0.06614528
543.54954063,0.06083221
543.77611643,0.06714148
544.00270527,0.06284536
544.22930714,0.07021309
544.45592204,0.06153785
544.68254996,0.06736977
544.90919091,0.05975299
545.13584487,0.06703771
545.36251185,0.06172464
545.58919184,0.05977374
545.81588485,0.06039637
546.04259086,0.05846623
546.26930988,0.05883981
546.49604191,0.06475475
546.72278693,0.05836246
546.94954495,0.06301140
547.17631596,0.06228500
547.40309997,0.06948670
547.62989696,0.06763958
547.85670694,0.07295264
548.08352991,0.07944870
548.31036585,0.06934142
548.53721477,0.07332622
548.76407667,0.07942795
548.99095154,0.07259982
549.21783938,0.07299415
549.44474018,0.08108828
549.67165395,0.07959398
549.89858069,0.07816194
550.12552038,0.07803742
550.35247302,0.07504882
550.57943862,0.07409412
550.80641717,0.06996404
551.03340866,0.07639784
551.26041310,0.07654312
551.48743048,0.07716574
551.71446081,0.07776761
551.94150406,0.08225051
552.16856025,0.08897486
552.39562937,0.09221252
552.62271142,0.08499006
552.84980640,0.08918241
553.07691429,0.08646361
553.30403511,0.08818621
553.53116884,0.09111254
553.75831549,0.08785414
553.98547505,0.09161064
554.21264752,0.09254458
554.43983289,0.09304268
554.66703116,0.09825198
554.89424234,0.10076323
555.12146641,0.10341977
555.34870338,0.09931044
555.57595324,0.10786116
555.80321599,0.11338177
556.03049162,0.10914792
556.25778014,0.10584801
556.48508154,0.11578926
556.71239582,0.11784392
556.93972297,0.11365158
557.16706300,0.10997809
557.39441589,0.11338177
557.62178165,0.11857031
557.84916028,0.11319498
558.07655177,0.11354780
558.30395611,0.11167993
558.53137331,0.11381761
558.75880337,0.11670244
558.98624627,0.11819674
559.21370202,0.11989858
559.44117062,0.11313272
559.66865206,0.11717978
559.89614634,0.12533617
560.12365345,0.12033442
560.35117340,0.12218154
560.57870618,0.12062498
560.80625179,0.11730431
561.03381022,0.11944199
561.26138148,0.12041744
561.48896555,0.12288718
561.71656244,0.11977406
561.94417215,0.11728356
562.17179467,0.11605906
562.39942999,0.11612132
562.62707812,0.12191174
562.85473906,0.12305322
563.08241279,0.12508712
563.31009933,0.11778166
563.53779866,0.13191525
563.76551078,0.12253436
563.99323568,0.12380037
564.22097338,0.12288718
564.44872386,0.11815523
564.67648712,0.12116459
564.90426316,0.12106081
565.13205197,0.11574775
565.35985356,0.11761562
565.58766792,0.12157967
565.81549504,0.11570624
566.04333493,0.12050045
566.27118758,0.11101580
566.49905298,0.11155540
566.72693115,0.11334026
566.95482207,0.11676470
567.18272573,0.11203275
567.41064215,0.11363082
567.63857131,0.11570624
567.86651321,0.11167993
568.09446785,0.10730080
568.32243523,0.10831775
568.55041534,0.10661591
568.77840819,0.11759487
569.00641376,0.11120258
569.23443206,0.11554021
569.46246308,0.11805146
569.69050682,0.11460627
569.91856327,0.11473079
570.14663244,0.11531191
570.37471433,0.11226105
570.60280892,0.11429495
570.83091622,0.11201200
571.05903622,0.11277990
571.28716892,0.11246859
571.51531432,0.11632886
571.74347241,0.11784392
571.97164320,0.11221954
572.19982667,0.11199124
572.42802284,0.11396289
572.65623168,0.11255160
572.88445321,0.11095353
573.11268742,0.10499709
573.34093430,0.10043117
573.56919385,0.10516312
573.79746608,0.10435371
574.02575097,0.10821398
574.25404853,0.10908566
574.48235874,0.10792342
574.71068162,0.10929320
574.93901715,0.10557820
575.16736534,0.11554021
575.39572618,0.11630811
575.62409966,0.11950425
575.85248579,0.11923445
576.08088456,0.12112308
576.30929597,0.11738733
576.53772002,0.11759487
576.76615671,0.12112308
576.99460602,0.12467204
577.22306796,0.11973255
577.45154253,0.12678897
577.68002972,0.12259662
577.90852953,0.11985707
578.13704196,0.12278341
578.36556700,0.12350981
578.59410465,0.12214003
578.82265492,0.12517014
579.05121779,0.12261738
579.27979326,0.12282492
579.50838133,0.11977406
579.73698201,0.11487607
579.96559527,0.11228180
580.19422113,0.11435722
580.42285958,0.10869133
580.65151062,0.10514236
580.88017424,0.10607630
581.10885044,0.10173868
581.33753922,0.10451974
581.56624057,0.09769162
581.79495450,0.10057645
582.02368100,0.09785765
582.25242007,0.10082550
582.48117170,0.10304619
582.70993589,0.10696873
582.93871264,0.10759136
583.16750195,0.10283865
583.39630381,0.10043117
583.62511822,0.10148963
583.85394518,0.10383485
584.08278469,0.10175943
584.31163674,0.10368957
584.54050133,0.10483105
584.76937845,0.10709326
584.99826811,0.10964602
585.22717030,0.11595529
585.45608502,0.10995733
585.68501226,0.12257587
585.91395203,0.12037593
586.14290432,0.12759838
586.37186912,0.12396640
586.60084644,0.13089829
586.82983628,0.13523591
587.05883862,0.14480359
587.28785347,0.14646392
587.51688082,0.14802048
587.74592067,0.14225082
587.97497302,0.13783019
588.20403787,0.13521516
588.43311520,0.13890940
588.66220503,0.14270742
588.89130735,0.14343381
589.12042215,0.15333355
589.34954943,0.15111286
589.57868919,0.14984685
589.80784142,0.15679950
590.03700613,0.15225434
590.26618331,0.14903744
590.49537296,0.14957705
590.72457507,0.14193951
590.95378964,0.14449228
591.18301667,0.14984685
591.41225616,0.15225434
591.64150811,0.14384890
591.87077250,0.15057325
592.10004934,0.15032420
592.32933863,0.14963931
592.55864036,0.14160745
592.78795453,0.14067351
593.01728114,0.14866386
593.24662018,0.14135840
593.47597165,0.13946977
593.70533555,0.14467906
593.93471188,0.14822803
594.16410063,0.14503188
594.39350180,0.14447152
594.62291539,0.14519792
594.85234140,0.14729409
595.08177981,0.15134115
595.31123064,0.14368286
595.54069387,0.14667146
595.77016951,0.14926573
595.99965755,0.15542972
596.22915798,0.15619763
596.45867081,0.15405995
596.68819604,0.15513917
596.91773365,0.14762616
597.14728365,0.14631864
597.37684603,0.14511490
597.60642080,0.14939026
597.83600795,0.15717307
598.06560747,0.16705206
598.29521936,0.16339933
598.52484363,0.16618038
598.75448026,0.17045574
598.98412926,0.17033122
599.21379062,0.17265569
599.44346434,0.17915174
599.67315042,0.18681003
599.90284885,0.19253818
600.13255963,0.20289452
600.36228276,0.20615292
600.59201824,0.20783401
600.82176606,0.20416052
601.05152622,0.20438882
601.28129871,0.20972264
601.51108354,0.21918654
601.74088070,0.21802431
601.97069019,0.22441659
602.20051201,0.22422980
602.43034615,0.22703162
602.66019261,0.23058058
602.89005139,0.23346541
603.11992249,0.23475217
603.34980589,0.24631224
603.57970161,0.25841193
603.80960963,0.26063262
604.03952996,0.26463818
604.26946259,0.28628478
604.49940751,0.29402608
604.72936474,0.29865426
604.95933425,0.29585245
605.18931606,0.29502228
605.41931015,0.29682790
605.64931653,0.29242801
605.87933519,0.29141106
606.10936612,0.29591471
606.33940934,0.29147332
606.56946483,0.30365602
606.79953259,0.30014857
607.02961261,0.31044263
607.25970490,0.31741604
607.48980946,0.32588374
607.71992627,0.31615003
607.95005534,0.32453472
608.18019667,0.32470075
608.41035024,0.31909712
608.64051607,0.31826696
608.87069414,0.32121405
609.10088445,0.31795564
609.33108700,0.32164989
609.56130179,0.33503633
609.79152882,0.33947772
610.02176808,0.33734004
610.25201956,0.34140786
610.48228328,0.33914565
610.71255921,0.33337599
610.94284737,0.34005884
611.17314775,0.34122107
611.40346034,0.34292291
611.63378514,0.34433420
611.86412215,0.32594600
612.09447137,0.32640259
612.32483280,0.32098575
612.55520642,0.30834646
612.78559225,0.28464520
613.01599027,0.26335142
613.24640048,0.24363495
613.47682288,0.23618421
613.70725747,0.23047681
613.93770425,0.21596964
614.16816321,0.21196409
614.39863434,0.20420203
614.62911766,0.20378694
614.85961314,0.20544728
615.09012080,0.21053205
615.32064063,0.21308481
615.55117262,0.21638473
615.78171677,0.21136222
616.01227308,0.21902051
616.24284156,0.22431282
616.47342218,0.22142799
616.70401496,0.22470715
616.93461988,0.22047330
617.16523695,0.22088838
617.39586617,0.21964313
617.62650752,0.21792054
617.85716101,0.20901700
618.08782664,0.20424354
618.31850440,0.18890620
618.54919429,0.18492140
618.77989630,0.17269719
619.01061044,0.16503891
619.24133670,0.16335782
619.47207508,0.16474835
619.70282557,0.15902020
619.93358818,0.16541248
620.16436289,0.15443352
620.39514972,0.15831455
620.62594864,0.14941101
620.85675967,0.15161096
621.08758280,0.14443001
621.31841802,0.13550572
621.54926534,0.13027567
621.78012475,0.12211928
622.01099624,0.12411168
622.24187982,0.12218154
622.47277549,0.12257587
622.70368323,0.12035517
622.93460305,0.11155540
623.16553494,0.11383836
623.39647890,0.11288367
623.62743493,0.11732506
623.85840303,0.11583076
624.08938319,0.11778166
624.32037541,0.11514588
624.55137968,0.11813448
624.78239602,0.11033091
625.01342440,0.11031015
625.24446483,0.10854605
625.47551731,0.10142737
625.70658183,0.10261036
625.93765839,0.09924818
626.16874699,0.10126133
626.39984763,0.09372757
626.63096029,0.10296318
626.86208499,0.09802368
627.09322171,0.10348203
627.32437046,0.10736306
627.55553123,0.10993658
627.78670401,0.11543643
628.01788882,0.12135137
628.24908563,0.13208128
628.48029446,0.12558522
628.71151529,0.12639464
628.94274813,0.13463404
629.17399296,0.13529818
629.40524980,0.13286994
629.63651863,0.13897167
629.86779946,0.13795471
630.09909228,0.14351683
630.33039709,0.15829380
630.56171388,0.17174250
630.79304265,0.17041424
631.02438340,0.18483839
631.25573613,0.18984014
631.48710084,0.19272497
631.71847751,0.19071182
631.94986615,0.20320583
632.18126676,0.20287376
632.41267933,0.20870568
632.64410387,0.20644348
632.87554035,0.21576210
633.10698880,0.23176357
633.33844919,0.23520876
633.56992154,0.24681034
633.80140583,0.25168757
634.03290207,0.24185010
634.26441024,0.22802782
634.49593035,0.22136573
634.72746240,0.22501846
634.95900638,0.22553732
635.19056229,0.24160105
635.42213013,0.24901029
635.65370989,0.25064987
635.88530158,0.24678959
636.11690518,0.24492171
636.34852069,0.25040081
636.58014812,0.26279106
636.81178746,0.28138679
637.04343871,0.29672413
637.27510187,0.31121054
637.50677692,0.32140084
637.73846387,0.32108952
637.97016272,0.31864053
638.20187347,0.32729502
638.43359610,0.32702522
638.66533062,0.32808368
638.89707703,0.33350052
639.12883532,0.32283288
639.36060549,0.33003457
639.59238754,0.32765295
639.82418146,0.33616408
640.05598725,0.33355196
640.28780491,0.34000595
640.51963444,0.34447707
640.75147583,0.31769763
640.98332908,0.31805224
641.21519419,0.30950433
641.44707115,0.31576859
641.67895997,0.30784487
641.91086063,0.29597225
642.14277314,0.29077399
642.37469750,0.28632814
642.60663369,0.28448327
642.83858172,0.29379118
643.07054159,0.30376573
643.30251329,0.30426404
643.53449683,0.31220045
643.76649218,0.29890187
643.99849937,0.29253150
644.23051837,0.29639952
644.46254919,0.29256078
644.69459183,0.28835520
644.92664628,0.27960873
645.15871254,0.27906777
645.39079061,0.26530742
645.62288049,0.27521860
645.85498217,0.26630590
646.08709564,0.26259390
646.31922091,0.25886841
646.55135798,0.26354876
646.78350684,0.27309070
647.01566748,0.26556720
647.24783991,0.26087919
647.48002413,0.25375674
647.71222012,0.25666531
647.94442789,0.27066671
648.17664744,0.26698707
648.40887875,0.27101630
648.64112184,0.26363013
648.87337669,0.26768181
649.10564331,0.24513550
649.33792168,0.25163694
649.57021181,0.24614485
649.80251370,0.25009184
650.03482734,0.24897690
650.26715273,0.24511726
650.49948987,0.23685608
650.73183875,0.23793957
650.96419937,0.23330664
651.19657173,0.23173307
651.42895582,0.23837106
651.66135165,0.24109509
651.89375921,0.23414971
652.12617849,0.23269351
652.35860950,0.22886209
652.59105224,0.22921637
652.82350669,0.22975848
653.05597285,0.23308448
653.28845073,0.23488325
653.52094032,0.22974080
653.75344162,0.24071571
653.98595462,0.24248961
654.21847933,0.24754033
654.45101573,0.24867148
654.68356383,0.25375589
654.91612363,0.26028106
655.14869511,0.25686968
655.38127829,0.27482458
655.61387315,0.27219878
655.84647969,0.27096231
656.07909792,0.27505211
656.31172782,0.26471749
656.54436939,0.25991727
656.77702264,0.26667394
657.00968756,0.27039772
657.24236414,0.27247040
657.47505238,0.28616134
657.70775229,0.29026672
657.94046385,0.28260256
658.17318707,0.28942582
658.40592195,0.29178142
658.63866847,0.28416059
658.87142663,0.28529189
659.10419645,0.28504561
659.33697790,0.28677693
659.56977099,0.28820457
659.80257572,0.28412111
660.03539208,0.28425588
660.26822007,0.27527034
660.50105969,0.27796748
660.73391093,0.27618985
660.96677380,0.28003814
661.19964828,0.29252995
661.43253438,0.30141817
661.66543209,0.29114789
661.89834142,0.30547933
662.13126235,0.29647789
662.36419489,0.31103536
662.59713903,0.32576452
662.83009477,0.31666354
663.06306210,0.30324969
663.29604103,0.30053213
663.52903155,0.29181679
663.76203367,0.28053902
663.99504736,0.26595052
664.22807264,0.26340451
664.46110950,0.26102470
664.69415794,0.25782722
664.92721795,0.26061196
665.16028953,0.25868258
665.39337269,0.27043099
665.62646740,0.26408959
665.85957369,0.26249287
666.09269153,0.26250259
666.32582093,0.26810585
666.55896189,0.25970017
666.79211440,0.25121023
667.02527846,0.26428536
667.25845406,0.25741573
667.49164121,0.24228593
667.72483991,0.24892727
667.95805014,0.24016901
668.19127190,0.22576561
668.42450520,0.22906553
668.65775003,0.22835988
668.89100639,0.23103717
669.12427427,0.22975041
669.35755368,0.23195036
669.59084460,0.22570335
669.82414704,0.23962940
670.05746099,0.25405355
670.29078646,0.25538182
670.52412343,0.25687612
670.75747191,0.27300211
670.99083189,0.27474546
671.22420337,0.27615674
671.45758635,0.27509828
671.69098082,0.28192640
671.92438678,0.28497727
672.15780424,0.28732249
672.39123317,0.28916961
672.62467360,0.30681065
672.85812550,0.31206146
673.09158888,0.32096500
673.32506373,0.32580072
673.55855006,0.33113454
673.79204785,0.31918014
674.02555712,0.32409888
674.25907784,0.32843650
674.49261003,0.33229678
674.72615367,0.32179517
674.95970878,0.32640259
675.19327533,0.33059494
675.42685333,0.33447597
675.66044278,0.34379459
675.89404368,0.35064347
676.12765601,0.35788667
676.36127979,0.37087878
676.59491500,0.36664493
676.82856165,0.37432398
677.06221972,0.36292994
677.29588922,0.36508837
677.52957015,0.37206177
677.76326250,0.36131111
677.99696627,0.33819096
678.23068146,0.33051192
678.46440806,0.33478728
678.69814607,0.31843299
678.93189549,0.30625029
679.16565631,0.30382205
679.39942854,0.29510530
679.63321217,0.28643006
679.86700720,0.27648881
680.10081361,0.26656831
680.33463143,0.26704566
680.56846063,0.26839468
680.80230121,0.26937013
681.03615318,0.27829442
681.27001653,0.27306437
681.50389126,0.27972646
681.73777736,0.28068115
681.97167484,0.27086443
682.20558368,0.27584543
682.43950390,0.27181912
682.67343547,0.26671359
682.90737841,0.26220994
683.14133270,0.25112721
683.37529836,0.24699713
683.60927536,0.23917281
683.84326371,0.23483519
684.07726341,0.22867120
684.31127446,0.22842215
684.54529685,0.22962589
684.77933057,0.22136573
685.01337564,0.23031078
685.24743203,0.23309184
685.48149976,0.24620847
685.71557881,0.25316112
685.94966919,0.26052885
686.18377090,0.26945314
686.41788392,0.27960193
686.65200826,0.28541310
686.88614391,0.29294687
687.12029088,0.29900709
687.35444915,0.29672413
687.58861873,0.29562416
687.82279961,0.29203368
688.05699179,0.29170162
688.29119527,0.29103748
688.52541004,0.29392231
688.75963611,0.29782410
688.99387346,0.29931840
689.22812210,0.30432015
689.46238203,0.31118978
689.69665323,0.31814243
689.93093571,0.32773086
690.16522947,0.32980628
690.39953450,0.32901762
690.63385080,0.34034940
690.86817837,0.34408515
691.10251720,0.34093051
691.33686730,0.35595653
691.57122865,0.34956425
691.80560125,0.36027340
692.03998511,0.35620558
692.27438023,0.36282616
692.50878658,0.35722254
692.74320419,0.36108281
692.97763303,0.35936022
693.21207312,0.37175046
693.44652444,0.36234882
693.68098699,0.38673497
693.91546077,0.38928773
694.14994579,0.40178175
694.38444203,0.40657596
694.61894949,0.41475310
694.85346817,0.42268120
695.08799806,0.42807728
695.32253918,0.42195480
695.55709150,0.42255667
695.79165503,0.42662449
696.02622977,0.44266746
696.26081571,0.44847863
696.49541285,0.45597089
696.73002119,0.46549705
696.96464072,0.47670431
697.19927145,0.47139124
697.43391336,0.47630998
697.66856647,0.47589489
697.90323075,0.47049881
698.13790622,0.45404075
698.37259286,0.47143275
698.60729068,0.46404426
698.84199967,0.48095891
699.07671984,0.48620972
699.31145117,0.48562860
699.54619366,0.48463240
699.78094731,0.48172682
700.01571213,0.50522054
700.25048810,0.52105597
700.48527522,0.54847223
700.72007349,0.56715099
700.95488292,0.57727902
701.18970348,0.59070697
701.42453519,0.59232580
701.65937804,0.58985605
701.89423202,0.60824425
702.12909714,0.62266840
702.36397339,0.62847957
702.59886077,0.63893967
702.83375927,0.62987010
703.06866889,0.63215306
703.30358964,0.62825127
703.53852150,0.63111535
703.77346448,0.63130213
704.00841857,0.62001186
704.24338376,0.61509313
704.47836007,0.61648366
704.71334748,0.59344652
704.94834598,0.57902237
705.18335559,0.57190369
705.41837629,0.54461196
705.65340808,0.54598173
705.88845096,0.55148159
706.12350493,0.55559091
706.35856998,0.56158887
706.59364612,0.58800893
706.82873333,0.59460876
707.06383161,0.62464004
707.29894097,0.62410044
707.53406141,0.62982859
707.76919290,0.64950354
708.00433546,0.68383094
708.23948909,0.70695109
708.47465377,0.72538080
708.70982951,0.71558483
708.94501630,0.73472017
709.18021414,0.70819634
709.41542303,0.72959389
709.65064297,0.71585463
709.88587395,0.69688532
710.12111597,0.69304580
710.35636902,0.67000866
710.59163311,0.64580930
710.82690823,0.63690576
711.06219437,0.62053072
711.29749155,0.61428371
711.53279974,0.61193849
711.76811896,0.60608582
712.00344920,0.59927845
712.23879044,0.61046495
712.47414270,0.60749710
712.70950597,0.60861782
712.94488025,0.59245032
713.18026553,0.60390663
713.41566181,0.57997707
713.65106908,0.59043717
713.88648736,0.58250908
714.12191662,0.58323547
714.35735688,0.58601653
714.59280812,0.56596800
714.82827034,0.56403786
715.06374355,0.54789112
715.29922774,0.54228749
715.53472290,0.55183441
715.77022903,0.54457045
716.00574614,0.55766633
716.24127421,0.54652134
716.47681324,0.52802937
716.71236324,0.52178237
716.94792420,0.52041259
717.18349611,0.50648654
717.41907898,0.51663533
717.65467280,0.50519978
717.89027757,0.52205217
718.12589328,0.51783908
718.36151993,0.51445615
718.59715752,0.51159207
718.83280605,0.51080341
719.06846552,0.48575313
719.30413591,0.48089665
719.53981724,0.47390249
719.77550949,0.46396125
720.01121266,0.46445935
720.24692676,0.46346314
720.48265177,0.47786654
720.71838769,0.48579463
720.95413453,0.47579112
721.18989228,0.48579463
721.42566093,0.47369495
721.66144049,0.47155727
721.89723095,0.47259498
722.13303231,0.48170606
722.36884456,0.47290629
722.60466770,0.47454587
722.84050173,0.47240819
723.07634666,0.47767975
723.31220246,0.47402702
723.54806915,0.47386099
723.78394671,0.46923280
724.01983515,0.45034651
724.25573447,0.42739239
724.49164465,0.42896971
724.72756571,0.40995889
724.96349762,0.39586681
725.19944040,0.39098958
725.43539404,0.38264640
725.67135854,0.37264289
725.90733388,0.36158091
726.14332008,0.36110357
726.37931713,0.35902815
726.61532503,0.34358705
726.85134376,0.34418892
727.08737334,0.33686270
727.32341375,0.33235904
727.55946500,0.32100651
727.79552708,0.32374606
728.03159998,0.31480101
728.26768372,0.31924240
728.50377827,0.32744030
728.73988365,0.33206848
728.97599985,0.32573846
729.21212686,0.32839499
729.44826468,0.32814594
729.68441331,0.32814594
729.92057275,0.31650285
730.15674299,0.30444468
730.39292403,0.30722574
730.62911587,0.29217896
730.86531851,0.28271506
731.10153194,0.27816990
731.33775616,0.26795884
731.57399117,0.26528156
731.81023696,0.25085741
732.04649353,0.24923858
732.28276088,0.23855018
732.51903901,0.24122747
732.75532791,0.23635024
732.99162758,0.22535053
733.22793802,0.22020349
733.46425923,0.21661302
733.70059119,0.21445459
733.93693392,0.19988516
734.17328740,0.20086061
734.40965164,0.20113041
734.64602662,0.19760220
734.88241236,0.20046628
735.11880884,0.19766446
735.35521607,0.19617016
735.59163403,0.19440606
735.82806273,0.19822483
736.06450217,0.19861916
736.30095234,0.19654374
736.53741323,0.20438882
736.77388486,0.21509797
737.01036720,0.22055632
737.24686027,0.22846366
737.48336406,0.24363495
737.71987856,0.25118947
737.95640377,0.26245899
738.19293969,0.26762678
738.42948632,0.27130027
738.66604365,0.27630202
738.90261169,0.27161158
739.13919042,0.27532658
739.37577985,0.27887554
739.61237997,0.28057738
739.84899078,0.28014154
740.08561228,0.27856423
740.32224446,0.26214768
740.55888732,0.24739146
740.79554087,0.24624998
741.03220509,0.23691060
741.26887998,0.22408452
741.50556555,0.21655076
741.74226178,0.21316783
741.97896868,0.21036602
742.21568624,0.20866418
742.45241446,0.19307779
742.68915333,0.18903073
742.92590286,0.18784774
743.16266304,0.18294976
743.39943387,0.17437828
743.63621535,0.17414999
743.87300747,0.16703131
744.10981023,0.16312952
744.34662363,0.16719734
744.58344766,0.16975010
744.82028232,0.17242739
745.05712761,0.17591409
745.29398353,0.17317454
745.53085007,0.16516343
745.76772724,0.16597284
746.00461502,0.17153496
746.24151341,0.16460307
746.47842242,0.15850134
746.71534204,0.16551625
746.95227227,0.16657471
747.18921310,0.17375566
747.42616453,0.17107837
747.66312656,0.17551976
747.90009918,0.16852561
748.13708240,0.18197431
748.37407621,0.18560629
748.61108061,0.18276297
748.84809559,0.18568931
749.08512115,0.18274221
749.32215730,0.18153847
749.55920401,0.18427802
749.79626131,0.17678577
750.03332917,0.18097811
750.27040760,0.18448556
750.50749660,0.18620816
750.74459616,0.18045926
750.98170628,0.17454432
751.21882695,0.17224060
751.45595818,0.17028971
751.69309997,0.17697255
751.93025230,0.17759518
752.16741517,0.17195004
752.40458859,0.17016519
752.64177256,0.16180125
752.87896705,0.16611812
753.11617209,0.16483136
753.35338765,0.16784072
753.59061374,0.16535022
753.82785037,0.17170099
754.06509751,0.17774046
754.30235518,0.19131369
754.53962336,0.20320583
754.77690206,0.20993018
755.01419127,0.21974690
755.25149099,0.22705237
755.48880122,0.22792405
755.72612195,0.22730142
755.96345319,0.23002022
756.20079492,0.22078461
756.43814715,0.22053556
756.67550987,0.22439584
756.91288309,0.22271475
757.15026679,0.21590738
757.38766097,0.22020349
757.62506564,0.21192258
757.86248079,0.20318507
758.09990641,0.18743266
758.33734251,0.19098162
758.57478908,0.18317805
758.81224612,0.18465160
759.04971362,0.17591409
759.28719159,0.17153496
759.52468001,0.16196729
759.76217889,0.17058027
759.99968823,0.15841832
760.23720802,0.15291847
760.47473826,0.14401493
760.71227894,0.14723183
760.94983007,0.14403568
761.18739164,0.13687549
761.42496364,0.12770215
761.66254608,0.13486234
761.90013895,0.13801697
762.13774226,0.14019616
762.37535598,0.13770566
762.61298014,0.14386965
762.85061471,0.14882990
763.08825970,0.15098833
763.32591511,0.15364486
763.56358093,0.15331280
763.80125716,0.16211257
764.03894380,0.17688954
764.27664084,0.18957034
764.51434829,0.19253818
764.75206613,0.20137946
764.98979437,0.21088487
765.22753300,0.20716987
765.46528203,0.21237917
765.70304144,0.21694509
765.94081124,0.20885096
766.17859142,0.21379046
766.41638197,0.21953936
766.65418291,0.22636748
766.89199422,0.22578637
767.12981590,0.21545079
767.36764795,0.20831135
767.60549036,0.20320583
767.84334314,0.20496993
768.08120628,0.20793778
768.31907977,0.20146248
768.55696362,0.19859840
768.79485782,0.19955309
769.03276238,0.19828709
769.27067727,0.19770597
769.50860251,0.19695882
769.74653809,0.20760571
769.98448401,0.20461711
770.22244027,0.19612866
770.46040685,0.20378694
770.69838377,0.20287376
770.93637101,0.21009621
771.17436858,0.20903775
771.41237647,0.21362442
771.65039468,0.21403951
771.88842320,0.20957736
772.12646204,0.21729791
772.36451118,0.21428856
772.60257064,0.21260747
772.84064039,0.21146599
773.07872045,0.20692082
773.31681081,0.20588312
773.55491147,0.20052854
773.79302242,0.20104739
774.03114366,0.19040050
774.26927519,0.18749492
774.50741700,0.18062529
774.74556910,0.17392169
774.98373147,0.17444055
775.22190413,0.17481412
775.46008705,0.17398395
775.69828025,0.17547825
775.93648372,0.17599711
776.17469745,0.17176326
776.41292145,0.17024820
776.65115570,0.16078430
776.88940022,0.16425025
777.12765499,0.15870888
777.36592001,0.16142768
777.60419528,0.15574104
777.84248079,0.15671648
778.08077655,0.15511841
778.31908256,0.15578254
778.55739879,0.14961856
778.79572527,0.15022043
779.03406198,0.14042446
779.27240891,0.14121312
779.51076608,0.13372086
779.74913346,0.13677172
779.98751107,0.13928298
780.22589890,0.15881265
780.46429695,0.13604533
780.70270520,0.13687549
780.94112367,0.13135488
781.17955235,0.13554723
781.41799123,0.12699651
781.65644031,0.12826251
781.89489959,0.12334377
782.13336907,0.12162118
782.37184874,0.12375886
782.61033861,0.12766064
782.84883866,0.13081528
783.08734890,0.12114383
783.32586931,0.12126836
783.56439991,0.12147590
783.80294069,0.11879861
784.04149164,0.12232682
784.28005276,0.11942124
784.51862406,0.12815874
784.75720551,0.12892665
784.99579713,0.12699651
785.23439891,0.13797547
785.47301085,0.13453027
785.71163295,0.13893016
785.95026519,0.14619412
786.18890759,0.14555074
786.42756013,0.14656769
786.66622282,0.14198102
786.90489564,0.15713157
787.14357861,0.14625638
787.38227171,0.15202604
787.62097494,0.14542621
787.85968831,0.14725258
788.09841180,0.14335080
788.33714541,0.13544346
788.57588915,0.13392840
788.81464301,0.13031718
789.05340698,0.12857383
789.29218106,0.12573050
789.53096526,0.13035868
789.76975956,0.12205702
790.00856397,0.12570975
790.24737848,0.12863609
790.48620309,0.12514939
790.72503780,0.13228882
790.96388260,0.13262089
791.20273749,0.13878488
791.44160247,0.13778868
791.68047754,0.13228882
791.91936269,0.12506637
792.15825792,0.12712103
792.39716323,0.13284918
792.63607861,0.12199475
792.87500406,0.12000235
793.11393958,0.12768140
793.35288517,0.12301171
793.59184082,0.12095704
793.83080653,0.12002311
794.06978230,0.11827976
794.30876813,0.12294944
794.54776401,0.11757411
794.78676993,0.11632886
795.02578591,0.12454752
795.26481193,0.12110232
795.50384798,0.11815523
795.74289408,0.12255512
795.98195022,0.12450601
796.22101638,0.12645690
796.46009258,0.12602106
796.69917880,0.13216430
796.93827505,0.13017190
797.17738132,0.13313974
797.41649761,0.14017541
797.65562392,0.15306375
797.89476024,0.15256565
798.13390657,0.14903744
798.37306290,0.15049023
798.61222925,0.14135840
798.85140559,0.14588280
799.09059194,0.14119236
799.32978828,0.15665422
799.56899462,0.14032069
799.80821094,0.14274892
800.04743726,0.13747736
800.28667356,0.13131338
800.52591985,0.13320201
800.76517611,0.13498686
801.00444236,0.13791320
801.24371857,0.14708655
801.48300476,0.15150719
801.72230092,0.15756740
801.96160705,0.16271444
802.20092314,0.17342359
802.44024919,0.16873315
802.67958519,0.17228211
802.91893116,0.17186703
803.15828707,0.17888194
803.39765294,0.18425727
803.63702875,0.19314005
803.87641450,0.18593836
804.11581020,0.18728738
804.35521584,0.18533649
804.59463141,0.18531573
804.83405692,0.17906873
805.07349235,0.18687229
805.31293772,0.18610439
805.55239300,0.18894771
805.79185821,0.17570655
806.03133334,0.17487638
806.27081839,0.16784072
806.51031335,0.16258991
806.74981822,0.15289771
806.98933300,0.14542621
807.22885768,0.13973957
807.46839227,0.13176997
807.70793675,0.12847005
807.94749114,0.13201902
808.18705542,0.12749461
808.42662959,0.12375886
808.66621364,0.12056271
808.90580759,0.12546070
809.14541141,0.12342679
809.38502512,0.11931746
809.62464871,0.11942124
809.86428217,0.11910992
810.10392550,0.11554021
810.34357870,0.10808946
810.58324177,0.11518738
810.82291470,0.10325374
811.06259749,0.09760860
811.30229015,0.10107455
811.54199265,0.09553318
811.78170501,0.08907864
812.02142722,0.07832797
812.26115928,0.07417714
812.50090118,0.07058667
812.74065292,0.06761882
812.98041450,0.06548114
813.22018592,0.06805466
813.45996717,0.05917187
813.69975825,0.05931715
813.93955916,0.05840397
814.17936989,0.05516632
814.41919045,0.05298713
814.65902083,0.05740777
814.89886102,0.04700993
815.13871102,0.05116076
815.37857084,0.04773633
815.61844047,0.05078719
815.85831990,0.04943817
816.09820913,0.05064191
816.33810817,0.04404208
816.57801700,0.04474772
816.81793562,0.04555714
817.05786404,0.04368926
817.29780225,0.03534608
817.53775024,0.03530458
817.77770801,0.03472346
818.01767557,0.03227447
818.25765290,0.03214994
818.49764001,0.03136128
818.73763689,0.03032357
818.97764354,0.02860098
819.21765996,0.03192165
819.45768614,0.02901606
819.69772209,0.02324640
819.93776779,0.02328791
820.17782324,0.01984272
820.41788845,0.02453316
820.65796341,0.01805786
820.89804812,0.01843143
821.13814257,0.01882576
821.37824677,0.02384827
821.61836070,0.01926160
821.85848437,0.01963518
822.09861777,0.02681612
822.33876090,0.02804062
822.57891376,0.02855947
822.81907635,0.03192165
823.05924866,0.03893656
823.29943069,0.04624202
823.53962243,0.06043788
823.77982389,0.07305642
824.02003506,0.07984303
824.26025594,0.09669542
824.50048652,0.11437797
824.74072681,0.12193249
824.98097680,0.13795471
825.22123648,0.14270742
825.46150586,0.17022745
825.70178493,0.16620114
825.94207369,0.16788223
826.18237214,0.17753292
826.42268027,0.18720436
826.66299808,0.19473813
826.90332557,0.20403599
827.14366273,0.20602840
827.38400957,0.21370744
827.62436608,0.21237917
827.86473225,0.21806581
828.10510809,0.22503922
828.34549359,0.22543355
828.58588874,0.22263173
828.82629356,0.22466564
829.06670802,0.22259022
829.30713214,0.22649201
829.54756590,0.22076386
829.78800931,0.22659578
830.02846236,0.23114094
830.26892505,0.23815585
830.50939738,0.22829762
830.74987934,0.22709388
830.99037093,0.22883723
831.23087215,0.23603893
831.47138299,0.23138999
831.71190346,0.22655427
831.95243355,0.21733942
832.19297325,0.21530551
832.43352257,0.21192258
832.67408150,0.21071884
832.91465003,0.20934906
833.15522818,0.19444757
833.39581592,0.19673053
833.63641327,0.19482114
833.87702022,0.18591760
834.11763676,0.17269719
834.35826289,0.16821429
834.59889861,0.16964633
834.83954392,0.15366562
835.08019881,0.15127889
835.32086328,0.14513565
835.56153733,0.14750163
835.80222095,0.14349607
836.04291415,0.13067000
836.28361692,0.12340604
836.52432926,0.11902691
836.76505116,0.11325725
837.00578262,0.11267613
837.24652364,0.09999533
837.48727421,0.09293891
837.72803434,0.08897486
837.96880402,0.08669191
838.20958325,0.08343350
838.45037202,0.07876381
838.69117033,0.07741479
838.93197819,0.07702046
839.17279558,0.07942795
839.41362250,0.08685794
839.65445896,0.08081848
839.89530494,0.08843526
840.13616045,0.09229553
840.37702548,0.09268986
840.61790003,0.09293891
840.85878410,0.09945572
841.09967768,0.09644637
841.34058078,0.09495207
841.58149338,0.09571997
841.82241549,0.09090500
842.06334710,0.09090500
842.30428821,0.09227478
842.54523883,0.08818621
842.78619893,0.08945221
843.02716853,0.08496931
843.26814762,0.09084274
843.50913619,0.08922392
843.75013425,0.08866355
843.99114179,0.09036539
844.23215881,0.09167291
844.47318530,0.08648436
844.71422127,0.09700673
844.95526670,0.09175592
845.19632161,0.09042766
845.43738597,0.08059018
845.67845980,0.08849752
845.91954309,0.08096375
846.16063584,0.07772610
846.40173803,0.07509032
846.64284968,0.08042415
846.88397078,0.07569219
847.12510132,0.07627331
847.36624130,0.07401111
847.60739073,0.07396960
847.84854959,0.07710348
848.08971788,0.07585823
848.33089561,0.07210172
848.57208276,0.07629407
848.81327934,0.08094300
849.05448534,0.08341275
849.29570076,0.08048641
849.53692560,0.09362380
849.77815986,0.09333324
850.01940353,0.10240281
850.26065660,0.10215376
850.50191908,0.10821398
850.74319097,0.10744608
850.98447225,0.11761562
851.22576294,0.12265889
851.46706301,0.12697575
851.70837248,0.13106433
851.94969135,0.14291496
852.19101959,0.14804124
852.43235722,0.17149345
852.67370424,0.17643295
852.91506063,0.17560278
853.15642640,0.18882319
853.39780154,0.19797578
853.63918605,0.20117192
853.88057992,0.20768873
854.12198317,0.20891323
854.36339577,0.20966038
854.60481773,0.20797929
854.84624905,0.21001320
855.08768973,0.20851890
855.32913975,0.19967762
855.57059912,0.18919676
855.81206784,0.19482114
856.05354590,0.18998542
856.29503330,0.18444406
856.53653004,0.18137244
856.77803611,0.17884043
857.01955151,0.16852561
857.26107624,0.20308130
857.50261030,0.17248965
857.74415367,0.17114063
857.98570637,0.16182201
858.22726839,0.16931426
858.46883972,0.16109561
858.71042037,0.16645019
858.95201032,0.16348234
859.19360958,0.15505615
859.43521814,0.15192227
859.67683601,0.14845632
859.91846317,0.16443703
860.16009963,0.13552647
860.40174538,0.13569251
860.64340042,0.13203977
860.88506474,0.12894740
861.12673835,0.12460978
861.36842125,0.12033442
861.61011342,0.12052121
861.85181487,0.11765713
862.09352559,0.11412892
862.33524558,0.12276266
862.57697484,0.11983632
862.81871336,0.12369659
863.06046114,0.12384187
863.30221819,0.11994009
863.54398449,0.12743235
863.78576004,0.11927596
864.02754485,0.11122334
864.26933890,0.10510086
864.51114220,0.10912717
864.75295474,0.10740457
864.99477653,0.10860831
865.23660755,0.09802368
865.47844780,0.09306344
865.72029728,0.09235780
865.96215600,0.09343701
866.20402394,0.09279363
866.44590110,0.08762584
866.68778748,0.08013359
866.92968308,0.08575797
867.17158790,0.08652587
867.41350193,0.08189769
867.65542516,0.08762584
867.89735761,0.08920316
868.13929926,0.09129933
868.38125011,0.09262760
868.62321015,0.09652938
868.86517940,0.10246508
869.10715783,0.09592751
869.34914546,0.09864631
869.59114227,0.09889536
869.83314827,0.09613505
870.07516344,0.10026513
870.31718780,0.10063871
870.55922133,0.11568548
870.80126404,0.11130635
871.04331592,0.10954225
871.28537696,0.10323298
871.52744717,0.10213301
871.76952655,0.10041041
872.01161508,0.10350279
872.25371277,0.10078399
872.49581961,0.09063520
872.73793560,0.09177668
872.98006075,0.09082199
873.22219503,0.09013710
873.46433846,0.08337124
873.70649103,0.08413914
873.94865274,0.07793365
874.19082358,0.07890909
874.43300356,0.07438468
874.67519266,0.07266209
874.91739089,0.06321894
875.15959824,0.06440193
875.40181471,0.05881905
875.64404031,0.06089447
875.88627501,0.05740777
876.12851883,0.05265506
876.37077176,0.05255129
876.61303379,0.04534960
876.85530493,0.04871177
877.09758517,0.04325342
877.33987451,0.04412510
877.58217294,0.04375152
877.82448047,0.04431189
878.06679709,0.05186641
878.30912279,0.05010230
878.55145758,0.05751154
878.79380145,0.05904735
879.03615440,0.05773984
879.27851643,0.06892633
879.52088753,0.07114703
879.76326770,0.07452996
880.00565694,0.07855627
880.24805524,0.07666764
880.49046260,0.07836948
880.73287903,0.07866004
880.97530451,0.08353727
881.21773905,0.07546390
881.46018264,0.07689594
881.70263527,0.08241655
881.94509695,0.08216750
882.18756768,0.08137884
882.43004744,0.08266560
882.67253625,0.08052792
882.91503409,0.08166940
883.15754095,0.07625256
883.40005685,0.07843175
883.64258178,0.08040339
883.88511573,0.07139608
884.12765869,0.07203946
884.37021068,0.06703771
884.61277168,0.07174890
884.85534170,0.06510757
885.09792072,0.06427740
885.34050876,0.06240952
885.58310579,0.06541888
885.82571183,0.06467173
886.06832686,0.06145483
886.31095090,0.06726600
886.55358392,0.06660187
886.79622594,0.06274159
887.03887694,0.06056240
887.28153693,0.06377930
887.52420589,0.06647734
887.76688384,0.06087372
888.00957077,0.05836246
888.25226667,0.05394182
888.49497154,0.05194942
888.73768537,0.05773984
888.98040818,0.04972873
889.22313994,0.04429113
889.46588067,0.05010230
889.70863035,0.04312890
889.95138899,0.04117801
890.19415657,0.04231949
890.43693311,0.03989125
890.67971859,0.03762904
890.92251302,0.03123676
891.16531639,0.03273106
891.40812869,0.02627651
891.65094993,0.02768779
891.89378010,0.02891229
892.13661920,0.02268604
892.37946723,0.02573690
892.62232418,0.02254076
892.86519005,0.02914059
893.10806484,0.02814439
893.35094854,0.03298011
893.59384116,0.02671235
893.83674269,0.03142355
894.07965312,0.03254427
894.32257246,0.03499326
894.56550070,0.03611399
894.80843784,0.04630429
895.05138388,0.04385529
895.29433881,0.04742501
895.53730263,0.04574392
895.78027533,0.04819292
896.02325692,0.04777783
896.26624740,0.04935515
896.50924675,0.05213621
896.75225498,0.05896433
896.99527208,0.05412861
897.23829806,0.05558140
897.48133290,0.05836246
897.72437661,0.05771908
897.96742918,0.05628704
898.21049061,0.05535311
898.45356090,0.05529084
898.69664005,0.05917187
898.93972804,0.05174188
899.18282488,0.05630780
899.42593057,0.05740777
899.66904511,0.05333995
899.91216848,0.05663986
900.15530069,0.05321543
900.39844174,0.05817567
900.64159162,0.05228149
900.88475033,0.05460596
901.12791786,0.06133031
901.37109422,0.06245103
901.61427940,0.06085296
901.85747340,0.06133031
902.10067621,0.06504530
902.34388784,0.07212248
902.58710827,0.07120929
902.83033752,0.06543963
903.07357557,0.07087723
903.31682242,0.06678866
903.56007807,0.06602075
903.80334251,0.07137533
904.04661575,0.06552265
904.28989778,0.06986027
904.53318860,0.07592049
904.77648820,0.06784712
905.01979659,0.07164513
905.26311375,0.07054516
905.50643969,0.07685443
905.74977441,0.08455423
905.99311789,0.08432593
906.23647015,0.09235780
906.47983117,0.09285590
906.72320095,0.09001257
906.96657950,0.10007835
907.20996680,0.09652938
907.45336285,0.09958025
907.69676766,0.09978779
907.94018122,0.10267262
908.18360352,0.10202924
908.42703457,0.10128209
908.67047435,0.09024087
908.91392288,0.09200497
909.15738014,0.09511810
909.40084613,0.08907864
909.64432085,0.09171442
909.88780430,0.09405964
910.13129648,0.09005408
910.37479737,0.08513534
910.61830699,0.08461649
910.86182531,0.08550892
911.10535236,0.07780912
911.34888811,0.08144110
911.59243257,0.06905086
911.83598573,0.07137533
912.07954760,0.06863578
912.32311816,0.07127156
912.56669743,0.07677141
912.81028538,0.06911312
913.05388203,0.06824145
913.29748736,0.06948670
913.54110138,0.06583396
913.78472408,0.06270008
914.02835547,0.06126805
914.27199552,0.06072844
914.51564426,0.05919263
914.75930166,0.06033411
915.00296774,0.05919263
915.24664247,0.06191142
915.49032588,0.06336422
915.73401794,0.06552265
915.97771866,0.06739053
916.22142803,0.07907512
916.46514606,0.08312219
916.70887274,0.08494856
916.95260806,0.07938644
917.19635202,0.08764660
917.44010463,0.08652587
917.68386588,0.09644637
917.92763576,0.09659165
918.17141427,0.10663667
918.41520141,0.11410817
918.65899718,0.10908566
918.90280158,0.11257236
919.14661459,0.11749110
919.39043623,0.12423620
919.63426648,0.12622860
919.87810534,0.13641890
920.12195281,0.14733560
920.36580890,0.14752238
920.60967358,0.15862587
920.85354687,0.16379366
921.09742876,0.16618038
921.34131924,0.16360687
921.58521832,0.16344083
921.82912599,0.14961856
922.07304225,0.14393191
922.31696709,0.13496611
922.56090052,0.13332653
922.80484252,0.12585503
923.04879310,0.12012688
923.29275226,0.10850454
923.53671999,0.10414616
923.78069629,0.09086349
924.02468115,0.09997458
924.26867458,0.08648436
924.51267656,0.08139959
924.75668711,0.07280736
925.00070621,0.07349225
925.24473386,0.06670564
925.48877006,0.06911312
925.73281481,0.06685092
925.97686810,0.05883981
926.22092994,0.06118503
926.46500031,0.05734551
926.70907921,0.05114001
926.95316665,0.04937590
927.19726262,0.04850423
927.44136712,0.04792311
927.68548014,0.04410435
927.92960168,0.04779859
928.17373175,0.04188365
928.41787032,0.03870826
928.66201741,0.03854223
928.90617302,0.03200466
929.15033713,0.02972170
929.39450974,0.02924436
929.63869086,0.02920285
929.88288047,0.02953492
930.12707859,0.03175561
930.37128520,0.03839695
930.61550029,0.02891229
930.85972388,0.03451592
931.10395595,0.03214994
931.34819651,0.03241975
931.59244554,0.03625927
931.83670306,0.03586494
932.08096904,0.04196667
932.32524350,0.04771557
932.56952643,0.04620052
932.81381782,0.05082870
933.05811768,0.04825518
933.30242600,0.05923414
933.54674278,0.05537386
933.79106801,0.06722449
934.03540169,0.06319818
934.27974382,0.06259631
934.52409440,0.06784712
934.76845343,0.07176966
935.01282089,0.06793013
935.25719680,0.07220549
935.50158114,0.07303566
935.74597391,0.06873955
935.99037511,0.07017159
936.23478474,0.07025460
936.47920279,0.06766033
936.72362927,0.07845250
936.96806417,0.06363402
937.21250748,0.06921689
937.45695920,0.06707921
937.70141934,0.06101900
937.94588788,0.06033411
938.19036483,0.06201520
938.43485019,0.06811692
938.67934394,0.06307366
938.92384608,0.06002279
939.16835663,0.05842472
939.41287556,0.05966997
939.65740288,0.06211897
939.90193859,0.05431540
940.14648268,0.05591347
940.39103515,0.05232300
940.63559600,0.05857000
940.88016523,0.05553989
941.12474282,0.05846623
941.36932879,0.05786436
941.61392312,0.05998129
941.85852581,0.06041712
942.10313687,0.05570593
942.34775628,0.05641157
942.59238405,0.05404559
942.83702017,0.05487576
943.08166464,0.05605875
943.32631746,0.05423238
943.57097862,0.05178339
943.81564813,0.05008155
944.06032597,0.05062116
944.30501215,0.05043437
944.54970666,0.05647383
944.79440950,0.04983250
945.03912067,0.04671937
945.28384016,0.05190791
945.52856798,0.04669862
945.77330412,0.04908535
946.01804857,0.04078368
946.26280133,0.03829318
946.50756241,0.04022331
946.75233179,0.03982899
946.99710948,0.03916485
947.24189548,0.04429113
947.48668977,0.04130253
947.73149236,0.04437415
947.97630324,0.04161384
948.22112242,0.03926862
948.46594988,0.04020256
948.71078563,0.03841770
948.95562966,0.04894007
949.20048198,0.04016105
949.44534257,0.03823091
949.69021144,0.04059689
949.93508857,0.04213270
950.17997398,0.03717245
950.42486766,0.03737999
950.66976959,0.04397982
950.91467979,0.04090820
951.15959825,0.04142706
951.40452496,0.04014030
951.64945993,0.03901957
951.89440314,0.04362700
952.13935461,0.03916485
952.38431431,0.03571966
952.62928226,0.03493100
952.87425845,0.03785734
953.11924287,0.04240250
953.36423553,0.04007804
953.60923642,0.03416310
953.85424553,0.03459893
954.09926287,0.03412159
954.34428843,0.03293860
954.58932222,0.03055187
954.83436421,0.03210843
955.07941443,0.02748025
955.32447285,0.02519729
955.56953948,0.02642179
955.81461432,0.02700291
956.05969736,0.02471995
956.30478860,0.01876350
956.54988803,0.02123325
956.79499567,0.01812012
957.04011149,0.02137853
957.28523550,0.01442588
957.53036770,0.01681261
957.77550808,0.01552585
958.02065664,0.01764278
958.26581338,0.01407306
958.51097830,0.01656356
958.75615139,0.01423909
959.00133264,0.01803711
959.24652207,0.01309761
959.49171965,0.02015403
959.73692540,0.01681261
959.98213931,0.01645979
960.22736137,0.01645979
960.47259159,0.02044459
960.71782995,0.05524934
960.96307647,0.02204266
961.20833112,0.02266529
961.45359392,0.02924436
961.69886486,0.02826891
961.94414394,0.03102922
962.18943115,0.02926511
962.43472648,0.03019905
962.68002995,0.03268955
962.92534154,0.03457818
963.17066126,0.03212919
963.41598909,0.03767055
963.66132504,0.03692340
963.90666911,0.03692340
964.15202128,0.03899882
964.39738157,0.04557789
964.64274996,0.04478923
964.88812645,0.04997778
965.13351104,0.04466471
965.37890374,0.04771557
965.62430452,0.05053814
965.86971340,0.05078719
966.11513036,0.05612101
966.36055542,0.05605875
966.60598855,0.05493802
966.85142977,0.05280034
967.09687907,0.04900233
967.34233644,0.05182490
967.58780188,0.05043437
967.83327539,0.04854574
968.07875697,0.05456445
968.32424661,0.06274159
968.56974432,0.05589271
968.81525008,0.05628704
969.06076390,0.05452294
969.30628577,0.05425314
969.55181570,0.05879830
969.79735367,0.06213972
970.04289968,0.05857000
970.28845374,0.06074919
970.53401583,0.06039637
970.77958597,0.06703771
971.02516413,0.05896433
971.27075033,0.06145483
971.51634455,0.05969073
971.76194680,0.06766033
972.00755708,0.06197369
972.25317537,0.06653961
972.49880168,0.06282461
972.74443600,0.06234726
972.99007834,0.06232651
973.23572868,0.06280385
973.48138703,0.05910961
973.72705338,0.05946243
973.97272774,0.05923414
974.21841009,0.06025109
974.46410043,0.05998129
974.70979877,0.06058316
974.95550510,0.05558140
975.20121941,0.05915112
975.44694171,0.05937942
975.69267199,0.05854925
975.93841024,0.05832095
976.18415647,0.06890558
976.42991068,0.06647734
976.67567285,0.06182841
976.92144299,0.05904735
977.16722110,0.05869453
977.41300717,0.06643583
977.65880119,0.06309441
977.90460317,0.05890207
978.15041311,0.06703771
978.39623099,0.06348874
978.64205683,0.06334346
978.88789061,0.06554340
979.13373233,0.06213972
979.37958199,0.05583045
979.62543958,0.05072493
979.87130511,0.05296638
980.11717857,0.05373428
980.36305996,0.04748728
980.60894928,0.04433264
980.85484651,0.04310814
981.10075167,0.04408359
981.34666475,0.03933089
981.59258573,0.04109499
981.83851463,0.03605173
982.08445144,0.03881203
982.33039616,0.03466120
982.57634878,0.03540835
982.82230930,0.03638379
983.06827771,0.03856298
983.31425403,0.03764980
983.56023823,0.03775357
983.80623032,0.04024407
984.05223031,0.03511779
984.29823817,0.03814790
984.54425391,0.03594796
984.79027754,0.03038584
985.03630904,0.03675737
985.28234841,0.03746301
985.52839565,0.04202893
985.77445076,0.03644606
986.02051374,0.04487225
986.26658457,0.03684038
986.51266327,0.04966646
986.75874982,0.04443641
987.00484422,0.04503828
987.25094647,0.04763255
987.49705658,0.04871177
987.74317452,0.04537035
987.98930031,0.04603448
988.23543394,0.04829669
988.48157541,0.04580619
988.72772471,0.04674012
988.97388184,0.05309090
989.22004680,0.04603448
989.46621959,0.05176263
989.71240020,0.04586845
989.95858862,0.04877403
990.20478487,0.04285909
990.45098893,0.05280034
990.69720080,0.04395907
990.94342048,0.04371002
991.18964797,0.04142706
991.43588326,0.04007804
991.68212635,0.03640455
991.92837724,0.03914410
992.17463593,0.03837619
992.42090240,0.03625927
992.66717667,0.03397631
992.91345872,0.03424611
993.15974856,0.02924436
993.40604618,0.03167260
993.65235158,0.02768779
993.89866475,0.03026131
994.14498570,0.03123676
994.39131441,0.02984623
994.63765090,0.03202542
994.88399515,0.02882927
995.13034716,0.03098771
995.37670693,0.03075941
995.62307445,0.02887078
995.86944973,0.02521805
996.11583276,0.02642179
996.36222354,0.02947265
996.60862206,0.02646330
996.85502833,0.02874626
997.10144233,0.02492749
997.34786408,0.02183512
997.59429355,0.02318414
997.84073076,0.02241624
998.08717570,0.01554660
998.33362836,0.01805786
998.58008875,0.01623149
998.82655685,0.01909557
999.07303267,0.02403506
999.31951621,0.01913708
999.56600746,0.01311837
999.81250642,0.01552585
1000.05901309,0.01255800
1000.30552746,0.01442588
1000.55204953,0.01145803
1000.79857929,0.01550510
1001.04511676,0.01633526
1001.29166191,0.01782956
1001.53821476,0.01031655
1001.78477529,0.01506926
1002.03134351,0.01484096
1002.27791941,0.01652205
1002.52450299,0.01531831
1002.77109424,0.01747674
1003.01769317,0.01446739
1003.26429976,0.01494473
1003.51091403,0.01307686
1003.75753596,0.01693713
1004.00416555,0.01318063
1004.25080280,0.02168984
1004.49744771,0.01546359
1004.74410027,0.01506926
1004.99076048,0.01413532
1005.23742834,0.01484096
1005.48410384,0.01857671
1005.73078699,0.01571264
1005.97747778,0.01818238
1006.22417620,0.01664658
1006.47088226,0.01631451
1006.71759595,0.01907481
1006.96431727,0.02106721
1007.21104622,0.01838993
1007.45778279,0.02063138
1007.70452698,0.01569188
1007.95127879,0.02046534
1008.19803821,0.02061062
1008.44480524,0.02407657
1008.69157988,0.02115023
1008.93836213,0.02198040
1009.18515199,0.01598244
1009.43194944,0.01932386
1009.67875450,0.01973895
1009.92556715,0.01857671
1010.17238739,0.02208417
1010.41921522,0.02142004
1010.66605064,0.02160682
1010.91289364,0.02061062
1011.15974422,0.01849370
1011.40660239,0.02129551
1011.65346813,0.01934462
1011.90034144,0.02673310
1012.14722232,0.02216719
1012.39411078,0.02073515
1012.64100679,0.02252001
1012.88791037,0.02227096
1013.13482151,0.01928236
1013.38174020,0.02303886
1013.62866645,0.02727271
1013.87560025,0.02779157
1014.12254160,0.02552936
1014.36949049,0.02739724
1014.61644693,0.02860098
1014.86341091,0.02538408
1015.11038242,0.02403506
1015.35736147,0.02611048
1015.60434805,0.02461618
1015.85134216,0.02129551
1016.09834379,0.02002951
1016.34535295,0.02339168
1016.59236963,0.02268604
1016.83939383,0.02063138
1017.08642554,0.02181436
1017.33346476,0.01868048
1017.58051150,0.01942763
1017.82756574,0.01550510
1018.07462748,0.01542208
1018.32169673,0.01820314
1018.56877347,0.01434286
1018.81585771,0.01998800
1019.06294945,0.01513152
1019.31004867,0.00929960
1019.55715538,0.00863547
1019.80426957,0.01548434
1020.05139125,0.01957291
1020.29852041,0.01652205
1020.54565704,0.01095993
1020.79280114,0.01272404
1021.03995272,0.00724494
1021.28711177,0.01515228
1021.53427828,0.01239197
1021.78145225,0.01425985
1022.02863368,0.01060711
1022.27582257,0.00915432
1022.52301891,0.01579565
1022.77022270,0.01222594
1023.01743395,0.01054485
1023.26465263,0.01193538
1023.51187876,0.00431860
1023.75911234,0.00959016
1024.00635335,0.00724494
1024.25360179,0.00873924
1024.50085766,0.00832415
1024.74812097,0.00811661
1024.99539170,0.00761851
1025.24266985,0.00803359
1025.48995543,0.00548083
1025.73724842,0.00639401
1025.98454883,0.00720343
1026.23185665,0.00326013
1026.47917188,0.00336391
1026.72649452,0.00680910
1026.97382456,0.00703739
1027.22116200,0.00431860
1027.46850685,0.00342617
1027.71585908,0.00512801
1027.96321872,0.00606195
1028.21058574,0.00242997
1028.45796014,-0.01280359
1028.70534194,-0.01296963
1028.95273111,-0.01363376
1029.20012767,-0.01226399
1029.44753160,-0.01413186
1029.69494290,-0.01205644
